105.000 0.027
110.000 2.023
115.000 4.951
120.000 5.944
125.000 6.314
130.000 7.152
135.000 8.019
140.000 8.251
145.000 9.092
150.000 9.374
155.000 10.004
160.000 10.173
165.000 10.098
170.000 10.120
175.000 9.995
180.000 9.832
185.000 9.728
190.000 9.773
195.000 9.896
200.000 10.138
205.000 10.007
210.000 10.089
215.000 9.744
220.000 10.006
225.000 10.224
230.000 10.325
235.000 9.823
240.000 10.210
245.000 9.815
250.000 9.778
255.000 9.934
260.000 10.085
265.000 10.023
270.000 10.408
275.000 10.059
280.000 10.560
285.000 10.369
290.000 10.159
295.000 10.511
300.000 10.693
305.000 10.853
310.000 10.805
315.000 10.905
320.000 11.268
325.000 11.154
330.000 11.682
335.000 11.808
340.000 12.449
345.000 12.966
350.000 13.462
355.000 14.264
360.000 14.691
365.000 15.643
370.000 16.597
375.000 17.164
380.000 18.142
385.000 18.649
390.000 19.672
395.000 20.772
400.000 21.293
405.000 22.525
410.000 22.965
415.000 23.906
420.000 24.760
425.000 25.046
430.000 25.612
435.000 25.703
440.000 25.902
445.000 25.745
450.000 25.489
455.000 24.799
460.000 24.410
465.000 23.458
470.000 22.339
475.000 21.839
480.000 20.744
485.000 20.253
490.000 19.189
495.000 18.150
500.000 17.560
505.000 16.474
510.000 15.907
515.000 14.631
520.000 13.382
525.000 12.785
530.000 11.587
535.000 11.059
540.000 10.107
545.000 9.261
550.000 8.894
555.000 8.207
560.000 7.889
565.000 7.287
570.000 6.763
575.000 6.570
580.000 6.255
585.000 5.995
590.000 5.328
595.000 4.822
600.000 4.578
605.000 4.141
610.000 3.984
615.000 3.632
620.000 3.311
625.000 3.159
630.000 2.981
635.000 2.891
640.000 2.752
645.000 2.595
650.000 2.500
655.000 2.407
660.000 2.362
665.000 2.255
670.000 2.170
675.000 2.135
680.000 2.073
685.000 2.036
690.000 1.994
695.000 1.937
700.000 1.913
705.000 1.868
710.000 1.848
715.000 1.806
720.000 1.774
725.000 1.769
730.000 1.741
735.000 1.722
740.000 1.700
745.000 1.680
750.000 1.666
755.000 1.641
760.000 1.638
765.000 1.616
770.000 1.607
775.000 1.600
780.000 1.583
785.000 1.578
790.000 1.552
795.000 1.535
800.000 1.534
805.000 1.531
810.000 1.538
815.000 1.574
820.000 1.602
825.000 1.607
830.000 1.613
835.000 1.627
840.000 1.640
845.000 1.660
850.000 1.662
855.000 1.692
860.000 1.702
865.000 1.730
870.000 1.762
875.000 1.780
880.000 1.820
885.000 1.851
890.000 1.903
895.000 1.936
900.000 2.013
905.000 2.104
910.000 2.153
915.000 2.279
920.000 2.345
925.000 2.513
930.000 2.678
935.000 2.767
940.000 2.978
945.000 3.087
950.000 3.338
955.000 3.619
960.000 3.733
965.000 3.906
970.000 3.938
975.000 3.932
980.000 3.732
985.000 3.580
990.000 3.221
995.000 3.008
1000.000 2.637
1005.000 2.304
1010.000 2.155
1015.000 1.866
1020.000 1.737
1025.000 1.568
1030.000 1.360
1035.000 2.384
1040.000 2.084
1045.000 1.831
1050.000 1.497
1055.000 1.233
1060.000 1.137
1065.000 0.963
1070.000 0.907
1075.000 0.797
1080.000 0.703
1085.000 0.701
1090.000 0.631
1095.000 0.605
1100.000 0.560
1105.000 0.525
1110.000 0.508
1115.000 0.483
1120.000 0.471
1125.000 0.456
1130.000 0.440
1135.000 0.434
1140.000 0.423
1145.000 0.423
1150.000 0.416
1155.000 0.413
1160.000 0.410
1165.000 0.405
1170.000 0.403
1175.000 0.400
1180.000 0.396
1185.000 0.396
1190.000 0.393
1195.000 0.392
1200.000 0.392
1205.000 0.392
1210.000 0.393
1215.000 0.395
1220.000 0.396
1225.000 0.396
1230.000 0.396
1235.000 0.396
1240.000 0.397
1245.000 0.397
1250.000 0.401
1255.000 0.402
1260.000 0.403
1265.000 0.407
1270.000 0.409
1275.000 0.412
1280.000 0.418
1285.000 0.420
1290.000 0.423
1295.000 0.425
1300.000 0.433
1305.000 0.436
1310.000 0.438
1315.000 0.445
1320.000 0.455
1325.000 0.455
1330.000 0.461
1335.000 0.463
1340.000 0.470
1345.000 0.474
1350.000 0.483
1355.000 0.491
1360.000 0.494
1365.000 0.501
1370.000 0.501
1375.000 0.509
1380.000 0.514
1385.000 0.515
1390.000 0.518
1395.000 0.520
1400.000 0.527
1405.000 0.533
1410.000 0.535
1415.000 0.542
1420.000 0.542
1425.000 0.549
1430.000 0.555
1435.000 0.560
1440.000 0.567
1445.000 0.568
1450.000 0.577
1455.000 0.585
1460.000 0.589
1465.000 0.599
1470.000 0.599
1475.000 0.609
1480.000 0.616
1485.000 0.622
1490.000 0.630
1495.000 0.635
1500.000 0.642
1505.000 0.646
1510.000 0.658
1515.000 0.669
1520.000 0.678
1525.000 0.695
1530.000 0.698
1535.000 0.705
1540.000 0.729
1545.000 0.732
1550.000 0.745
1555.000 0.745
1560.000 0.754
1565.000 0.775
1570.000 0.782
1575.000 0.789
1580.000 0.788
1585.000 0.800
1590.000 0.811
1595.000 0.824
1600.000 0.837
1605.000 0.845
1610.000 0.861
1615.000 0.873
1620.000 0.878
1625.000 0.883
1630.000 0.881
1635.000 0.891
1640.000 0.889
1645.000 0.888
1650.000 0.893
1655.000 0.906
1660.000 0.918
1665.000 0.951
1670.000 0.970
1675.000 1.026
1680.000 1.063
1685.000 1.156
1690.000 1.282
1695.000 1.353
1700.000 1.532
1705.000 1.628
1710.000 1.849
1715.000 2.087
1720.000 2.204
1725.000 2.467
1730.000 2.595
1735.000 2.846
1740.000 3.100
1745.000 3.228
1750.000 3.499
1755.000 3.625
1760.000 3.905
1765.000 4.195
1770.000 4.373
1775.000 4.697
1780.000 4.876
1785.000 5.264
1790.000 5.657
1795.000 5.868
1800.000 6.326
1805.000 6.585
1810.000 7.153
1815.000 7.825
1820.000 8.184
1825.000 8.998
1830.000 9.453
1835.000 10.487
1840.000 11.646
1845.000 12.280
1850.000 13.655
1855.000 14.381
1860.000 16.029
1865.000 17.321
1870.000 17.926
1875.000 18.770
1880.000 18.970
1885.000 18.799
1890.000 17.719
1895.000 16.948
1900.000 15.183
1905.000 14.339
1910.000 12.756
1915.000 11.291
1920.000 10.650
1925.000 9.583
1930.000 9.125
1935.000 8.374
1940.000 7.882
1945.000 7.663
1950.000 7.251
1955.000 7.062
1960.000 6.696
1965.000 6.368
1970.000 6.207
1975.000 5.931
1980.000 5.797
1985.000 5.531
1990.000 5.308
1995.000 5.168
2000.000 4.970
2005.000 4.872
2010.000 4.692
2015.000 4.519
2020.000 4.450
2025.000 4.281
2030.000 4.219
2035.000 4.057
2040.000 3.927
2045.000 3.857
2050.000 3.718
2055.000 3.668
2060.000 3.553
2065.000 3.444
2070.000 3.389
2075.000 3.283
2080.000 3.231
2085.000 3.120
2090.000 3.075
2095.000 2.981
2100.000 2.894
2105.000 2.851
2110.000 2.759
2115.000 2.716
2120.000 2.628
2125.000 2.541
2130.000 2.497
2135.000 2.410
2140.000 2.372
2145.000 2.298
2150.000 2.228
2155.000 2.195
2160.000 2.129
2165.000 2.094
2170.000 2.034
2175.000 1.975
2180.000 1.944
2185.000 1.890
2190.000 1.867
2195.000 1.813
2200.000 1.748
2205.000 1.712
2210.000 1.641
2215.000 1.609
2220.000 1.543
2225.000 1.482
2230.000 1.456
2235.000 1.400
2240.000 1.374
2245.000 1.330
2250.000 1.285
2255.000 1.263
2260.000 1.218
2265.000 1.196
2270.000 1.164
2275.000 1.127
2280.000 1.112
2285.000 1.082
2290.000 1.067
2295.000 1.035
2300.000 1.005
2305.000 0.993
2310.000 0.969
2315.000 0.957
2320.000 0.930
2325.000 0.907
2330.000 0.898
2335.000 0.878
2340.000 0.866
2345.000 0.843
2350.000 0.824
2355.000 0.817
2360.000 0.800
2365.000 0.792
2370.000 0.773
2375.000 0.757
2380.000 0.750
2385.000 0.734
2390.000 0.728
2395.000 0.714
2400.000 0.700
2405.000 0.692
2410.000 0.679
2415.000 0.669
2420.000 0.661
2425.000 0.651
2430.000 0.644
2435.000 0.634
2440.000 0.629
2445.000 0.620
2450.000 0.612
2455.000 0.606
2460.000 0.597
2465.000 0.591
2470.000 0.585
2475.000 0.576
2480.000 0.572
2485.000 0.566
2490.000 0.562
2495.000 0.554
2500.000 0.548
2505.000 0.542
2510.000 0.536
2515.000 0.533
2520.000 0.530
2525.000 0.521
2530.000 0.519
2535.000 0.514
2540.000 0.509
2545.000 0.503
2550.000 0.499
2555.000 0.494
2560.000 0.490
2565.000 0.488
2570.000 0.483
2575.000 0.478
2580.000 0.476
2585.000 0.472
2590.000 0.470
2595.000 0.466
2600.000 0.464
2605.000 0.459
2610.000 0.457
2615.000 0.456
2620.000 0.450
2625.000 0.449
2630.000 0.446
2635.000 0.442
2640.000 0.442
2645.000 0.439
2650.000 0.435
2655.000 0.435
2660.000 0.432
2665.000 0.430
2670.000 0.429
2675.000 0.425
2680.000 0.426
2685.000 0.423
2690.000 0.423
2695.000 0.420
2700.000 0.419
2705.000 0.417
2710.000 0.415
2715.000 0.414
2720.000 0.412
2725.000 0.412
2730.000 0.411
2735.000 0.407
2740.000 0.409
2745.000 0.407
2750.000 0.408
2755.000 0.407
2760.000 0.404
2765.000 0.405
2770.000 0.407
2775.000 0.406
2780.000 0.404
2785.000 0.403
2790.000 0.401
2795.000 0.399
2800.000 0.400
2805.000 0.402
2810.000 0.398
2815.000 0.397
2820.000 0.398
2825.000 0.397
2830.000 0.398
2835.000 0.399
2840.000 0.400
2845.000 0.401
2850.000 0.399
2855.000 0.399
2860.000 0.400
2865.000 0.401
2870.000 0.400
2875.000 0.401
2880.000 0.404
2885.000 0.402
2890.000 0.403
2895.000 0.404
2900.000 0.406
2905.000 0.405
2910.000 0.407
2915.000 0.407
2920.000 0.411
2925.000 0.411
2930.000 0.413
2935.000 0.415
2940.000 0.415
2945.000 0.416
2950.000 0.416
2955.000 0.423
2960.000 0.426
2965.000 0.421
2970.000 0.425
2975.000 0.427
2980.000 0.425
2985.000 0.432
2990.000 0.439
2995.000 0.441
3000.000 0.433
3005.000 0.446
3010.000 0.450
3015.000 0.451
3020.000 0.446
3025.000 0.458
3030.000 0.463
3035.000 0.456
3040.000 0.459
3045.000 0.464
3050.000 0.469
3055.000 0.475
3060.000 0.482
3065.000 0.489
3070.000 0.488
3075.000 0.491
3080.000 0.497
3085.000 0.505
3090.000 0.509
3095.000 0.518
3100.000 0.519
3105.000 0.530
3110.000 0.540
3115.000 0.546
3120.000 0.555
3125.000 0.560
3130.000 0.569
3135.000 0.583
3140.000 0.590
3145.000 0.603
3150.000 0.608
3155.000 0.623
3160.000 0.641
3165.000 0.652
3170.000 0.672
3175.000 0.677
3180.000 0.701
3185.000 0.723
3190.000 0.735
3195.000 0.760
3200.000 0.777
3205.000 0.812
3210.000 0.845
3215.000 0.863
3220.000 0.902
3225.000 0.920
3230.000 0.948
3235.000 0.979
3240.000 0.997
3245.000 1.037
3250.000 1.053
3255.000 1.097
3260.000 1.141
3265.000 1.167
3270.000 1.221
3275.000 1.252
3280.000 1.314
3285.000 1.353
3290.000 1.426
3295.000 1.506
3300.000 1.552
3305.000 1.652
3310.000 1.711
3315.000 1.844
3320.000 2.000
3325.000 2.098
3330.000 2.317
3335.000 2.448
3340.000 2.764
3345.000 3.170
3350.000 3.420
3355.000 4.025
3360.000 4.382
3365.000 5.224
3370.000 6.214
3375.000 6.730
3380.000 7.868
3385.000 8.158
3390.000 8.260
3395.000 7.596
3400.000 7.092
3405.000 5.979
3410.000 5.441
3415.000 4.500
3420.000 3.771
3425.000 3.474
3430.000 3.056
3435.000 2.898
3440.000 2.630
3445.000 2.402
3450.000 2.303
3455.000 2.120
3460.000 2.044
3465.000 1.902
3470.000 1.781
3475.000 1.725
3480.000 1.621
3485.000 1.577
3490.000 1.495
3495.000 1.421
3500.000 1.388
3505.000 1.333
3510.000 1.300
3515.000 1.252
3520.000 1.205
3525.000 1.185
3530.000 1.143
3535.000 1.122
3540.000 1.087
3545.000 1.055
3550.000 1.036
3555.000 1.012
3560.000 1.001
3565.000 0.973
3570.000 0.961
3575.000 0.938
3580.000 0.914
3585.000 0.906
3590.000 0.883
3595.000 0.874
3600.000 0.853
3605.000 0.834
3610.000 0.827
3615.000 0.810
3620.000 0.804
3625.000 0.792
3630.000 0.779
3635.000 0.775
3640.000 0.768
3645.000 0.763
3650.000 0.757
3655.000 0.750
3660.000 0.748
3665.000 0.746
3670.000 0.741
3675.000 0.739
3680.000 0.737
3685.000 0.742
3690.000 0.744
3695.000 0.740
3700.000 0.736
3705.000 0.736
3710.000 0.735
3715.000 0.737
3720.000 0.739
3725.000 0.742
3730.000 0.745
3735.000 0.748
3740.000 0.755
3745.000 0.757
3750.000 0.765
3755.000 0.775
3760.000 0.777
3765.000 0.786
3770.000 0.794
3775.000 0.807
3780.000 0.818
3785.000 0.828
3790.000 0.842
3795.000 0.848
3800.000 0.866
3805.000 0.889
3810.000 0.897
3815.000 0.910
3820.000 0.921
3825.000 0.942
3830.000 0.963
3835.000 0.973
3840.000 0.996
3845.000 1.007
3850.000 1.037
3855.000 1.067
3860.000 1.080
3865.000 1.115
3870.000 1.134
3875.000 1.172
3880.000 1.215
3885.000 1.237
3890.000 1.291
3895.000 1.319
3900.000 1.376
3905.000 1.442
3910.000 1.482
3915.000 1.556
3920.000 1.599
3925.000 1.694
3930.000 1.802
3935.000 1.861
3940.000 1.986
3945.000 2.060
3950.000 2.240
3955.000 2.462
3960.000 2.602
3965.000 2.909
3970.000 3.103
3975.000 3.547
3980.000 4.118
3985.000 4.452
3990.000 5.211
3995.000 5.616
4000.000 6.366
4005.000 6.782
4010.000 6.835
4015.000 6.413
4020.000 6.032
4025.000 5.190
4030.000 4.382
4035.000 4.042
4040.000 3.475
4045.000 3.266
4050.000 2.915
4055.000 2.630
4060.000 2.506
4065.000 2.277
4070.000 2.175
4075.000 2.015
4080.000 1.861
4085.000 1.794
4090.000 1.675
4095.000 1.616
4100.000 1.513
4105.000 1.421
4110.000 1.386
4115.000 1.315
4120.000 1.276
4125.000 1.224
4130.000 1.168
4135.000 1.141
4140.000 1.091
4145.000 1.070
4150.000 1.023
4155.000 0.982
4160.000 0.964
4165.000 0.924
4170.000 0.912
4175.000 0.879
4180.000 0.862
4185.000 0.833
4190.000 0.806
4195.000 0.789
4200.000 0.761
4205.000 0.748
4210.000 0.724
4215.000 0.706
4220.000 0.697
4225.000 0.679
4230.000 0.669
4235.000 0.656
4240.000 0.639
4245.000 0.629
4250.000 0.614
4255.000 0.616
4260.000 0.608
4265.000 0.587
4270.000 0.575
4275.000 0.558
4280.000 0.548
4285.000 0.527
4290.000 0.511
4295.000 0.502
4300.000 0.490
4305.000 0.483
4310.000 0.472
4315.000 0.463
4320.000 0.461
4325.000 0.454
4330.000 0.456
4335.000 0.450
4340.000 0.449
4345.000 0.450
4350.000 0.448
4355.000 0.447
4360.000 0.448
4365.000 0.447
4370.000 0.448
4375.000 0.449
4380.000 0.445
4385.000 0.446
4390.000 0.448
4395.000 0.448
4400.000 0.452
4405.000 0.452
4410.000 0.453
4415.000 0.454
4420.000 0.452
4425.000 0.456
4430.000 0.462
4435.000 0.464
4440.000 0.493
4445.000 0.491
4450.000 0.487
4455.000 0.484
4460.000 0.480
4465.000 0.476
4470.000 0.476
4475.000 0.476
4480.000 0.477
4485.000 0.474
4490.000 0.479
4495.000 0.480
4500.000 0.480
4505.000 0.482
4510.000 0.487
4515.000 0.493
4520.000 0.493
4525.000 0.496
4530.000 0.498
4535.000 0.505
4540.000 0.511
4545.000 0.514
4550.000 0.518
4555.000 0.523
4560.000 0.527
4565.000 0.540
4570.000 0.542
4575.000 0.554
4580.000 0.555
4585.000 0.564
4590.000 0.575
4595.000 0.579
4600.000 0.593
4605.000 0.602
4610.000 0.612
4615.000 0.625
4620.000 0.635
4625.000 0.655
4630.000 0.660
4635.000 0.680
4640.000 0.705
4645.000 0.717
4650.000 0.764
4655.000 0.781
4660.000 0.797
4665.000 0.816
4670.000 0.825
4675.000 0.850
4680.000 0.862
4685.000 0.898
4690.000 0.929
4695.000 0.946
4700.000 0.975
4705.000 0.998
4710.000 1.041
4715.000 1.091
4720.000 1.120
4725.000 1.171
4730.000 1.206
4735.000 1.272
4740.000 1.369
4745.000 1.413
4750.000 1.513
4755.000 1.578
4760.000 1.726
4765.000 1.814
4770.000 2.016
4775.000 2.226
4780.000 2.318
4785.000 2.407
4790.000 2.384
4795.000 2.184
4800.000 1.889
4805.000 1.725
4810.000 1.408
4815.000 1.262
4820.000 1.025
4825.000 0.834
4830.000 0.755
4835.000 0.627
4840.000 0.576
4845.000 0.485
4850.000 0.414
4855.000 0.382
4860.000 0.335
4865.000 0.316
4870.000 0.281
4875.000 0.249
4880.000 0.234
4885.000 0.212
4890.000 0.202
4895.000 0.186
4900.000 0.172
4905.000 0.166
4910.000 0.159
4915.000 0.153
4920.000 0.148
4925.000 0.145
4930.000 0.141
4935.000 0.138
4940.000 0.137
4945.000 0.136
4950.000 0.134
4955.000 0.130
4960.000 0.133
4965.000 0.128
4970.000 0.132
4975.000 0.126
4980.000 0.123
4985.000 0.131
4990.000 0.130
4995.000 0.131
5000.000 0.123
5005.000 0.129
5010.000 0.130
5015.000 0.132
5020.000 0.122
5025.000 0.128
5030.000 0.128
5035.000 0.130
5040.000 0.132
5045.000 0.133
5050.000 0.129
5055.000 0.132
5060.000 0.131
5065.000 0.129
5070.000 0.135
5075.000 0.138
5080.000 0.136
5085.000 0.137
5090.000 0.140
5095.000 0.143
5100.000 0.145
5105.000 0.151
5110.000 0.154
5115.000 0.158
5120.000 0.162
5125.000 0.169
5130.000 0.174
5135.000 0.178
5140.000 0.183
5145.000 0.189
5150.000 0.197
5155.000 0.200
5160.000 0.210
5165.000 0.211
5170.000 0.215
5175.000 0.221
5180.000 0.222
5185.000 0.226
5190.000 0.229
5195.000 0.230
5200.000 0.234
5205.000 0.239
5210.000 0.238
5215.000 0.242
5220.000 0.244
5225.000 0.247
5230.000 0.249
5235.000 0.250
5240.000 0.251
5245.000 0.255
5250.000 0.257
5255.000 0.257
5260.000 0.261
5265.000 0.260
5270.000 0.265
5275.000 0.269
5280.000 0.268
5285.000 0.266
5290.000 0.268
5295.000 0.268
5300.000 0.270
5305.000 0.272
5310.000 0.272
5315.000 0.271
5320.000 0.272
5325.000 0.273
5330.000 0.275
5335.000 0.276
5340.000 0.278
5345.000 0.276
5350.000 0.278
5355.000 0.278
5360.000 0.281
5365.000 0.279
5370.000 0.282
5375.000 0.277
5380.000 0.282
5385.000 0.281
5390.000 0.282
5395.000 0.284
5400.000 0.285
5405.000 0.283
5410.000 0.285
5415.000 0.283
5420.000 0.282
5425.000 0.285
5430.000 0.287
5435.000 0.285
5440.000 0.286
5445.000 0.286
5450.000 0.288
5455.000 0.295
5460.000 0.294
5465.000 0.296
5470.000 0.294
5475.000 0.294
5480.000 0.290
5485.000 0.292
5490.000 0.290
5495.000 0.293
5500.000 0.291
5505.000 0.293
5510.000 0.292
5515.000 0.292
5520.000 0.304
5525.000 0.303
5530.000 0.303
5535.000 0.297
5540.000 0.297
5545.000 0.299
5550.000 0.301
5555.000 0.321
5560.000 0.345
5565.000 0.340
5570.000 0.331
5575.000 0.329
5580.000 0.320
5585.000 0.313
5590.000 0.313
5595.000 0.308
5600.000 0.305
5605.000 0.305
5610.000 0.302
5615.000 0.302
5620.000 0.302
5625.000 0.302
5630.000 0.298
5635.000 0.296
5640.000 0.298
5645.000 0.299
5650.000 0.302
5655.000 0.299
5660.000 0.299
5665.000 0.300
5670.000 0.302
5675.000 0.304
5680.000 0.302
5685.000 0.305
5690.000 0.306
5695.000 0.306
5700.000 0.304
5705.000 0.307
5710.000 0.304
5715.000 0.304
5720.000 0.302
5725.000 0.305
5730.000 0.307
5735.000 0.310
5740.000 0.307
5745.000 0.309
5750.000 0.311
5755.000 0.308
5760.000 0.310
5765.000 0.310
5770.000 0.311
5775.000 0.315
5780.000 0.316
5785.000 0.315
5790.000 0.312
5795.000 0.314
5800.000 0.315
5805.000 0.319
5810.000 0.316
5815.000 0.316
5820.000 0.314
5825.000 0.314
5830.000 0.317
5835.000 0.316
5840.000 0.317
5845.000 0.314
5850.000 0.315
5855.000 0.316
5860.000 0.317
5865.000 0.314
5870.000 0.317
5875.000 0.315
5880.000 0.318
5885.000 0.316
5890.000 0.322
5895.000 0.319
5900.000 0.320
5905.000 0.320
5910.000 0.324
5915.000 0.324
5920.000 0.320
5925.000 0.322
5930.000 0.324
5935.000 0.321
5940.000 0.323
5945.000 0.331
5950.000 0.328
5955.000 0.325
5960.000 0.326
5965.000 0.328
5970.000 0.329
5975.000 0.331
5980.000 0.335
5985.000 0.335
5990.000 0.325
5995.000 0.328
6000.000 0.334
6005.000 0.333
6010.000 0.327
6015.000 0.336
6020.000 0.334
6025.000 0.331
6030.000 0.335
6035.000 0.331
6040.000 0.347
6045.000 0.340
6050.000 0.331
6055.000 0.340
6060.000 0.338
6065.000 0.337
6070.000 0.338
6075.000 0.335
6080.000 0.338
6085.000 0.339
6090.000 0.341
6095.000 0.339
6100.000 0.343
6105.000 0.340
6110.000 0.342
6115.000 0.342
6120.000 0.344
6125.000 0.344
6130.000 0.347
6135.000 0.347
6140.000 0.347
6145.000 0.345
6150.000 0.348
6155.000 0.353
6160.000 0.353
6165.000 0.349
6170.000 0.352
6175.000 0.353
6180.000 0.353
6185.000 0.356
6190.000 0.356
6195.000 0.356
6200.000 0.355
6205.000 0.362
6210.000 0.359
6215.000 0.359
6220.000 0.358
6225.000 0.359
6230.000 0.367
6235.000 0.364
6240.000 0.365
6245.000 0.370
6250.000 0.370
6255.000 0.369
6260.000 0.369
6265.000 0.374
6270.000 0.377
6275.000 0.378
6280.000 0.381
6285.000 0.379
6290.000 0.381
6295.000 0.382
6300.000 0.389
6305.000 0.391
6310.000 0.395
6315.000 0.408
6320.000 0.404
6325.000 0.402
6330.000 0.402
6335.000 0.403
6340.000 0.406
6345.000 0.407
6350.000 0.406
6355.000 0.416
6360.000 0.417
6365.000 0.422
6370.000 0.419
6375.000 0.421
6380.000 0.427
6385.000 0.430
6390.000 0.432
6395.000 0.439
6400.000 0.436
6405.000 0.446
6410.000 0.446
6415.000 0.452
6420.000 0.452
6425.000 0.457
6430.000 0.465
6435.000 0.468
6440.000 0.478
6445.000 0.483
6450.000 0.488
6455.000 0.496
6460.000 0.502
6465.000 0.507
6470.000 0.513
6475.000 0.517
6480.000 0.527
6485.000 0.533
6490.000 0.544
6495.000 0.552
6500.000 0.561
6505.000 0.571
6510.000 0.582
6515.000 0.593
6520.000 0.610
6525.000 0.616
6530.000 0.632
6535.000 0.639
6540.000 0.660
6545.000 0.669
6550.000 0.689
6555.000 0.705
6560.000 0.717
6565.000 0.743
6570.000 0.756
6575.000 0.785
6580.000 0.816
6585.000 0.836
6590.000 0.872
6595.000 0.889
6600.000 0.928
6605.000 0.975
6610.000 0.996
6615.000 1.054
6620.000 1.077
6625.000 1.149
6630.000 1.215
6635.000 1.258
6640.000 1.341
6645.000 1.393
6650.000 1.507
6655.000 1.653
6660.000 1.737
6665.000 1.935
6670.000 2.052
6675.000 2.343
6680.000 2.725
6685.000 2.968
6690.000 3.571
6695.000 3.955
6700.000 4.911
6705.000 6.137
6710.000 6.827
6715.000 8.246
6720.000 8.870
6725.000 9.660
6730.000 9.540
6735.000 8.982
6740.000 7.389
6745.000 6.583
6750.000 5.180
6755.000 4.133
6760.000 3.734
6765.000 3.123
6770.000 2.896
6775.000 2.522
6780.000 2.255
6785.000 2.160
6790.000 2.002
6795.000 1.932
6800.000 1.813
6805.000 1.706
6810.000 1.653
6815.000 1.566
6820.000 1.528
6825.000 1.456
6830.000 1.396
6835.000 1.369
6840.000 1.313
6845.000 1.289
6850.000 1.249
6855.000 1.230
6860.000 1.196
6865.000 1.170
6870.000 1.149
6875.000 1.124
6880.000 1.111
6885.000 1.085
6890.000 1.066
6895.000 1.056
6900.000 1.037
6905.000 1.032
6910.000 1.019
6915.000 1.005
6920.000 0.996
6925.000 0.992
6930.000 0.991
6935.000 0.982
6940.000 0.978
6945.000 0.975
6950.000 0.969
6955.000 0.971
6960.000 0.979
6965.000 0.978
6970.000 0.982
6975.000 0.988
6980.000 0.990
6985.000 0.991
6990.000 0.994
6995.000 0.994
7000.000 1.010
7005.000 1.005
7010.000 1.016
7015.000 1.030
7020.000 1.051
7025.000 1.054
7030.000 1.074
7035.000 1.081
7040.000 1.109
7045.000 1.123
7050.000 1.142
7055.000 1.167
7060.000 1.197
7065.000 1.236
7070.000 1.254
7075.000 1.298
7080.000 1.323
7085.000 1.368
7090.000 1.423
7095.000 1.461
7100.000 1.529
7105.000 1.569
7110.000 1.648
7115.000 1.748
7120.000 1.800
7125.000 1.919
7130.000 1.989
7135.000 2.164
7140.000 2.358
7145.000 2.478
7150.000 2.756
7155.000 2.928
7160.000 3.334
7165.000 3.855
7170.000 4.160
7175.000 4.868
7180.000 5.266
7185.000 6.057
7190.000 6.698
7195.000 6.899
7200.000 6.932
7205.000 6.699
7210.000 5.917
7215.000 5.024
7220.000 4.611
7225.000 3.929
7230.000 3.650
7235.000 3.194
7240.000 2.875
7245.000 2.735
7250.000 2.491
7255.000 2.390
7260.000 2.202
7265.000 2.032
7270.000 1.961
7275.000 1.832
7280.000 1.773
7285.000 1.665
7290.000 1.575
7295.000 1.526
7300.000 1.451
7305.000 1.416
7310.000 1.357
7315.000 1.297
7320.000 1.278
7325.000 1.228
7330.000 1.201
7335.000 1.167
7340.000 1.124
7345.000 1.109
7350.000 1.088
7355.000 1.081
7360.000 1.077
7365.000 1.047
7370.000 1.031
7375.000 0.984
7380.000 0.966
7385.000 0.942
7390.000 0.918
7395.000 0.914
7400.000 0.888
7405.000 0.880
7410.000 0.865
7415.000 0.851
7420.000 0.841
7425.000 0.833
7430.000 0.818
7435.000 0.804
7440.000 0.798
7445.000 0.781
7450.000 0.773
7455.000 0.766
7460.000 0.756
7465.000 0.751
7470.000 0.743
7475.000 0.736
7480.000 0.733
7485.000 0.725
7490.000 0.722
7495.000 0.717
7500.000 0.713
7505.000 0.711
7510.000 0.710
7515.000 0.707
7520.000 0.702
7525.000 0.701
7530.000 0.698
7535.000 0.698
7540.000 0.696
7545.000 0.699
7550.000 0.696
7555.000 0.700
7560.000 0.701
7565.000 0.701
7570.000 0.703
7575.000 0.708
7580.000 0.710
7585.000 0.713
7590.000 0.715
7595.000 0.719
7600.000 0.726
7605.000 0.729
7610.000 0.737
7615.000 0.736
7620.000 0.744
7625.000 0.747
7630.000 0.753
7635.000 0.756
7640.000 0.762
7645.000 0.766
7650.000 0.774
7655.000 0.775
7660.000 0.787
7665.000 0.785
7670.000 0.801
7675.000 0.814
7680.000 0.821
7685.000 0.833
7690.000 0.843
7695.000 0.860
7700.000 0.878
7705.000 0.897
7710.000 0.909
7715.000 0.922
7720.000 0.943
7725.000 0.971
7730.000 0.989
7735.000 1.017
7740.000 1.032
7745.000 1.077
7750.000 1.122
7755.000 1.145
7760.000 1.203
7765.000 1.233
7770.000 1.300
7775.000 1.374
7780.000 1.417
7785.000 1.522
7790.000 1.582
7795.000 1.712
7800.000 1.875
7805.000 1.967
7810.000 2.157
7815.000 2.261
7820.000 2.460
7825.000 2.613
7830.000 2.634
7835.000 2.529
7840.000 2.424
7845.000 2.196
7850.000 1.934
7855.000 1.797
7860.000 1.549
7865.000 1.432
7870.000 1.234
7875.000 1.067
7880.000 0.999
7885.000 0.872
7890.000 0.822
7895.000 0.730
7900.000 0.651
7905.000 0.619
7910.000 0.561
7915.000 0.535
7920.000 0.479
7925.000 0.433
7930.000 0.413
7935.000 0.381
7940.000 0.367
7945.000 0.338
7950.000 0.316
7955.000 0.304
7960.000 0.289
7965.000 0.278
7970.000 0.267
7975.000 0.253
7980.000 0.249
7985.000 0.243
7990.000 0.246
7995.000 0.238
8000.000 0.233
8005.000 0.234
8010.000 0.233
8015.000 0.233
8020.000 0.230
8025.000 0.235
8030.000 0.237
8035.000 0.236
8040.000 0.237
8045.000 0.230
8050.000 0.226
8055.000 0.225
8060.000 0.220
8065.000 0.214
8070.000 0.215
8075.000 0.213
8080.000 0.213
8085.000 0.212
8090.000 0.209
8095.000 0.210
8100.000 0.213
8105.000 0.214
8110.000 0.213
8115.000 0.214
8120.000 0.214
8125.000 0.215
8130.000 0.216
8135.000 0.215
8140.000 0.216
8145.000 0.217
8150.000 0.216
8155.000 0.219
8160.000 0.218
8165.000 0.220
8170.000 0.221
8175.000 0.220
8180.000 0.220
8185.000 0.222
8190.000 0.222
8195.000 0.222
8200.000 0.223
8205.000 0.225
8210.000 0.223
8215.000 0.222
8220.000 0.226
8225.000 0.224
8230.000 0.228
8235.000 0.227
8240.000 0.230
8245.000 0.229
8250.000 0.231
8255.000 0.230
8260.000 0.231
8265.000 0.232
8270.000 0.233
8275.000 0.233
8280.000 0.233
8285.000 0.232
8290.000 0.235
8295.000 0.234
8300.000 0.235
8305.000 0.236
8310.000 0.237
8315.000 0.236
8320.000 0.238
8325.000 0.239
8330.000 0.239
8335.000 0.240
8340.000 0.239
8345.000 0.240
8350.000 0.241
8355.000 0.240
8360.000 0.243
8365.000 0.242
8370.000 0.242
8375.000 0.243
8380.000 0.244
8385.000 0.246
8390.000 0.246
8395.000 0.248
8400.000 0.246
8405.000 0.246
8410.000 0.248
8415.000 0.248
8420.000 0.249
8425.000 0.250
8430.000 0.250
8435.000 0.253
8440.000 0.251
8445.000 0.253
8450.000 0.255
8455.000 0.252
8460.000 0.251
8465.000 0.253
8470.000 0.255
8475.000 0.255
8480.000 0.255
8485.000 0.257
8490.000 0.255
8495.000 0.258
8500.000 0.257
8505.000 0.260
8510.000 0.257
8515.000 0.258
8520.000 0.259
8525.000 0.258
8530.000 0.262
8535.000 0.261
8540.000 0.262
8545.000 0.262
8550.000 0.264
8555.000 0.263
8560.000 0.264
8565.000 0.265
8570.000 0.265
8575.000 0.267
8580.000 0.267
8585.000 0.268
8590.000 0.268
8595.000 0.271
8600.000 0.270
8605.000 0.270
8610.000 0.273
8615.000 0.269
8620.000 0.273
8625.000 0.273
8630.000 0.274
8635.000 0.274
8640.000 0.274
8645.000 0.275
8650.000 0.276
8655.000 0.278
8660.000 0.278
8665.000 0.278
8670.000 0.280
8675.000 0.281
8680.000 0.280
8685.000 0.282
8690.000 0.284
8695.000 0.287
8700.000 0.287
8705.000 0.285
8710.000 0.284
8715.000 0.287
8720.000 0.285
8725.000 0.285
8730.000 0.285
8735.000 0.283
8740.000 0.291
8745.000 0.289
8750.000 0.286
8755.000 0.285
8760.000 0.290
8765.000 0.287
8770.000 0.291
8775.000 0.288
8780.000 0.288
8785.000 0.288
8790.000 0.295
8795.000 0.292
8800.000 0.296
8805.000 0.293
8810.000 0.293
8815.000 0.289
8820.000 0.297
8825.000 0.289
8830.000 0.298
8835.000 0.313
8840.000 0.307
8845.000 0.297
8850.000 0.293
8855.000 0.289
8860.000 0.287
8865.000 0.284
8870.000 0.287
8875.000 0.286
8880.000 0.284
8885.000 0.286
8890.000 0.285
8895.000 0.286
8900.000 0.287
8905.000 0.286
8910.000 0.288
8915.000 0.287
8920.000 0.287
8925.000 0.288
8930.000 0.288
8935.000 0.292
8940.000 0.291
8945.000 0.291
8950.000 0.291
8955.000 0.295
8960.000 0.291
8965.000 0.289
8970.000 0.292
8975.000 0.289
8980.000 0.288
8985.000 0.291
8990.000 0.293
8995.000 0.292
9000.000 0.297
9005.000 0.287
9010.000 0.291
9015.000 0.289
9020.000 0.300
9025.000 0.291
9030.000 0.291
9035.000 0.300
9040.000 0.297
9045.000 0.298
9050.000 0.293
9055.000 0.290
9060.000 0.290
9065.000 0.288
9070.000 0.290
9075.000 0.287
9080.000 0.291
9085.000 0.288
9090.000 0.291
9095.000 0.292
9100.000 0.290
9105.000 0.290
9110.000 0.292
9115.000 0.292
9120.000 0.288
9125.000 0.291
9130.000 0.290
9135.000 0.292
9140.000 0.289
9145.000 0.287
9150.000 0.287
9155.000 0.297
9160.000 0.296
9165.000 0.300
9170.000 0.299
9175.000 0.295
9180.000 0.288
9185.000 0.291
9190.000 0.287
9195.000 0.286
9200.000 0.286
9205.000 0.290
9210.000 0.288
9215.000 0.285
9220.000 0.286
9225.000 0.288
9230.000 0.289
9235.000 0.288
9240.000 0.287
9245.000 0.287
9250.000 0.284
9255.000 0.285
9260.000 0.284
9265.000 0.283
9270.000 0.283
9275.000 0.284
9280.000 0.282
9285.000 0.286
9290.000 0.285
9295.000 0.284
9300.000 0.286
9305.000 0.285
9310.000 0.286
9315.000 0.286
9320.000 0.285
9325.000 0.283
9330.000 0.280
9335.000 0.281
9340.000 0.280
9345.000 0.280
9350.000 0.279
9355.000 0.280
9360.000 0.281
9365.000 0.281
9370.000 0.283
9375.000 0.282
9380.000 0.281
9385.000 0.280
9390.000 0.280
9395.000 0.278
9400.000 0.280
9405.000 0.278
9410.000 0.278
9415.000 0.280
9420.000 0.277
9425.000 0.279
9430.000 0.280
9435.000 0.279
9440.000 0.280
9445.000 0.281
9450.000 0.278
9455.000 0.276
9460.000 0.275
9465.000 0.277
9470.000 0.275
9475.000 0.275
9480.000 0.272
9485.000 0.277
9490.000 0.272
9495.000 0.272
9500.000 0.273
9505.000 0.272
9510.000 0.270
9515.000 0.270
9520.000 0.270
9525.000 0.273
9530.000 0.268
9535.000 0.271
9540.000 0.269
9545.000 0.269
9550.000 0.267
9555.000 0.265
9560.000 0.265
9565.000 0.265
9570.000 0.268
9575.000 0.266
9580.000 0.264
9585.000 0.264
9590.000 0.261
9595.000 0.261
9600.000 0.259
9605.000 0.262
9610.000 0.260
9615.000 0.263
9620.000 0.258
9625.000 0.259
9630.000 0.255
9635.000 0.255
9640.000 0.256
9645.000 0.251
9650.000 0.250
9655.000 0.251
9660.000 0.252
9665.000 0.249
9670.000 0.248
9675.000 0.245
9680.000 0.242
9685.000 0.242
9690.000 0.240
9695.000 0.239
9700.000 0.237
9705.000 0.234
9710.000 0.235
9715.000 0.230
9720.000 0.230
9725.000 0.228
9730.000 0.226
9735.000 0.224
9740.000 0.220
9745.000 0.221
9750.000 0.216
9755.000 0.213
9760.000 0.211
9765.000 0.208
9770.000 0.207
9775.000 0.203
9780.000 0.200
9785.000 0.196
9790.000 0.194
9795.000 0.194
9800.000 0.188
9805.000 0.186
9810.000 0.181
9815.000 0.176
9820.000 0.170
9825.000 0.165
9830.000 0.161
9835.000 0.154
9840.000 0.148
9845.000 0.142
9850.000 0.137
9855.000 0.132
9860.000 0.124
9865.000 0.114
9870.000 0.110
9875.000 0.097
9880.000 0.094
9885.000 0.082
9890.000 0.070
9895.000 0.063
9900.000 0.049
9905.000 0.042
9910.000 0.027
9915.000 0.017
9920.000 0.020
9925.000 0.035
9930.000 0.048
9935.000 0.076
9940.000 0.113
9945.000 0.137
9950.000 0.188
9955.000 0.227
9960.000 0.310
9965.000 0.422
9970.000 0.491
9975.000 0.672
9980.000 0.767
9985.000 1.010
9990.000 1.294
9995.000 1.462
10000.000 1.824
10005.000 2.043
10010.000 2.521
10015.000 3.042
10020.000 3.290
10025.000 3.745
10030.000 3.888
10035.000 4.004
10040.000 3.855
10045.000 3.717
10050.000 3.405
10055.000 3.236
10060.000 2.924
10065.000 2.601
10070.000 2.451
10075.000 2.156
10080.000 2.016
10085.000 1.763
10090.000 1.540
10095.000 1.451
10100.000 1.288
10105.000 1.215
10110.000 1.094
10115.000 1.048
10120.000 0.982
10125.000 0.931
10130.000 0.913
10135.000 0.879
10140.000 0.869
10145.000 0.845
10150.000 0.833
10155.000 0.826
10160.000 0.816
10165.000 0.810
10170.000 0.803
10175.000 0.794
10180.000 0.790
10185.000 0.787
10190.000 0.785
10195.000 0.778
10200.000 0.778
10205.000 0.774
10210.000 0.768
10215.000 0.766
10220.000 0.763
10225.000 0.760
10230.000 0.758
10235.000 0.767
10240.000 0.764
10245.000 0.766
10250.000 0.764
10255.000 0.763
10260.000 0.762
10265.000 0.767
10270.000 0.784
10275.000 0.794
10280.000 0.798
10285.000 0.805
10290.000 0.809
10295.000 0.822
10300.000 0.835
10305.000 0.840
10310.000 0.852
10315.000 0.858
10320.000 0.875
10325.000 0.897
10330.000 0.902
10335.000 0.925
10340.000 0.937
10345.000 0.959
10350.000 0.982
10355.000 0.996
10360.000 1.034
10365.000 1.068
10370.000 1.088
10375.000 1.127
10380.000 1.147
10385.000 1.208
10390.000 1.263
10395.000 1.297
10400.000 1.367
10405.000 1.413
10410.000 1.501
10415.000 1.549
10420.000 1.662
10425.000 1.784
10430.000 1.854
10435.000 2.000
10440.000 2.079
10445.000 2.208
10450.000 2.278
10455.000 2.298
10460.000 2.261
10465.000 2.213
10470.000 2.060
10475.000 1.843
10480.000 1.726
10485.000 1.502
10490.000 1.398
10495.000 1.208
10500.000 1.042
10505.000 0.970
10510.000 0.847
10515.000 0.794
10520.000 0.696
10525.000 0.611
10530.000 0.576
10535.000 0.511
10540.000 0.480
10545.000 0.436
10550.000 0.383
10555.000 0.367
10560.000 0.327
10565.000 0.309
10570.000 0.273
10575.000 0.240
10580.000 0.227
10585.000 0.201
10590.000 0.190
10595.000 0.169
10600.000 0.149
10605.000 0.142
10610.000 0.128
10615.000 0.120
10620.000 0.108
10625.000 0.098
10630.000 0.090
10635.000 0.080
10640.000 0.077
10645.000 0.066
10650.000 0.058
10655.000 0.056
10660.000 0.051
10665.000 0.049
10670.000 0.036
10675.000 0.024
10680.000 0.046
10685.000 0.039
10690.000 0.036
10695.000 0.033
10700.000 0.033
10705.000 0.033
10710.000 0.033
10715.000 0.034
10720.000 0.034
10725.000 0.035
10730.000 0.034
10735.000 0.036
10740.000 0.037
10745.000 0.039
10750.000 0.039
10755.000 0.040
10760.000 0.042
10765.000 0.041
10770.000 0.042
10775.000 0.042
10780.000 0.044
10785.000 0.043
10790.000 0.042
10795.000 0.041
10800.000 0.040
10805.000 0.041
10810.000 0.041
10815.000 0.040
10820.000 0.039
10825.000 0.040
10830.000 0.036
10835.000 0.035
10840.000 0.034
10845.000 0.033
10850.000 0.033
10855.000 0.030
10860.000 0.030
10865.000 0.031
10870.000 0.030
10875.000 0.030
10880.000 0.032
10885.000 0.037
10890.000 0.041
10895.000 0.047
10900.000 0.052
10905.000 0.063
10910.000 0.075
10915.000 0.083
10920.000 0.099
10925.000 0.109
10930.000 0.134
10935.000 0.166
10940.000 0.189
10945.000 0.248
10950.000 0.286
10955.000 0.390
10960.000 0.535
10965.000 0.619
10970.000 0.803
10975.000 0.892
10980.000 1.072
10985.000 1.258
10990.000 1.337
10995.000 1.502
11000.000 1.568
11005.000 1.676
11010.000 1.707
11015.000 1.693
11020.000 1.607
11025.000 1.561
11030.000 1.433
11035.000 1.292
11040.000 1.240
11045.000 1.104
11050.000 1.042
11055.000 0.934
11060.000 0.837
11065.000 0.792
11070.000 0.719
11075.000 0.692
11080.000 0.630
11085.000 0.586
11090.000 0.568
11095.000 0.535
11100.000 0.523
11105.000 0.503
11110.000 0.493
11115.000 0.487
11120.000 0.478
11125.000 0.471
11130.000 0.465
11135.000 0.454
11140.000 0.448
11145.000 0.441
11150.000 0.438
11155.000 0.430
11160.000 0.427
11165.000 0.422
11170.000 0.419
11175.000 0.415
11180.000 0.412
11185.000 0.407
11190.000 0.407
11195.000 0.405
11200.000 0.399
11205.000 0.399
11210.000 0.393
11215.000 0.392
11220.000 0.386
11225.000 0.384
11230.000 0.384
11235.000 0.381
11240.000 0.379
11245.000 0.379
11250.000 0.379
11255.000 0.373
11260.000 0.368
11265.000 0.369
11270.000 0.364
11275.000 0.365
11280.000 0.367
11285.000 0.364
11290.000 0.364
11295.000 0.361
11300.000 0.361
11305.000 0.359
11310.000 0.358
11315.000 0.356
11320.000 0.358
11325.000 0.356
11330.000 0.353
11335.000 0.351
11340.000 0.353
11345.000 0.350
11350.000 0.350
11355.000 0.349
11360.000 0.348
11365.000 0.347
11370.000 0.349
11375.000 0.345
11380.000 0.346
11385.000 0.344
11390.000 0.346
11395.000 0.345
11400.000 0.344
11405.000 0.344
11410.000 0.339
11415.000 0.338
11420.000 0.339
11425.000 0.341
11430.000 0.342
11435.000 0.340
11440.000 0.340
11445.000 0.336
11450.000 0.336
11455.000 0.335
11460.000 0.334
11465.000 0.333
11470.000 0.334
11475.000 0.332
11480.000 0.332
11485.000 0.332
11490.000 0.332
11495.000 0.332
11500.000 0.333
11505.000 0.330
11510.000 0.331
11515.000 0.330
11520.000 0.331
11525.000 0.333
11530.000 0.332
11535.000 0.331
11540.000 0.329
11545.000 0.330
11550.000 0.328
11555.000 0.330
11560.000 0.327
11565.000 0.326
11570.000 0.325
11575.000 0.326
11580.000 0.325
11585.000 0.323
11590.000 0.323
11595.000 0.323
11600.000 0.327
11605.000 0.322
11610.000 0.324
11615.000 0.326
11620.000 0.325
11625.000 0.324
11630.000 0.322
11635.000 0.322
11640.000 0.321
11645.000 0.325
11650.000 0.324
11655.000 0.322
11660.000 0.322
11665.000 0.319
11670.000 0.323
11675.000 0.321
11680.000 0.322
11685.000 0.322
11690.000 0.321
11695.000 0.319
11700.000 0.324
11705.000 0.320
11710.000 0.321
11715.000 0.321
11720.000 0.329
11725.000 0.324
11730.000 0.322
11735.000 0.321
11740.000 0.319
11745.000 0.317
11750.000 0.319
11755.000 0.314
11760.000 0.319
11765.000 0.318
11770.000 0.314
11775.000 0.315
11780.000 0.315
11785.000 0.316
11790.000 0.315
11795.000 0.313
11800.000 0.317
11805.000 0.316
11810.000 0.313
11815.000 0.315
11820.000 0.315
11825.000 0.316
11830.000 0.315
11835.000 0.315
11840.000 0.313
11845.000 0.310
11850.000 0.310
11855.000 0.308
11860.000 0.310
11865.000 0.307
11870.000 0.307
11875.000 0.304
11880.000 0.307
11885.000 0.307
11890.000 0.307
11895.000 0.308
11900.000 0.309
11905.000 0.310
11910.000 0.309
11915.000 0.312
11920.000 0.308
11925.000 0.310
11930.000 0.311
11935.000 0.311
11940.000 0.310
11945.000 0.307
11950.000 0.309
11955.000 0.309
11960.000 0.308
11965.000 0.311
11970.000 0.308
11975.000 0.308
11980.000 0.310
11985.000 0.305
11990.000 0.310
11995.000 0.305
12000.000 0.310
