105.000 0.032
110.000 0.212
115.000 5.070
120.000 5.448
125.000 6.065
130.000 6.254
135.000 6.365
140.000 6.543
145.000 6.617
150.000 6.916
155.000 7.082
160.000 7.256
165.000 7.368
170.000 7.349
175.000 7.385
180.000 7.401
185.000 7.584
190.000 7.225
195.000 6.893
200.000 6.322
205.000 6.190
210.000 6.484
215.000 6.830
220.000 6.982
225.000 7.182
230.000 7.189
235.000 6.988
240.000 7.426
245.000 7.102
250.000 7.275
255.000 7.224
260.000 7.615
265.000 7.486
270.000 7.707
275.000 7.753
280.000 7.854
285.000 8.147
290.000 8.445
295.000 8.509
300.000 8.662
305.000 8.796
310.000 8.997
315.000 9.236
320.000 9.403
325.000 9.669
330.000 9.844
335.000 10.224
340.000 10.690
345.000 10.947
350.000 11.539
355.000 11.842
360.000 12.607
365.000 13.079
370.000 14.149
375.000 15.378
380.000 16.118
385.000 17.697
390.000 18.563
395.000 20.292
400.000 21.893
405.000 22.689
410.000 24.138
415.000 24.801
420.000 26.119
425.000 27.258
430.000 27.882
435.000 28.683
440.000 28.996
445.000 29.225
450.000 29.420
455.000 29.325
460.000 28.922
465.000 28.860
470.000 27.869
475.000 26.935
480.000 26.858
485.000 25.794
490.000 25.289
495.000 24.423
500.000 23.612
505.000 23.222
510.000 22.505
515.000 22.130
520.000 21.391
525.000 20.673
530.000 20.633
535.000 19.356
540.000 19.216
545.000 18.245
550.000 17.405
555.000 16.420
560.000 16.123
565.000 15.671
570.000 15.020
575.000 14.497
580.000 14.293
585.000 14.011
590.000 14.368
595.000 13.779
600.000 14.437
605.000 13.533
610.000 13.309
615.000 14.709
620.000 14.680
625.000 13.518
630.000 13.486
635.000 13.834
640.000 13.989
645.000 14.379
650.000 15.473
655.000 15.664
660.000 17.048
665.000 17.951
670.000 18.428
675.000 18.325
680.000 17.049
685.000 14.606
690.000 13.901
695.000 10.797
700.000 10.076
705.000 8.042
710.000 6.853
715.000 6.285
720.000 7.923
725.000 5.809
730.000 5.208
735.000 4.232
740.000 3.906
745.000 3.432
750.000 2.923
755.000 2.799
760.000 2.210
765.000 2.571
770.000 2.071
775.000 1.778
780.000 1.666
785.000 1.427
790.000 1.362
795.000 1.204
800.000 1.086
805.000 1.021
810.000 0.940
815.000 0.928
820.000 0.868
825.000 0.804
830.000 0.767
835.000 0.709
840.000 0.682
845.000 0.636
850.000 0.593
855.000 0.571
860.000 0.531
865.000 0.510
870.000 0.484
875.000 0.446
880.000 0.429
885.000 0.406
890.000 0.389
895.000 0.367
900.000 0.329
905.000 0.337
910.000 0.313
915.000 0.306
920.000 0.287
925.000 0.272
930.000 0.269
935.000 0.244
940.000 0.238
945.000 0.247
950.000 0.234
955.000 0.231
960.000 0.215
965.000 0.201
970.000 0.217
975.000 0.178
980.000 0.188
985.000 0.154
990.000 0.165
995.000 0.167
1000.000 0.139
1005.000 0.148
1010.000 0.124
1015.000 0.127
1020.000 0.118
1025.000 0.123
1030.000 0.112
1035.000 0.120
1040.000 0.126
1045.000 0.117
1050.000 0.116
1055.000 0.115
1060.000 0.119
1065.000 0.116
1070.000 0.124
1075.000 0.124
1080.000 0.127
1085.000 0.137
1090.000 0.139
1095.000 0.147
1100.000 0.154
1105.000 0.162
1110.000 0.171
1115.000 0.179
1120.000 0.188
1125.000 0.194
1130.000 0.209
1135.000 0.223
1140.000 0.227
1145.000 0.246
1150.000 0.253
1155.000 0.277
1160.000 0.308
1165.000 0.298
1170.000 0.331
1175.000 0.346
1180.000 0.371
1185.000 0.401
1190.000 0.408
1195.000 0.445
1200.000 0.465
1205.000 0.506
1210.000 0.565
1215.000 0.623
1220.000 0.727
1225.000 0.755
1230.000 0.844
1235.000 0.928
1240.000 0.984
1245.000 1.114
1250.000 1.203
1255.000 1.458
1260.000 1.582
1265.000 1.981
1270.000 2.426
1275.000 2.759
1280.000 3.813
1285.000 4.320
1290.000 5.786
1295.000 7.336
1300.000 8.086
1305.000 9.302
1310.000 9.672
1315.000 9.620
1320.000 8.531
1325.000 7.751
1330.000 6.180
1335.000 5.490
1340.000 4.348
1345.000 3.505
1350.000 3.175
1355.000 2.668
1360.000 2.460
1365.000 2.136
1370.000 1.890
1375.000 1.799
1380.000 1.653
1385.000 1.590
1390.000 1.492
1395.000 1.399
1400.000 1.364
1405.000 1.305
1410.000 1.277
1415.000 1.228
1420.000 1.181
1425.000 1.164
1430.000 1.129
1435.000 1.114
1440.000 1.080
1445.000 1.051
1450.000 1.039
1455.000 1.017
1460.000 1.005
1465.000 0.988
1470.000 0.970
1475.000 0.961
1480.000 0.949
1485.000 0.941
1490.000 0.930
1495.000 0.923
1500.000 0.915
1505.000 0.902
1510.000 0.903
1515.000 0.895
1520.000 0.887
1525.000 0.886
1530.000 0.882
1535.000 0.878
1540.000 0.876
1545.000 0.874
1550.000 0.872
1555.000 0.867
1560.000 0.867
1565.000 0.864
1570.000 0.863
1575.000 0.866
1580.000 0.860
1585.000 0.860
1590.000 0.860
1595.000 0.856
1600.000 0.862
1605.000 0.867
1610.000 0.864
1615.000 0.863
1620.000 0.972
1625.000 0.948
1630.000 0.919
1635.000 0.914
1640.000 0.890
1645.000 0.869
1650.000 0.858
1655.000 0.841
1660.000 0.833
1665.000 0.823
1670.000 0.816
1675.000 0.810
1680.000 0.817
1685.000 0.825
1690.000 0.852
1695.000 0.892
1700.000 0.920
1705.000 0.984
1710.000 1.018
1715.000 1.100
1720.000 1.189
1725.000 1.242
1730.000 1.348
1735.000 1.437
1740.000 1.823
1745.000 1.990
1750.000 2.005
1755.000 2.070
1760.000 2.101
1765.000 2.192
1770.000 2.309
1775.000 2.371
1780.000 2.517
1785.000 2.599
1790.000 2.811
1795.000 3.109
1800.000 3.289
1805.000 3.650
1810.000 3.842
1815.000 4.300
1820.000 4.856
1825.000 5.195
1830.000 6.005
1835.000 6.487
1840.000 7.669
1845.000 8.464
1850.000 10.121
1855.000 12.075
1860.000 13.071
1865.000 14.873
1870.000 15.512
1875.000 15.767
1880.000 14.241
1885.000 13.454
1890.000 11.406
1895.000 10.122
1900.000 7.975
1905.000 6.452
1910.000 5.818
1915.000 4.919
1920.000 4.511
1925.000 3.946
1930.000 3.537
1935.000 3.371
1940.000 3.077
1945.000 2.941
1950.000 2.685
1955.000 2.481
1960.000 2.643
1965.000 2.442
1970.000 2.323
1975.000 2.118
1980.000 1.971
1985.000 1.951
1990.000 1.787
1995.000 1.749
2000.000 1.787
2005.000 1.646
2010.000 1.549
2015.000 1.395
2020.000 1.303
2025.000 1.295
2030.000 1.177
2035.000 1.102
2040.000 0.997
2045.000 0.949
2050.000 0.862
2055.000 0.796
2060.000 0.764
2065.000 0.721
2070.000 0.691
2075.000 0.642
2080.000 0.626
2085.000 0.604
2090.000 0.563
2095.000 0.544
2100.000 0.509
2105.000 0.479
2110.000 0.463
2115.000 0.438
2120.000 0.426
2125.000 0.404
2130.000 0.394
2135.000 0.395
2140.000 0.403
2145.000 0.409
2150.000 0.385
2155.000 0.362
2160.000 0.347
2165.000 0.324
2170.000 0.314
2175.000 0.294
2180.000 0.274
2185.000 0.268
2190.000 0.255
2195.000 0.247
2200.000 0.257
2205.000 0.244
2210.000 0.236
2215.000 0.222
2220.000 0.218
2225.000 0.207
2230.000 0.197
2235.000 0.192
2240.000 0.185
2245.000 0.180
2250.000 0.174
2255.000 0.168
2260.000 0.169
2265.000 0.178
2270.000 0.175
2275.000 0.166
2280.000 0.157
2285.000 0.155
2290.000 0.150
2295.000 0.146
2300.000 0.141
2305.000 0.152
2310.000 0.152
2315.000 0.148
2320.000 0.143
2325.000 0.138
2330.000 0.134
2335.000 0.131
2340.000 0.131
2345.000 0.130
2350.000 0.127
2355.000 0.126
2360.000 0.124
2365.000 0.123
2370.000 0.122
2375.000 0.121
2380.000 0.121
2385.000 0.120
2390.000 0.120
2395.000 0.120
2400.000 0.120
2405.000 0.118
2410.000 0.119
2415.000 0.118
2420.000 0.119
2425.000 0.118
2430.000 0.123
2435.000 0.121
2440.000 0.122
2445.000 0.121
2450.000 0.120
2455.000 0.123
2460.000 0.121
2465.000 0.134
2470.000 0.137
2475.000 0.139
2480.000 0.136
2485.000 0.135
2490.000 0.132
2495.000 0.131
2500.000 0.128
2505.000 0.128
2510.000 0.126
2515.000 0.127
2520.000 0.125
2525.000 0.138
2530.000 0.135
2535.000 0.132
2540.000 0.132
2545.000 0.130
2550.000 0.129
2555.000 0.130
2560.000 0.135
2565.000 0.133
2570.000 0.131
2575.000 0.131
2580.000 0.138
2585.000 0.136
2590.000 0.134
2595.000 0.137
2600.000 0.138
2605.000 0.137
2610.000 0.143
2615.000 0.139
2620.000 0.139
2625.000 0.143
2630.000 0.141
2635.000 0.136
2640.000 0.135
2645.000 0.134
2650.000 0.133
2655.000 0.133
2660.000 0.138
2665.000 0.138
2670.000 0.145
2675.000 0.142
2680.000 0.140
2685.000 0.139
2690.000 0.147
2695.000 0.145
2700.000 0.143
2705.000 0.142
2710.000 0.141
2715.000 0.140
2720.000 0.138
2725.000 0.136
2730.000 0.137
2735.000 0.135
2740.000 0.136
2745.000 0.136
2750.000 0.135
2755.000 0.135
2760.000 0.137
2765.000 0.152
2770.000 0.149
2775.000 0.147
2780.000 0.146
2785.000 0.144
2790.000 0.142
2795.000 0.142
2800.000 0.141
2805.000 0.148
2810.000 0.155
2815.000 0.156
2820.000 0.155
2825.000 0.151
2830.000 0.149
2835.000 0.147
2840.000 0.146
2845.000 0.145
2850.000 0.147
2855.000 0.147
2860.000 0.146
2865.000 0.143
2870.000 0.144
2875.000 0.144
2880.000 0.146
2885.000 0.144
2890.000 0.145
2895.000 0.148
2900.000 0.152
2905.000 0.155
2910.000 0.156
2915.000 0.152
2920.000 0.152
2925.000 0.152
2930.000 0.152
2935.000 0.150
2940.000 0.164
2945.000 0.163
2950.000 0.169
2955.000 0.167
2960.000 0.161
2965.000 0.159
2970.000 0.153
2975.000 0.158
2980.000 0.158
2985.000 0.154
2990.000 0.161
2995.000 0.152
3000.000 0.155
3005.000 0.152
3010.000 0.157
3015.000 0.154
3020.000 0.159
3025.000 0.156
3030.000 0.166
3035.000 0.160
3040.000 0.164
3045.000 0.163
3050.000 0.180
3055.000 0.183
3060.000 0.186
3065.000 0.180
3070.000 0.187
3075.000 0.210
3080.000 0.207
3085.000 0.203
3090.000 0.203
3095.000 0.200
3100.000 0.198
3105.000 0.206
3110.000 0.207
3115.000 0.207
3120.000 0.208
3125.000 0.207
3130.000 0.209
3135.000 0.210
3140.000 0.212
3145.000 0.213
3150.000 0.227
3155.000 0.231
3160.000 0.235
3165.000 0.236
3170.000 0.237
3175.000 0.240
3180.000 0.243
3185.000 0.247
3190.000 0.251
3195.000 0.258
3200.000 0.266
3205.000 0.287
3210.000 0.299
3215.000 0.303
3220.000 0.308
3225.000 0.319
3230.000 0.323
3235.000 0.338
3240.000 0.345
3245.000 0.372
3250.000 0.400
3255.000 0.407
3260.000 0.427
3265.000 0.436
3270.000 0.466
3275.000 0.533
3280.000 0.547
3285.000 0.586
3290.000 0.608
3295.000 0.685
3300.000 0.839
3305.000 0.864
3310.000 0.896
3315.000 0.918
3320.000 0.957
3325.000 1.032
3330.000 1.149
3335.000 1.284
3340.000 1.344
3345.000 1.526
3350.000 1.888
3355.000 2.081
3360.000 2.496
3365.000 2.780
3370.000 3.503
3375.000 4.591
3380.000 5.265
3385.000 6.781
3390.000 7.571
3395.000 9.235
3400.000 10.588
3405.000 10.998
3410.000 11.223
3415.000 10.692
3420.000 8.736
3425.000 6.778
3430.000 5.953
3435.000 4.758
3440.000 4.221
3445.000 3.404
3450.000 2.947
3455.000 2.716
3460.000 2.359
3465.000 2.256
3470.000 2.060
3475.000 1.940
3480.000 1.892
3485.000 1.810
3490.000 1.774
3495.000 1.706
3500.000 1.652
3505.000 1.630
3510.000 1.590
3515.000 1.574
3520.000 1.649
3525.000 1.624
3530.000 1.620
3535.000 1.603
3540.000 1.591
3545.000 1.585
3550.000 1.587
3555.000 1.587
3560.000 1.591
3565.000 1.592
3570.000 1.608
3575.000 1.627
3580.000 1.641
3585.000 1.673
3590.000 1.694
3595.000 1.739
3600.000 1.798
3605.000 1.841
3610.000 1.914
3615.000 1.960
3620.000 2.059
3625.000 2.165
3630.000 2.236
3635.000 2.455
3640.000 2.559
3645.000 2.771
3650.000 2.897
3655.000 3.308
3660.000 3.737
3665.000 4.012
3670.000 4.639
3675.000 5.002
3680.000 5.754
3685.000 6.680
3690.000 6.892
3695.000 6.688
3700.000 6.427
3705.000 5.596
3710.000 4.633
3715.000 4.200
3720.000 3.519
3725.000 3.270
3730.000 2.858
3735.000 2.640
3740.000 2.482
3745.000 2.214
3750.000 2.097
3755.000 1.892
3760.000 1.718
3765.000 1.644
3770.000 1.561
3775.000 1.488
3780.000 1.405
3785.000 1.312
3790.000 1.268
3795.000 1.187
3800.000 1.146
3805.000 1.082
3810.000 1.024
3815.000 1.000
3820.000 0.955
3825.000 0.930
3830.000 0.885
3835.000 0.838
3840.000 0.817
3845.000 0.785
3850.000 0.771
3855.000 0.745
3860.000 0.722
3865.000 0.716
3870.000 0.692
3875.000 0.731
3880.000 0.742
3885.000 0.718
3890.000 0.708
3895.000 0.687
3900.000 0.674
3905.000 0.680
3910.000 0.655
3915.000 0.648
3920.000 0.635
3925.000 0.628
3930.000 0.638
3935.000 0.626
3940.000 0.625
3945.000 0.624
3950.000 0.688
3955.000 0.720
3960.000 0.736
3965.000 0.729
3970.000 0.701
3975.000 0.701
3980.000 0.691
3985.000 0.674
3990.000 0.670
3995.000 0.660
4000.000 0.679
4005.000 0.663
4010.000 0.668
4015.000 0.676
4020.000 0.729
4025.000 0.726
4030.000 0.761
4035.000 0.777
4040.000 0.781
4045.000 0.818
4050.000 0.832
4055.000 0.856
4060.000 0.893
4065.000 0.920
4070.000 0.960
4075.000 0.985
4080.000 1.034
4085.000 1.094
4090.000 1.145
4095.000 1.214
4100.000 1.270
4105.000 1.365
4110.000 1.535
4115.000 1.619
4120.000 1.801
4125.000 1.924
4130.000 2.265
4135.000 2.777
4140.000 3.117
4145.000 3.836
4150.000 4.230
4155.000 5.128
4160.000 5.993
4165.000 6.182
4170.000 5.938
4175.000 5.504
4180.000 4.451
4185.000 3.609
4190.000 3.195
4195.000 2.548
4200.000 2.293
4205.000 1.908
4210.000 1.666
4215.000 1.568
4220.000 1.416
4225.000 1.355
4230.000 1.235
4235.000 1.188
4240.000 1.098
4245.000 1.028
4250.000 1.027
4255.000 0.976
4260.000 0.954
4265.000 0.895
4270.000 0.881
4275.000 0.843
4280.000 0.791
4285.000 0.765
4290.000 0.712
4295.000 0.669
4300.000 0.653
4305.000 0.625
4310.000 0.611
4315.000 0.581
4320.000 0.563
4325.000 0.551
4330.000 0.534
4335.000 0.527
4340.000 0.516
4345.000 0.503
4350.000 0.504
4355.000 0.501
4360.000 0.503
4365.000 0.496
4370.000 0.487
4375.000 0.485
4380.000 0.480
4385.000 0.480
4390.000 0.476
4395.000 0.475
4400.000 0.476
4405.000 0.480
4410.000 0.495
4415.000 0.500
4420.000 0.506
4425.000 0.512
4430.000 0.504
4435.000 0.497
4440.000 0.492
4445.000 0.487
4450.000 0.487
4455.000 0.485
4460.000 0.487
4465.000 0.492
4470.000 0.499
4475.000 0.502
4480.000 0.514
4485.000 0.520
4490.000 0.532
4495.000 0.537
4500.000 0.543
4505.000 0.569
4510.000 0.606
4515.000 0.712
4520.000 0.709
4525.000 0.750
4530.000 0.754
4535.000 0.761
4540.000 0.790
4545.000 0.804
4550.000 0.934
4555.000 1.052
4560.000 1.106
4565.000 1.253
4570.000 1.352
4575.000 1.526
4580.000 1.468
4585.000 1.375
4590.000 1.121
4595.000 0.981
4600.000 0.732
4605.000 0.523
4610.000 0.441
4615.000 0.323
4620.000 0.274
4625.000 0.192
4630.000 0.135
4635.000 0.118
4640.000 0.085
4645.000 0.074
4650.000 0.062
4655.000 0.058
4660.000 0.058
4665.000 0.066
4670.000 0.067
4675.000 0.073
4680.000 0.083
4685.000 0.086
4690.000 0.092
4695.000 0.096
4700.000 0.103
4705.000 0.112
4710.000 0.115
4715.000 0.120
4720.000 0.122
4725.000 0.131
4730.000 0.140
4735.000 0.144
4740.000 0.150
4745.000 0.153
4750.000 0.159
4755.000 0.165
4760.000 0.168
4765.000 0.175
4770.000 0.177
4775.000 0.182
4780.000 0.192
4785.000 0.195
4790.000 0.196
4795.000 0.196
4800.000 0.202
4805.000 0.204
4810.000 0.207
4815.000 0.208
4820.000 0.211
4825.000 0.211
4830.000 0.215
4835.000 0.215
4840.000 0.235
4845.000 0.247
4850.000 0.279
4855.000 0.297
4860.000 0.293
4865.000 0.286
4870.000 0.282
4875.000 0.272
4880.000 0.263
4885.000 0.257
4890.000 0.250
4895.000 0.250
4900.000 0.247
4905.000 0.239
4910.000 0.242
4915.000 0.241
4920.000 0.240
4925.000 0.233
4930.000 0.254
4935.000 0.291
4940.000 0.277
4945.000 0.272
4950.000 0.260
4955.000 0.258
4960.000 0.252
4965.000 0.258
4970.000 0.281
4975.000 0.282
4980.000 0.267
4985.000 0.266
4990.000 0.258
4995.000 0.254
5000.000 0.254
5005.000 0.234
5010.000 0.239
5015.000 0.248
5020.000 0.250
5025.000 0.239
5030.000 0.266
5035.000 0.266
5040.000 0.261
5045.000 0.256
5050.000 0.245
5055.000 0.241
5060.000 0.230
5065.000 0.232
5070.000 0.228
5075.000 0.230
5080.000 0.231
5085.000 0.234
5090.000 0.228
5095.000 0.227
5100.000 0.229
5105.000 0.228
5110.000 0.226
5115.000 0.230
5120.000 0.227
5125.000 0.229
5130.000 0.231
5135.000 0.238
5140.000 0.239
5145.000 0.236
5150.000 0.235
5155.000 0.237
5160.000 0.244
5165.000 0.266
5170.000 0.265
5175.000 0.260
5180.000 0.258
5185.000 0.257
5190.000 0.251
5195.000 0.255
5200.000 0.264
5205.000 0.272
5210.000 0.280
5215.000 0.275
5220.000 0.273
5225.000 0.267
5230.000 0.264
5235.000 0.264
5240.000 0.260
5245.000 0.262
5250.000 0.259
5255.000 0.258
5260.000 0.259
5265.000 0.255
5270.000 0.255
5275.000 0.256
5280.000 0.258
5285.000 0.266
5290.000 0.270
5295.000 0.279
5300.000 0.278
5305.000 0.276
5310.000 0.277
5315.000 0.275
5320.000 0.271
5325.000 0.270
5330.000 0.269
5335.000 0.271
5340.000 0.267
5345.000 0.269
5350.000 0.267
5355.000 0.270
5360.000 0.271
5365.000 0.270
5370.000 0.269
5375.000 0.267
5380.000 0.268
5385.000 0.267
5390.000 0.283
5395.000 0.293
5400.000 0.321
5405.000 0.317
5410.000 0.307
5415.000 0.302
5420.000 0.298
5425.000 0.294
5430.000 0.290
5435.000 0.286
5440.000 0.321
5445.000 0.320
5450.000 0.324
5455.000 0.339
5460.000 0.330
5465.000 0.318
5470.000 0.315
5475.000 0.308
5480.000 0.304
5485.000 0.298
5490.000 0.293
5495.000 0.293
5500.000 0.293
5505.000 0.293
5510.000 0.291
5515.000 0.285
5520.000 0.286
5525.000 0.285
5530.000 0.295
5535.000 0.290
5540.000 0.287
5545.000 0.285
5550.000 0.282
5555.000 0.281
5560.000 0.279
5565.000 0.282
5570.000 0.281
5575.000 0.297
5580.000 0.316
5585.000 0.307
5590.000 0.305
5595.000 0.319
5600.000 0.315
5605.000 0.309
5610.000 0.302
5615.000 0.301
5620.000 0.295
5625.000 0.292
5630.000 0.290
5635.000 0.292
5640.000 0.294
5645.000 0.296
5650.000 0.293
5655.000 0.295
5660.000 0.293
5665.000 0.299
5670.000 0.301
5675.000 0.297
5680.000 0.295
5685.000 0.324
5690.000 0.333
5695.000 0.341
5700.000 0.340
5705.000 0.335
5710.000 0.326
5715.000 0.325
5720.000 0.325
5725.000 0.317
5730.000 0.312
5735.000 0.308
5740.000 0.315
5745.000 0.347
5750.000 0.335
5755.000 0.332
5760.000 0.321
5765.000 0.321
5770.000 0.311
5775.000 0.323
5780.000 0.328
5785.000 0.322
5790.000 0.321
5795.000 0.314
5800.000 0.307
5805.000 0.307
5810.000 0.301
5815.000 0.300
5820.000 0.299
5825.000 0.299
5830.000 0.299
5835.000 0.299
5840.000 0.300
5845.000 0.296
5850.000 0.295
5855.000 0.297
5860.000 0.300
5865.000 0.298
5870.000 0.298
5875.000 0.298
5880.000 0.339
5885.000 0.345
5890.000 0.339
5895.000 0.327
5900.000 0.322
5905.000 0.319
5910.000 0.320
5915.000 0.324
5920.000 0.332
5925.000 0.322
5930.000 0.322
5935.000 0.330
5940.000 0.332
5945.000 0.326
5950.000 0.323
5955.000 0.323
5960.000 0.323
5965.000 0.312
5970.000 0.311
5975.000 0.310
5980.000 0.307
5985.000 0.318
5990.000 0.357
5995.000 0.345
6000.000 0.348
6005.000 0.333
6010.000 0.325
6015.000 0.322
6020.000 0.334
6025.000 0.319
6030.000 0.316
6035.000 0.314
6040.000 0.310
6045.000 0.325
6050.000 0.346
6055.000 0.352
6060.000 0.340
6065.000 0.337
6070.000 0.327
6075.000 0.344
6080.000 0.348
6085.000 0.344
6090.000 0.337
6095.000 0.335
6100.000 0.330
6105.000 0.327
6110.000 0.348
6115.000 0.350
6120.000 0.339
6125.000 0.333
6130.000 0.330
6135.000 0.329
6140.000 0.343
6145.000 0.346
6150.000 0.339
6155.000 0.337
6160.000 0.338
6165.000 0.345
6170.000 0.344
6175.000 0.333
6180.000 0.330
6185.000 0.326
6190.000 0.323
6195.000 0.321
6200.000 0.344
6205.000 0.347
6210.000 0.345
6215.000 0.342
6220.000 0.333
6225.000 0.346
6230.000 0.346
6235.000 0.340
6240.000 0.337
6245.000 0.330
6250.000 0.327
6255.000 0.324
6260.000 0.320
6265.000 0.319
6270.000 0.319
6275.000 0.317
6280.000 0.317
6285.000 0.312
6290.000 0.315
6295.000 0.313
6300.000 0.313
6305.000 0.322
6310.000 0.348
6315.000 0.353
6320.000 0.361
6325.000 0.360
6330.000 0.353
6335.000 0.358
6340.000 0.354
6345.000 0.345
6350.000 0.341
6355.000 0.340
6360.000 0.334
6365.000 0.332
6370.000 0.331
6375.000 0.352
6380.000 0.355
6385.000 0.354
6390.000 0.359
6395.000 0.349
6400.000 0.348
6405.000 0.342
6410.000 0.340
6415.000 0.341
6420.000 0.350
6425.000 0.351
6430.000 0.368
6435.000 0.361
6440.000 0.360
6445.000 0.355
6450.000 0.352
6455.000 0.368
6460.000 0.366
6465.000 0.365
6470.000 0.359
6475.000 0.357
6480.000 0.377
6485.000 0.370
6490.000 0.368
6495.000 0.371
6500.000 0.371
6505.000 0.371
6510.000 0.370
6515.000 0.368
6520.000 0.370
6525.000 0.371
6530.000 0.375
6535.000 0.389
6540.000 0.390
6545.000 0.394
6550.000 0.395
6555.000 0.391
6560.000 0.398
6565.000 0.400
6570.000 0.405
6575.000 0.406
6580.000 0.413
6585.000 0.420
6590.000 0.426
6595.000 0.439
6600.000 0.455
6605.000 0.461
6610.000 0.468
6615.000 0.474
6620.000 0.489
6625.000 0.502
6630.000 0.518
6635.000 0.534
6640.000 0.551
6645.000 0.573
6650.000 0.584
6655.000 0.614
6660.000 0.650
6665.000 0.667
6670.000 0.712
6675.000 0.735
6680.000 0.792
6685.000 0.856
6690.000 0.896
6695.000 1.001
6700.000 1.052
6705.000 1.182
6710.000 1.447
6715.000 1.572
6720.000 1.845
6725.000 2.030
6730.000 2.504
6735.000 3.299
6740.000 3.750
6745.000 4.839
6750.000 5.526
6755.000 7.070
6760.000 8.592
6765.000 9.205
6770.000 9.763
6775.000 9.539
6780.000 8.124
6785.000 6.373
6790.000 5.627
6795.000 4.435
6800.000 3.964
6805.000 3.247
6810.000 2.754
6815.000 2.572
6820.000 2.301
6825.000 2.199
6830.000 2.042
6835.000 1.963
6840.000 1.942
6845.000 1.913
6850.000 1.900
6855.000 1.891
6860.000 1.899
6865.000 1.913
6870.000 1.938
6875.000 1.965
6880.000 2.018
6885.000 2.097
6890.000 2.141
6895.000 2.244
6900.000 2.310
6905.000 2.450
6910.000 2.529
6915.000 2.756
6920.000 3.065
6925.000 3.380
6930.000 3.988
6935.000 4.267
6940.000 4.970
6945.000 5.936
6950.000 6.484
6955.000 7.426
6960.000 7.764
6965.000 8.125
6970.000 7.485
6975.000 6.963
6980.000 5.725
6985.000 5.164
6990.000 4.240
6995.000 3.572
7000.000 3.304
7005.000 2.933
7010.000 2.787
7015.000 2.529
7020.000 2.321
7025.000 2.233
7030.000 2.076
7035.000 1.997
7040.000 1.930
7045.000 1.838
7050.000 1.783
7055.000 1.685
7060.000 1.638
7065.000 1.573
7070.000 1.502
7075.000 1.472
7080.000 1.453
7085.000 1.455
7090.000 1.407
7095.000 1.367
7100.000 1.348
7105.000 1.318
7110.000 1.303
7115.000 1.283
7120.000 1.266
7125.000 1.265
7130.000 1.285
7135.000 1.279
7140.000 1.282
7145.000 1.271
7150.000 1.269
7155.000 1.270
7160.000 1.274
7165.000 1.275
7170.000 1.303
7175.000 1.313
7180.000 1.356
7185.000 1.356
7190.000 1.376
7195.000 1.400
7200.000 1.430
7205.000 1.502
7210.000 1.509
7215.000 1.554
7220.000 1.659
7225.000 1.688
7230.000 1.757
7235.000 1.847
7240.000 1.958
7245.000 2.090
7250.000 2.175
7255.000 2.332
7260.000 2.431
7265.000 2.674
7270.000 3.018
7275.000 3.257
7280.000 3.800
7285.000 4.105
7290.000 4.801
7295.000 5.431
7300.000 5.638
7305.000 5.534
7310.000 5.248
7315.000 4.426
7320.000 3.600
7325.000 3.251
7330.000 2.681
7335.000 2.455
7340.000 2.125
7345.000 1.885
7350.000 1.776
7355.000 1.583
7360.000 1.493
7365.000 1.397
7370.000 1.239
7375.000 1.169
7380.000 1.061
7385.000 1.017
7390.000 0.942
7395.000 0.874
7400.000 0.849
7405.000 0.794
7410.000 0.768
7415.000 0.715
7420.000 0.671
7425.000 0.640
7430.000 0.609
7435.000 0.596
7440.000 0.567
7445.000 0.556
7450.000 0.555
7455.000 0.532
7460.000 0.518
7465.000 0.493
7470.000 0.472
7475.000 0.464
7480.000 0.448
7485.000 0.444
7490.000 0.433
7495.000 0.427
7500.000 0.422
7505.000 0.416
7510.000 0.412
7515.000 0.414
7520.000 0.413
7525.000 0.413
7530.000 0.417
7535.000 0.421
7540.000 0.427
7545.000 0.434
7550.000 0.450
7555.000 0.469
7560.000 0.481
7565.000 0.511
7570.000 0.532
7575.000 0.623
7580.000 0.701
7585.000 0.753
7590.000 0.850
7595.000 0.913
7600.000 1.079
7605.000 1.269
7610.000 1.367
7615.000 1.518
7620.000 1.544
7625.000 1.406
7630.000 1.166
7635.000 1.055
7640.000 0.879
7645.000 0.809
7650.000 0.702
7655.000 0.629
7660.000 0.601
7665.000 0.541
7670.000 0.517
7675.000 0.476
7680.000 0.441
7685.000 0.430
7690.000 0.405
7695.000 0.391
7700.000 0.378
7705.000 0.376
7710.000 0.370
7715.000 0.371
7720.000 0.364
7725.000 0.350
7730.000 0.345
7735.000 0.338
7740.000 0.326
7745.000 0.323
7750.000 0.318
7755.000 0.310
7760.000 0.306
7765.000 0.303
7770.000 0.302
7775.000 0.297
7780.000 0.296
7785.000 0.295
7790.000 0.308
7795.000 0.308
7800.000 0.300
7805.000 0.299
7810.000 0.296
7815.000 0.290
7820.000 0.288
7825.000 0.285
7830.000 0.287
7835.000 0.281
7840.000 0.280
7845.000 0.281
7850.000 0.276
7855.000 0.276
7860.000 0.292
7865.000 0.290
7870.000 0.290
7875.000 0.281
7880.000 0.286
7885.000 0.281
7890.000 0.286
7895.000 0.283
7900.000 0.281
7905.000 0.279
7910.000 0.273
7915.000 0.271
7920.000 0.269
7925.000 0.272
7930.000 0.270
7935.000 0.267
7940.000 0.268
7945.000 0.269
7950.000 0.267
7955.000 0.267
7960.000 0.265
7965.000 0.265
7970.000 0.259
7975.000 0.275
7980.000 0.280
7985.000 0.273
7990.000 0.280
7995.000 0.271
8000.000 0.265
8005.000 0.267
8010.000 0.271
8015.000 0.270
8020.000 0.267
8025.000 0.274
8030.000 0.268
8035.000 0.271
8040.000 0.262
8045.000 0.265
8050.000 0.271
8055.000 0.262
8060.000 0.266
8065.000 0.269
8070.000 0.271
8075.000 0.270
8080.000 0.269
8085.000 0.274
8090.000 0.276
8095.000 0.272
8100.000 0.270
8105.000 0.273
8110.000 0.270
8115.000 0.271
8120.000 0.279
8125.000 0.274
8130.000 0.274
8135.000 0.273
8140.000 0.274
8145.000 0.270
8150.000 0.269
8155.000 0.272
8160.000 0.267
8165.000 0.267
8170.000 0.268
8175.000 0.268
8180.000 0.266
8185.000 0.265
8190.000 0.267
8195.000 0.267
8200.000 0.270
8205.000 0.269
8210.000 0.271
8215.000 0.273
8220.000 0.274
8225.000 0.275
8230.000 0.274
8235.000 0.272
8240.000 0.273
8245.000 0.272
8250.000 0.272
8255.000 0.279
8260.000 0.288
8265.000 0.287
8270.000 0.285
8275.000 0.284
8280.000 0.282
8285.000 0.287
8290.000 0.287
8295.000 0.290
8300.000 0.294
8305.000 0.291
8310.000 0.287
8315.000 0.284
8320.000 0.285
8325.000 0.288
8330.000 0.288
8335.000 0.286
8340.000 0.292
8345.000 0.291
8350.000 0.291
8355.000 0.291
8360.000 0.286
8365.000 0.287
8370.000 0.286
8375.000 0.293
8380.000 0.295
8385.000 0.297
8390.000 0.297
8395.000 0.293
8400.000 0.294
8405.000 0.291
8410.000 0.291
8415.000 0.292
8420.000 0.292
8425.000 0.297
8430.000 0.299
8435.000 0.299
8440.000 0.306
8445.000 0.300
8450.000 0.302
8455.000 0.300
8460.000 0.296
8465.000 0.296
8470.000 0.307
8475.000 0.301
8480.000 0.303
8485.000 0.300
8490.000 0.298
8495.000 0.299
8500.000 0.296
8505.000 0.297
8510.000 0.297
8515.000 0.297
8520.000 0.298
8525.000 0.298
8530.000 0.298
8535.000 0.298
8540.000 0.302
8545.000 0.305
8550.000 0.303
8555.000 0.308
8560.000 0.306
8565.000 0.298
8570.000 0.433
8575.000 0.450
8580.000 0.424
8585.000 0.382
8590.000 0.365
8595.000 0.341
8600.000 0.321
8605.000 0.314
8610.000 0.307
8615.000 0.303
8620.000 0.303
8625.000 0.305
8630.000 0.312
8635.000 0.312
8640.000 0.310
8645.000 0.312
8650.000 0.312
8655.000 0.312
8660.000 0.308
8665.000 0.308
8670.000 0.308
8675.000 0.309
8680.000 0.305
8685.000 0.313
8690.000 0.317
8695.000 0.312
8700.000 0.310
8705.000 0.309
8710.000 0.309
8715.000 0.307
8720.000 0.315
8725.000 0.316
8730.000 0.314
8735.000 0.318
8740.000 0.317
8745.000 0.317
8750.000 0.313
8755.000 0.310
8760.000 0.310
8765.000 0.312
8770.000 0.315
8775.000 0.314
8780.000 0.312
8785.000 0.311
8790.000 0.313
8795.000 0.315
8800.000 0.311
8805.000 0.308
8810.000 0.309
8815.000 0.309
8820.000 0.310
8825.000 0.324
8830.000 0.295
8835.000 0.312
8840.000 0.305
8845.000 0.316
8850.000 0.309
8855.000 0.308
8860.000 0.311
8865.000 0.311
8870.000 0.320
8875.000 0.318
8880.000 0.319
8885.000 0.317
8890.000 0.315
8895.000 0.312
8900.000 0.313
8905.000 0.312
8910.000 0.308
8915.000 0.306
8920.000 0.324
8925.000 0.324
8930.000 0.322
8935.000 0.333
8940.000 0.324
8945.000 0.317
8950.000 0.312
8955.000 0.315
8960.000 0.309
8965.000 0.313
8970.000 0.309
8975.000 0.315
8980.000 0.312
8985.000 0.313
8990.000 0.310
8995.000 0.317
9000.000 0.326
9005.000 0.315
9010.000 0.324
9015.000 0.318
9020.000 0.322
9025.000 0.325
9030.000 0.319
9035.000 0.316
9040.000 0.310
9045.000 0.311
9050.000 0.312
9055.000 0.315
9060.000 0.328
9065.000 0.324
9070.000 0.321
9075.000 0.319
9080.000 0.316
9085.000 0.316
9090.000 0.315
9095.000 0.318
9100.000 0.325
9105.000 0.320
9110.000 0.323
9115.000 0.321
9120.000 0.319
9125.000 0.322
9130.000 0.318
9135.000 0.316
9140.000 0.317
9145.000 0.314
9150.000 0.316
9155.000 0.318
9160.000 0.318
9165.000 0.318
9170.000 0.318
9175.000 0.314
9180.000 0.313
9185.000 0.324
9190.000 0.326
9195.000 0.326
9200.000 0.323
9205.000 0.321
9210.000 0.324
9215.000 0.321
9220.000 0.319
9225.000 0.318
9230.000 0.318
9235.000 0.318
9240.000 0.318
9245.000 0.318
9250.000 0.316
9255.000 0.317
9260.000 0.316
9265.000 0.316
9270.000 0.316
9275.000 0.314
9280.000 0.314
9285.000 0.313
9290.000 0.315
9295.000 0.312
9300.000 0.314
9305.000 0.313
9310.000 0.312
9315.000 0.312
9320.000 0.314
9325.000 0.313
9330.000 0.310
9335.000 0.317
9340.000 0.321
9345.000 0.324
9350.000 0.324
9355.000 0.322
9360.000 0.321
9365.000 0.319
9370.000 0.317
9375.000 0.318
9380.000 0.319
9385.000 0.318
9390.000 0.315
9395.000 0.314
9400.000 0.318
9405.000 0.318
9410.000 0.314
9415.000 0.315
9420.000 0.324
9425.000 0.330
9430.000 0.326
9435.000 0.327
9440.000 0.324
9445.000 0.323
9450.000 0.326
9455.000 0.330
9460.000 0.325
9465.000 0.325
9470.000 0.320
9475.000 0.321
9480.000 0.332
9485.000 0.330
9490.000 0.328
9495.000 0.325
9500.000 0.324
9505.000 0.323
9510.000 0.325
9515.000 0.328
9520.000 0.326
9525.000 0.325
9530.000 0.326
9535.000 0.323
9540.000 0.319
9545.000 0.319
9550.000 0.327
9555.000 0.327
9560.000 0.324
9565.000 0.325
9570.000 0.324
9575.000 0.326
9580.000 0.324
9585.000 0.326
9590.000 0.322
9595.000 0.323
9600.000 0.320
9605.000 0.333
9610.000 0.331
9615.000 0.336
9620.000 0.327
9625.000 0.329
9630.000 0.330
9635.000 0.327
9640.000 0.326
9645.000 0.323
9650.000 0.321
9655.000 0.322
9660.000 0.325
9665.000 0.328
9670.000 0.325
9675.000 0.328
9680.000 0.326
9685.000 0.326
9690.000 0.331
9695.000 0.327
9700.000 0.330
9705.000 0.329
9710.000 0.326
9715.000 0.328
9720.000 0.333
9725.000 0.332
9730.000 0.332
9735.000 0.335
9740.000 0.336
9745.000 0.333
9750.000 0.333
9755.000 0.329
9760.000 0.329
9765.000 0.331
9770.000 0.333
9775.000 0.335
9780.000 0.333
9785.000 0.332
9790.000 0.337
9795.000 0.342
9800.000 0.347
9805.000 0.346
9810.000 0.347
9815.000 0.343
9820.000 0.350
9825.000 0.347
9830.000 0.353
9835.000 0.350
9840.000 0.351
9845.000 0.347
9850.000 0.346
9855.000 0.349
9860.000 0.348
9865.000 0.348
9870.000 0.350
9875.000 0.359
9880.000 0.360
9885.000 0.360
9890.000 0.360
9895.000 0.371
9900.000 0.368
9905.000 0.366
9910.000 0.367
9915.000 0.370
9920.000 0.372
9925.000 0.378
9930.000 0.382
9935.000 0.383
9940.000 0.387
9945.000 0.393
9950.000 0.395
9955.000 0.404
9960.000 0.405
9965.000 0.410
9970.000 0.421
9975.000 0.425
9980.000 0.433
9985.000 0.441
9990.000 0.443
9995.000 0.453
10000.000 0.467
10005.000 0.480
10010.000 0.490
10015.000 0.511
10020.000 0.548
10025.000 0.560
10030.000 0.600
10035.000 0.619
10040.000 0.661
10045.000 0.713
10050.000 0.757
10055.000 0.840
10060.000 0.886
10065.000 1.023
10070.000 1.216
10075.000 1.332
10080.000 1.544
10085.000 1.618
10090.000 1.656
10095.000 1.485
10100.000 1.360
10105.000 1.098
10110.000 0.981
10115.000 0.791
10120.000 0.662
10125.000 0.611
10130.000 0.534
10135.000 0.503
10140.000 0.452
10145.000 0.416
10150.000 0.403
10155.000 0.382
10160.000 0.376
10165.000 0.366
10170.000 0.363
10175.000 0.365
10180.000 0.372
10185.000 0.376
10190.000 0.391
10195.000 0.404
10200.000 0.429
10205.000 0.465
10210.000 0.493
10215.000 0.548
10220.000 0.585
10225.000 0.659
10230.000 0.764
10235.000 0.834
10240.000 1.009
10245.000 1.126
10250.000 1.411
10255.000 1.772
10260.000 1.991
10265.000 2.483
10270.000 2.718
10275.000 3.106
10280.000 3.299
10285.000 3.273
10290.000 3.059
10295.000 2.863
10300.000 2.456
10305.000 2.084
10310.000 1.958
10315.000 1.676
10320.000 1.558
10325.000 1.374
10330.000 1.232
10335.000 1.180
10340.000 1.113
10345.000 1.084
10350.000 1.054
10355.000 1.007
10360.000 0.999
10365.000 0.966
10370.000 0.951
10375.000 0.925
10380.000 0.909
10385.000 0.904
10390.000 0.888
10395.000 0.883
10400.000 0.871
10405.000 0.870
10410.000 0.866
10415.000 0.854
10420.000 0.854
10425.000 0.860
10430.000 0.866
10435.000 0.861
10440.000 0.862
10445.000 0.861
10450.000 0.869
10455.000 0.875
10460.000 0.881
10465.000 0.892
10470.000 0.898
10475.000 0.917
10480.000 0.938
10485.000 0.949
10490.000 0.977
10495.000 0.990
10500.000 1.024
10505.000 1.065
10510.000 1.089
10515.000 1.148
10520.000 1.180
10525.000 1.248
10530.000 1.328
10535.000 1.372
10540.000 1.451
10545.000 1.490
10550.000 1.570
10555.000 1.603
10560.000 1.587
10565.000 1.508
10570.000 1.442
10575.000 1.287
10580.000 1.104
10585.000 1.017
10590.000 0.854
10595.000 0.782
10600.000 0.659
10605.000 0.559
10610.000 0.514
10615.000 0.447
10620.000 0.417
10625.000 0.355
10630.000 0.302
10635.000 0.279
10640.000 0.238
10645.000 0.219
10650.000 0.183
10655.000 0.151
10660.000 0.137
10665.000 0.114
10670.000 0.099
10675.000 0.078
10680.000 0.061
10685.000 0.067
10690.000 0.055
10695.000 0.050
10700.000 0.042
10705.000 0.038
10710.000 0.035
10715.000 0.030
10720.000 0.027
10725.000 0.023
10730.000 0.016
10735.000 0.015
10740.000 0.010
10745.000 0.010
10750.000 0.010
10755.000 0.019
10760.000 0.023
10765.000 0.036
10770.000 0.044
10775.000 0.062
10780.000 0.072
10785.000 0.100
10790.000 0.141
10795.000 0.169
10800.000 0.259
10805.000 0.324
10810.000 0.493
10815.000 0.717
10820.000 0.810
10825.000 0.978
10830.000 1.042
10835.000 1.098
10840.000 1.092
10845.000 1.060
10850.000 1.021
10855.000 0.987
10860.000 0.917
10865.000 0.855
10870.000 0.820
10875.000 0.763
10880.000 0.737
10885.000 0.689
10890.000 0.651
10895.000 0.632
10900.000 0.592
10905.000 0.570
10910.000 0.542
10915.000 0.505
10920.000 0.486
10925.000 0.461
10930.000 0.447
10935.000 0.422
10940.000 0.399
10945.000 0.386
10950.000 0.366
10955.000 0.367
10960.000 0.355
10965.000 0.350
10970.000 0.349
10975.000 0.343
10980.000 0.343
10985.000 0.341
10990.000 0.341
10995.000 0.346
11000.000 0.345
11005.000 0.344
11010.000 0.339
11015.000 0.338
11020.000 0.334
11025.000 0.333
11030.000 0.331
11035.000 0.334
11040.000 0.351
11045.000 0.352
11050.000 0.343
11055.000 0.337
11060.000 0.328
11065.000 0.328
11070.000 0.323
11075.000 0.322
11080.000 0.322
11085.000 0.320
11090.000 0.316
11095.000 0.318
11100.000 0.318
11105.000 0.318
11110.000 0.319
11115.000 0.316
11120.000 0.314
11125.000 0.315
11130.000 0.315
11135.000 0.315
11140.000 0.315
11145.000 0.317
11150.000 0.315
11155.000 0.317
11160.000 0.316
11165.000 0.314
11170.000 0.313
11175.000 0.315
11180.000 0.316
11185.000 0.313
11190.000 0.312
11195.000 0.310
11200.000 0.311
11205.000 0.311
11210.000 0.317
11215.000 0.314
11220.000 0.311
11225.000 0.309
11230.000 0.308
11235.000 0.307
11240.000 0.305
11245.000 0.303
11250.000 0.306
11255.000 0.308
11260.000 0.306
11265.000 0.308
11270.000 0.308
11275.000 0.307
11280.000 0.306
11285.000 0.313
11290.000 0.308
11295.000 0.308
11300.000 0.308
11305.000 0.306
11310.000 0.306
11315.000 0.306
11320.000 0.307
11325.000 0.307
11330.000 0.310
11335.000 0.308
11340.000 0.309
11345.000 0.307
11350.000 0.310
11355.000 0.307
11360.000 0.308
11365.000 0.307
11370.000 0.309
11375.000 0.305
11380.000 0.306
11385.000 0.307
11390.000 0.308
11395.000 0.305
11400.000 0.306
11405.000 0.304
11410.000 0.306
11415.000 0.306
11420.000 0.302
11425.000 0.302
11430.000 0.301
11435.000 0.301
11440.000 0.303
11445.000 0.303
11450.000 0.304
11455.000 0.302
11460.000 0.300
11465.000 0.302
11470.000 0.304
11475.000 0.303
11480.000 0.304
11485.000 0.303
11490.000 0.302
11495.000 0.309
11500.000 0.306
11505.000 0.308
11510.000 0.303
11515.000 0.302
11520.000 0.303
11525.000 0.303
11530.000 0.300
11535.000 0.301
11540.000 0.301
11545.000 0.297
11550.000 0.302
11555.000 0.306
11560.000 0.306
11565.000 0.304
11570.000 0.305
11575.000 0.299
11580.000 0.304
11585.000 0.303
11590.000 0.304
11595.000 0.302
11600.000 0.300
11605.000 0.302
11610.000 0.301
11615.000 0.300
11620.000 0.299
11625.000 0.300
11630.000 0.299
11635.000 0.300
11640.000 0.302
11645.000 0.302
11650.000 0.302
11655.000 0.300
11660.000 0.300
11665.000 0.301
11670.000 0.300
11675.000 0.302
11680.000 0.301
11685.000 0.302
11690.000 0.305
11695.000 0.301
11700.000 0.302
11705.000 0.300
11710.000 0.298
11715.000 0.297
11720.000 0.297
11725.000 0.300
11730.000 0.302
11735.000 0.297
11740.000 0.298
11745.000 0.295
11750.000 0.296
11755.000 0.299
11760.000 0.300
11765.000 0.297
11770.000 0.300
11775.000 0.298
11780.000 0.297
11785.000 0.300
11790.000 0.298
11795.000 0.299
11800.000 0.297
11805.000 0.297
11810.000 0.296
11815.000 0.295
11820.000 0.298
11825.000 0.300
11830.000 0.299
11835.000 0.297
11840.000 0.297
11845.000 0.293
11850.000 0.290
11855.000 0.293
11860.000 0.293
11865.000 0.289
11870.000 0.290
11875.000 0.291
11880.000 0.293
11885.000 0.293
11890.000 0.293
11895.000 0.293
11900.000 0.292
11905.000 0.295
11910.000 0.291
11915.000 0.290
11920.000 0.290
11925.000 0.291
11930.000 0.290
11935.000 0.295
11940.000 0.294
11945.000 0.295
11950.000 0.296
11955.000 0.293
11960.000 0.293
11965.000 0.290
11970.000 0.292
11975.000 0.292
11980.000 0.290
11985.000 0.291
11990.000 0.293
11995.000 0.298
12000.000 0.295
