105.000 0.034
110.000 0.022
115.000 4.504
120.000 5.281
125.000 5.590
130.000 6.193
135.000 6.428
140.000 6.876
145.000 7.539
150.000 7.636
155.000 7.948
160.000 7.963
165.000 7.932
170.000 7.910
175.000 7.818
180.000 7.656
185.000 7.652
190.000 7.536
195.000 7.614
200.000 7.649
205.000 7.867
210.000 7.967
215.000 8.071
220.000 8.147
225.000 8.291
230.000 8.395
235.000 8.453
240.000 8.594
245.000 8.717
250.000 8.618
255.000 8.880
260.000 8.934
265.000 8.973
270.000 9.091
275.000 9.180
280.000 9.304
285.000 9.329
290.000 9.408
295.000 9.506
300.000 9.560
305.000 9.692
310.000 9.791
315.000 9.935
320.000 10.062
325.000 10.325
330.000 10.529
335.000 10.755
340.000 11.104
345.000 11.249
350.000 11.756
355.000 12.380
360.000 12.846
365.000 13.728
370.000 14.969
375.000 15.526
380.000 16.047
385.000 17.334
390.000 18.673
395.000 19.974
400.000 20.622
405.000 21.791
410.000 22.383
415.000 23.396
420.000 24.294
425.000 24.644
430.000 25.269
435.000 25.547
440.000 25.854
445.000 25.938
450.000 25.890
455.000 25.640
460.000 25.388
465.000 24.792
470.000 24.009
475.000 23.564
480.000 22.697
485.000 22.255
490.000 21.361
495.000 20.447
500.000 20.053
505.000 19.207
510.000 18.821
515.000 17.976
520.000 17.065
525.000 16.529
530.000 15.479
535.000 14.873
540.000 13.721
545.000 12.610
550.000 12.074
555.000 11.097
560.000 10.637
565.000 9.785
570.000 9.039
575.000 8.693
580.000 8.093
585.000 7.881
590.000 7.461
595.000 7.121
600.000 6.964
605.000 6.672
610.000 6.561
615.000 6.409
620.000 6.388
625.000 6.391
630.000 6.419
635.000 6.443
640.000 6.489
645.000 6.529
650.000 6.634
655.000 6.816
660.000 6.897
665.000 7.140
670.000 7.260
675.000 7.611
680.000 8.047
685.000 8.323
690.000 9.071
695.000 9.550
700.000 10.815
705.000 12.591
710.000 13.681
715.000 16.495
720.000 18.221
725.000 21.823
730.000 24.232
735.000 24.344
740.000 21.358
745.000 18.964
750.000 14.197
755.000 10.674
760.000 9.389
765.000 7.403
770.000 6.639
775.000 5.502
780.000 4.649
785.000 4.301
790.000 3.682
795.000 3.430
800.000 2.981
805.000 2.762
810.000 2.413
815.000 2.152
820.000 2.028
825.000 1.799
830.000 1.603
835.000 1.510
840.000 1.349
845.000 1.273
850.000 1.152
855.000 1.034
860.000 0.989
865.000 0.901
870.000 0.861
875.000 0.786
880.000 0.721
885.000 0.688
890.000 0.631
895.000 0.608
900.000 0.557
905.000 0.518
910.000 0.499
915.000 0.461
920.000 0.442
925.000 0.411
930.000 0.378
935.000 0.366
940.000 0.339
945.000 0.327
950.000 0.301
955.000 0.281
960.000 0.273
965.000 0.253
970.000 0.244
975.000 0.230
980.000 0.214
985.000 0.205
990.000 0.189
995.000 0.185
1000.000 0.170
1005.000 0.162
1010.000 0.157
1015.000 0.149
1020.000 0.139
1025.000 0.138
1030.000 0.124
1035.000 0.125
1040.000 0.118
1045.000 0.116
1050.000 0.116
1055.000 0.115
1060.000 0.112
1065.000 0.112
1070.000 0.115
1075.000 0.113
1080.000 0.115
1085.000 0.122
1090.000 0.124
1095.000 0.125
1100.000 0.131
1105.000 0.133
1110.000 0.136
1115.000 0.142
1120.000 0.144
1125.000 0.153
1130.000 0.165
1135.000 0.165
1140.000 0.177
1145.000 0.182
1150.000 0.193
1155.000 0.204
1160.000 0.210
1165.000 0.217
1170.000 0.225
1175.000 0.234
1180.000 0.242
1185.000 0.254
1190.000 0.267
1195.000 0.275
1200.000 0.290
1205.000 0.302
1210.000 0.310
1215.000 0.324
1220.000 0.334
1225.000 0.352
1230.000 0.374
1235.000 0.382
1240.000 0.406
1245.000 0.415
1250.000 0.442
1255.000 0.455
1260.000 0.486
1265.000 0.519
1270.000 0.533
1275.000 0.577
1280.000 0.597
1285.000 0.649
1290.000 0.708
1295.000 0.730
1300.000 0.780
1305.000 0.807
1310.000 0.861
1315.000 0.920
1320.000 0.953
1325.000 1.030
1330.000 1.067
1335.000 1.152
1340.000 1.255
1345.000 1.314
1350.000 1.449
1355.000 1.524
1360.000 1.704
1365.000 1.928
1370.000 2.067
1375.000 2.400
1380.000 2.609
1385.000 3.152
1390.000 3.928
1395.000 4.439
1400.000 5.785
1405.000 6.642
1410.000 8.637
1415.000 10.735
1420.000 11.819
1425.000 13.898
1430.000 14.717
1435.000 15.517
1440.000 14.586
1445.000 13.443
1450.000 10.794
1455.000 9.559
1460.000 7.483
1465.000 6.656
1470.000 5.359
1475.000 4.441
1480.000 4.081
1485.000 3.513
1490.000 3.088
1495.000 2.920
1500.000 2.663
1505.000 2.558
1510.000 2.380
1515.000 2.231
1520.000 2.168
1525.000 2.062
1530.000 2.017
1535.000 1.939
1540.000 1.867
1545.000 1.831
1550.000 1.772
1555.000 1.746
1560.000 1.691
1565.000 1.641
1570.000 1.611
1575.000 1.562
1580.000 1.543
1585.000 1.487
1590.000 1.471
1595.000 1.423
1600.000 1.379
1605.000 1.356
1610.000 1.313
1615.000 1.266
1620.000 1.247
1625.000 1.200
1630.000 1.182
1635.000 1.139
1640.000 1.117
1645.000 1.082
1650.000 1.040
1655.000 1.019
1660.000 0.986
1665.000 0.959
1670.000 0.948
1675.000 0.939
1680.000 0.938
1685.000 0.944
1690.000 0.967
1695.000 0.984
1700.000 1.019
1705.000 1.044
1710.000 1.098
1715.000 1.124
1720.000 1.179
1725.000 1.234
1730.000 1.266
1735.000 1.319
1740.000 1.370
1745.000 1.397
1750.000 1.420
1755.000 1.464
1760.000 1.508
1765.000 1.538
1770.000 1.559
1775.000 1.589
1780.000 1.612
1785.000 1.649
1790.000 1.682
1795.000 1.703
1800.000 1.732
1805.000 1.746
1810.000 1.773
1815.000 1.808
1820.000 1.825
1825.000 1.858
1830.000 1.880
1835.000 1.915
1840.000 1.956
1845.000 1.979
1850.000 2.019
1855.000 2.046
1860.000 2.083
1865.000 2.106
1870.000 2.152
1875.000 2.199
1880.000 2.227
1885.000 2.276
1890.000 2.306
1895.000 2.364
1900.000 2.431
1905.000 2.459
1910.000 2.523
1915.000 2.559
1920.000 2.637
1925.000 2.720
1930.000 2.756
1935.000 2.839
1940.000 2.882
1945.000 2.966
1950.000 3.017
1955.000 3.113
1960.000 3.222
1965.000 3.284
1970.000 3.402
1975.000 3.537
1980.000 3.617
1985.000 3.759
1990.000 3.832
1995.000 4.008
2000.000 4.197
2005.000 4.311
2010.000 4.526
2015.000 4.632
2020.000 4.837
2025.000 5.074
2030.000 5.214
2035.000 5.486
2040.000 5.638
2045.000 5.965
2050.000 6.316
2055.000 6.536
2060.000 6.986
2065.000 7.233
2070.000 7.795
2075.000 8.424
2080.000 8.761
2085.000 9.476
2090.000 9.829
2095.000 10.450
2100.000 10.835
2105.000 10.894
2110.000 10.743
2115.000 10.630
2120.000 10.292
2125.000 9.683
2130.000 9.305
2135.000 8.482
2140.000 8.008
2145.000 7.200
2150.000 6.477
2155.000 6.141
2160.000 5.529
2165.000 5.255
2170.000 4.761
2175.000 4.318
2180.000 4.107
2185.000 3.725
2190.000 3.549
2195.000 3.251
2200.000 2.986
2205.000 2.866
2210.000 2.748
2215.000 2.543
2220.000 2.354
2225.000 2.184
2230.000 2.106
2235.000 1.960
2240.000 1.895
2245.000 1.763
2250.000 1.610
2255.000 1.540
2260.000 1.407
2265.000 1.351
2270.000 1.244
2275.000 1.153
2280.000 1.109
2285.000 1.033
2290.000 0.997
2295.000 0.933
2300.000 0.875
2305.000 0.848
2310.000 0.798
2315.000 0.777
2320.000 0.735
2325.000 0.698
2330.000 0.680
2335.000 0.647
2340.000 0.630
2345.000 0.602
2350.000 0.575
2355.000 0.563
2360.000 0.537
2365.000 0.528
2370.000 0.504
2375.000 0.486
2380.000 0.475
2385.000 0.458
2390.000 0.449
2395.000 0.431
2400.000 0.417
2405.000 0.412
2410.000 0.396
2415.000 0.390
2420.000 0.377
2425.000 0.370
2430.000 0.360
2435.000 0.347
2440.000 0.342
2445.000 0.337
2450.000 0.328
2455.000 0.318
2460.000 0.310
2465.000 0.307
2470.000 0.301
2475.000 0.295
2480.000 0.287
2485.000 0.281
2490.000 0.280
2495.000 0.273
2500.000 0.269
2505.000 0.264
2510.000 0.259
2515.000 0.257
2520.000 0.252
2525.000 0.252
2530.000 0.248
2535.000 0.246
2540.000 0.241
2545.000 0.240
2550.000 0.238
2555.000 0.235
2560.000 0.233
2565.000 0.232
2570.000 0.230
2575.000 0.228
2580.000 0.226
2585.000 0.223
2590.000 0.221
2595.000 0.219
2600.000 0.217
2605.000 0.215
2610.000 0.214
2615.000 0.213
2620.000 0.212
2625.000 0.210
2630.000 0.209
2635.000 0.208
2640.000 0.207
2645.000 0.205
2650.000 0.205
2655.000 0.202
2660.000 0.201
2665.000 0.202
2670.000 0.200
2675.000 0.201
2680.000 0.202
2685.000 0.201
2690.000 0.199
2695.000 0.200
2700.000 0.199
2705.000 0.198
2710.000 0.196
2715.000 0.197
2720.000 0.198
2725.000 0.198
2730.000 0.197
2735.000 0.199
2740.000 0.197
2745.000 0.196
2750.000 0.196
2755.000 0.197
2760.000 0.197
2765.000 0.197
2770.000 0.196
2775.000 0.196
2780.000 0.197
2785.000 0.197
2790.000 0.197
2795.000 0.198
2800.000 0.196
2805.000 0.197
2810.000 0.197
2815.000 0.197
2820.000 0.197
2825.000 0.198
2830.000 0.197
2835.000 0.198
2840.000 0.199
2845.000 0.198
2850.000 0.198
2855.000 0.200
2860.000 0.201
2865.000 0.201
2870.000 0.201
2875.000 0.202
2880.000 0.203
2885.000 0.203
2890.000 0.205
2895.000 0.205
2900.000 0.205
2905.000 0.208
2910.000 0.208
2915.000 0.208
2920.000 0.211
2925.000 0.213
2930.000 0.214
2935.000 0.212
2940.000 0.217
2945.000 0.217
2950.000 0.219
2955.000 0.222
2960.000 0.225
2965.000 0.219
2970.000 0.225
2975.000 0.226
2980.000 0.225
2985.000 0.233
2990.000 0.226
2995.000 0.232
3000.000 0.235
3005.000 0.230
3010.000 0.237
3015.000 0.234
3020.000 0.246
3025.000 0.242
3030.000 0.241
3035.000 0.250
3040.000 0.252
3045.000 0.256
3050.000 0.258
3055.000 0.260
3060.000 0.261
3065.000 0.262
3070.000 0.270
3075.000 0.272
3080.000 0.274
3085.000 0.276
3090.000 0.283
3095.000 0.287
3100.000 0.292
3105.000 0.298
3110.000 0.300
3115.000 0.305
3120.000 0.313
3125.000 0.317
3130.000 0.323
3135.000 0.329
3140.000 0.336
3145.000 0.341
3150.000 0.350
3155.000 0.361
3160.000 0.366
3165.000 0.380
3170.000 0.392
3175.000 0.398
3180.000 0.411
3185.000 0.419
3190.000 0.435
3195.000 0.454
3200.000 0.461
3205.000 0.482
3210.000 0.492
3215.000 0.516
3220.000 0.542
3225.000 0.557
3230.000 0.589
3235.000 0.608
3240.000 0.648
3245.000 0.697
3250.000 0.722
3255.000 0.774
3260.000 0.809
3265.000 0.884
3270.000 0.970
3275.000 1.008
3280.000 1.087
3285.000 1.127
3290.000 1.227
3295.000 1.353
3300.000 1.421
3305.000 1.595
3310.000 1.700
3315.000 1.951
3320.000 2.285
3325.000 2.497
3330.000 3.074
3335.000 3.417
3340.000 4.310
3345.000 4.860
3350.000 6.227
3355.000 7.874
3360.000 8.745
3365.000 10.363
3370.000 10.953
3375.000 11.300
3380.000 10.191
3385.000 9.234
3390.000 7.260
3395.000 6.390
3400.000 4.972
3405.000 3.970
3410.000 3.593
3415.000 2.984
3420.000 2.762
3425.000 2.410
3430.000 2.152
3435.000 2.085
3440.000 1.945
3445.000 1.891
3450.000 1.780
3455.000 1.733
3460.000 1.651
3465.000 1.618
3470.000 1.581
3475.000 1.510
3480.000 1.454
3485.000 1.429
3490.000 1.378
3495.000 1.360
3500.000 1.320
3505.000 1.287
3510.000 1.273
3515.000 1.241
3520.000 1.229
3525.000 1.214
3530.000 1.217
3535.000 1.202
3540.000 1.167
3545.000 1.164
3550.000 1.150
3555.000 1.139
3560.000 1.135
3565.000 1.141
3570.000 1.162
3575.000 1.148
3580.000 1.132
3585.000 1.129
3590.000 1.131
3595.000 1.135
3600.000 1.136
3605.000 1.140
3610.000 1.150
3615.000 1.162
3620.000 1.162
3625.000 1.181
3630.000 1.196
3635.000 1.209
3640.000 1.232
3645.000 1.241
3650.000 1.268
3655.000 1.296
3660.000 1.310
3665.000 1.343
3670.000 1.360
3675.000 1.404
3680.000 1.459
3685.000 1.493
3690.000 1.562
3695.000 1.591
3700.000 1.648
3705.000 1.723
3710.000 1.769
3715.000 1.864
3720.000 1.923
3725.000 2.058
3730.000 2.219
3735.000 2.315
3740.000 2.427
3745.000 2.716
3750.000 3.100
3755.000 3.622
3760.000 3.949
3765.000 4.793
3770.000 5.318
3775.000 6.543
3780.000 7.834
3785.000 8.350
3790.000 8.768
3795.000 8.471
3800.000 7.193
3805.000 5.694
3810.000 5.025
3815.000 3.954
3820.000 3.540
3825.000 2.884
3830.000 2.452
3835.000 2.295
3840.000 2.036
3845.000 1.927
3850.000 1.741
3855.000 1.581
3860.000 1.516
3865.000 1.391
3870.000 1.336
3875.000 1.238
3880.000 1.148
3885.000 1.113
3890.000 1.038
3895.000 1.010
3900.000 0.945
3905.000 0.913
3910.000 0.856
3915.000 0.801
3920.000 0.780
3925.000 0.735
3930.000 0.710
3935.000 0.671
3940.000 0.636
3945.000 0.621
3950.000 0.587
3955.000 0.574
3960.000 0.551
3965.000 0.527
3970.000 0.511
3975.000 0.488
3980.000 0.480
3985.000 0.463
3990.000 0.453
3995.000 0.444
4000.000 0.439
4005.000 0.425
4010.000 0.410
4015.000 0.400
4020.000 0.408
4025.000 0.393
4030.000 0.396
4035.000 0.380
4040.000 0.379
4045.000 0.375
4050.000 0.365
4055.000 0.370
4060.000 0.362
4065.000 0.358
4070.000 0.357
4075.000 0.354
4080.000 0.354
4085.000 0.348
4090.000 0.348
4095.000 0.349
4100.000 0.345
4105.000 0.345
4110.000 0.344
4115.000 0.342
4120.000 0.342
4125.000 0.345
4130.000 0.345
4135.000 0.344
4140.000 0.347
4145.000 0.348
4150.000 0.350
4155.000 0.351
4160.000 0.355
4165.000 0.357
4170.000 0.361
4175.000 0.365
4180.000 0.369
4185.000 0.371
4190.000 0.383
4195.000 0.386
4200.000 0.394
4205.000 0.397
4210.000 0.410
4215.000 0.421
4220.000 0.428
4225.000 0.445
4230.000 0.451
4235.000 0.464
4240.000 0.475
4245.000 0.482
4250.000 0.498
4255.000 0.504
4260.000 0.521
4265.000 0.537
4270.000 0.547
4275.000 0.568
4280.000 0.581
4285.000 0.602
4290.000 0.625
4295.000 0.639
4300.000 0.650
4305.000 0.680
4310.000 0.716
4315.000 0.758
4320.000 0.782
4325.000 0.851
4330.000 0.888
4335.000 0.973
4340.000 1.074
4345.000 1.137
4350.000 1.304
4355.000 1.408
4360.000 1.686
4365.000 2.066
4370.000 2.314
4375.000 2.924
4380.000 3.286
4385.000 4.063
4390.000 4.679
4395.000 4.805
4400.000 4.561
4405.000 4.209
4410.000 3.400
4415.000 2.698
4420.000 2.411
4425.000 1.975
4430.000 1.797
4435.000 1.513
4440.000 1.408
4445.000 1.257
4450.000 1.149
4455.000 1.106
4460.000 1.027
4465.000 0.992
4470.000 0.933
4475.000 0.881
4480.000 0.856
4485.000 0.816
4490.000 0.778
4495.000 0.760
4500.000 0.728
4505.000 0.714
4510.000 0.684
4515.000 0.663
4520.000 0.650
4525.000 0.631
4530.000 0.621
4535.000 0.605
4540.000 0.599
4545.000 0.584
4550.000 0.573
4555.000 0.568
4560.000 0.559
4565.000 0.556
4570.000 0.546
4575.000 0.542
4580.000 0.536
4585.000 0.530
4590.000 0.528
4595.000 0.527
4600.000 0.522
4605.000 0.521
4610.000 0.520
4615.000 0.515
4620.000 0.514
4625.000 0.511
4630.000 0.512
4635.000 0.511
4640.000 0.514
4645.000 0.510
4650.000 0.510
4655.000 0.510
4660.000 0.512
4665.000 0.513
4670.000 0.511
4675.000 0.512
4680.000 0.508
4685.000 0.509
4690.000 0.511
4695.000 0.509
4700.000 0.511
4705.000 0.512
4710.000 0.512
4715.000 0.513
4720.000 0.507
4725.000 0.502
4730.000 0.500
4735.000 0.500
4740.000 0.497
4745.000 0.493
4750.000 0.491
4755.000 0.491
4760.000 0.485
4765.000 0.486
4770.000 0.484
4775.000 0.481
4780.000 0.478
4785.000 0.475
4790.000 0.478
4795.000 0.477
4800.000 0.476
4805.000 0.480
4810.000 0.480
4815.000 0.484
4820.000 0.490
4825.000 0.492
4830.000 0.502
4835.000 0.513
4840.000 0.522
4845.000 0.536
4850.000 0.545
4855.000 0.570
4860.000 0.597
4865.000 0.614
4870.000 0.654
4875.000 0.701
4880.000 0.726
4885.000 0.749
4890.000 0.808
4895.000 0.888
4900.000 0.983
4905.000 1.041
4910.000 1.225
4915.000 1.305
4920.000 1.553
4925.000 1.913
4930.000 2.132
4935.000 2.658
4940.000 2.907
4945.000 3.287
4950.000 3.221
4955.000 2.990
4960.000 2.433
4965.000 2.141
4970.000 1.675
4975.000 1.318
4980.000 1.184
4985.000 0.977
4990.000 0.891
4995.000 0.778
5000.000 0.676
5005.000 0.649
5010.000 0.577
5015.000 0.546
5020.000 0.479
5025.000 0.443
5030.000 0.424
5035.000 0.383
5040.000 0.371
5045.000 0.341
5050.000 0.305
5055.000 0.299
5060.000 0.275
5065.000 0.257
5070.000 0.239
5075.000 0.226
5080.000 0.205
5085.000 0.185
5090.000 0.183
5095.000 0.165
5100.000 0.156
5105.000 0.151
5110.000 0.143
5115.000 0.140
5120.000 0.135
5125.000 0.133
5130.000 0.130
5135.000 0.130
5140.000 0.131
5145.000 0.131
5150.000 0.130
5155.000 0.134
5160.000 0.136
5165.000 0.154
5170.000 0.152
5175.000 0.152
5180.000 0.169
5185.000 0.176
5190.000 0.177
5195.000 0.176
5200.000 0.174
5205.000 0.174
5210.000 0.177
5215.000 0.177
5220.000 0.181
5225.000 0.179
5230.000 0.184
5235.000 0.188
5240.000 0.188
5245.000 0.195
5250.000 0.198
5255.000 0.202
5260.000 0.205
5265.000 0.211
5270.000 0.218
5275.000 0.220
5280.000 0.226
5285.000 0.227
5290.000 0.227
5295.000 0.233
5300.000 0.233
5305.000 0.235
5310.000 0.237
5315.000 0.239
5320.000 0.241
5325.000 0.241
5330.000 0.243
5335.000 0.246
5340.000 0.247
5345.000 0.247
5350.000 0.248
5355.000 0.253
5360.000 0.251
5365.000 0.253
5370.000 0.254
5375.000 0.254
5380.000 0.256
5385.000 0.253
5390.000 0.255
5395.000 0.258
5400.000 0.257
5405.000 0.258
5410.000 0.262
5415.000 0.260
5420.000 0.260
5425.000 0.259
5430.000 0.259
5435.000 0.257
5440.000 0.259
5445.000 0.260
5450.000 0.261
5455.000 0.262
5460.000 0.267
5465.000 0.265
5470.000 0.267
5475.000 0.267
5480.000 0.269
5485.000 0.267
5490.000 0.267
5495.000 0.269
5500.000 0.271
5505.000 0.268
5510.000 0.266
5515.000 0.272
5520.000 0.280
5525.000 0.277
5530.000 0.289
5535.000 0.282
5540.000 0.278
5545.000 0.276
5550.000 0.277
5555.000 0.271
5560.000 0.274
5565.000 0.273
5570.000 0.273
5575.000 0.276
5580.000 0.275
5585.000 0.276
5590.000 0.278
5595.000 0.278
5600.000 0.278
5605.000 0.275
5610.000 0.279
5615.000 0.278
5620.000 0.279
5625.000 0.280
5630.000 0.280
5635.000 0.280
5640.000 0.280
5645.000 0.283
5650.000 0.282
5655.000 0.281
5660.000 0.278
5665.000 0.280
5670.000 0.280
5675.000 0.280
5680.000 0.280
5685.000 0.282
5690.000 0.282
5695.000 0.283
5700.000 0.285
5705.000 0.285
5710.000 0.285
5715.000 0.285
5720.000 0.286
5725.000 0.283
5730.000 0.285
5735.000 0.284
5740.000 0.289
5745.000 0.294
5750.000 0.290
5755.000 0.288
5760.000 0.288
5765.000 0.288
5770.000 0.292
5775.000 0.289
5780.000 0.290
5785.000 0.291
5790.000 0.292
5795.000 0.291
5800.000 0.294
5805.000 0.292
5810.000 0.293
5815.000 0.291
5820.000 0.292
5825.000 0.292
5830.000 0.292
5835.000 0.299
5840.000 0.296
5845.000 0.295
5850.000 0.297
5855.000 0.294
5860.000 0.297
5865.000 0.294
5870.000 0.302
5875.000 0.302
5880.000 0.300
5885.000 0.302
5890.000 0.302
5895.000 0.300
5900.000 0.301
5905.000 0.302
5910.000 0.304
5915.000 0.303
5920.000 0.303
5925.000 0.306
5930.000 0.306
5935.000 0.303
5940.000 0.306
5945.000 0.308
5950.000 0.309
5955.000 0.306
5960.000 0.307
5965.000 0.307
5970.000 0.315
5975.000 0.312
5980.000 0.318
5985.000 0.316
5990.000 0.306
5995.000 0.307
6000.000 0.320
6005.000 0.310
6010.000 0.309
6015.000 0.310
6020.000 0.320
6025.000 0.309
6030.000 0.312
6035.000 0.306
6040.000 0.319
6045.000 0.317
6050.000 0.310
6055.000 0.315
6060.000 0.312
6065.000 0.319
6070.000 0.313
6075.000 0.312
6080.000 0.314
6085.000 0.317
6090.000 0.317
6095.000 0.315
6100.000 0.315
6105.000 0.317
6110.000 0.314
6115.000 0.314
6120.000 0.313
6125.000 0.314
6130.000 0.316
6135.000 0.317
6140.000 0.317
6145.000 0.321
6150.000 0.319
6155.000 0.321
6160.000 0.320
6165.000 0.325
6170.000 0.328
6175.000 0.329
6180.000 0.323
6185.000 0.323
6190.000 0.331
6195.000 0.327
6200.000 0.328
6205.000 0.331
6210.000 0.330
6215.000 0.323
6220.000 0.326
6225.000 0.328
6230.000 0.328
6235.000 0.325
6240.000 0.327
6245.000 0.332
6250.000 0.330
6255.000 0.330
6260.000 0.333
6265.000 0.332
6270.000 0.335
6275.000 0.337
6280.000 0.339
6285.000 0.337
6290.000 0.340
6295.000 0.340
6300.000 0.339
6305.000 0.339
6310.000 0.359
6315.000 0.355
6320.000 0.351
6325.000 0.352
6330.000 0.348
6335.000 0.348
6340.000 0.350
6345.000 0.349
6350.000 0.354
6355.000 0.350
6360.000 0.356
6365.000 0.358
6370.000 0.360
6375.000 0.363
6380.000 0.359
6385.000 0.360
6390.000 0.364
6395.000 0.364
6400.000 0.363
6405.000 0.369
6410.000 0.369
6415.000 0.373
6420.000 0.377
6425.000 0.380
6430.000 0.384
6435.000 0.383
6440.000 0.393
6445.000 0.393
6450.000 0.399
6455.000 0.403
6460.000 0.407
6465.000 0.413
6470.000 0.414
6475.000 0.419
6480.000 0.428
6485.000 0.427
6490.000 0.438
6495.000 0.442
6500.000 0.451
6505.000 0.458
6510.000 0.464
6515.000 0.473
6520.000 0.481
6525.000 0.496
6530.000 0.509
6535.000 0.518
6540.000 0.529
6545.000 0.539
6550.000 0.553
6555.000 0.574
6560.000 0.583
6565.000 0.604
6570.000 0.617
6575.000 0.646
6580.000 0.673
6585.000 0.691
6590.000 0.727
6595.000 0.752
6600.000 0.797
6605.000 0.819
6610.000 0.869
6615.000 0.937
6620.000 0.968
6625.000 1.054
6630.000 1.104
6635.000 1.225
6640.000 1.374
6645.000 1.465
6650.000 1.702
6655.000 1.853
6660.000 2.236
6665.000 2.777
6670.000 3.129
6675.000 4.032
6680.000 4.596
6685.000 5.919
6690.000 7.354
6695.000 7.991
6700.000 8.822
6705.000 8.915
6710.000 8.055
6715.000 6.377
6720.000 5.594
6725.000 4.297
6730.000 3.789
6735.000 3.023
6740.000 2.507
6745.000 2.317
6750.000 2.020
6755.000 1.900
6760.000 1.717
6765.000 1.601
6770.000 1.550
6775.000 1.474
6780.000 1.442
6785.000 1.382
6790.000 1.338
6795.000 1.318
6800.000 1.279
6805.000 1.260
6810.000 1.227
6815.000 1.208
6820.000 1.199
6825.000 1.182
6830.000 1.176
6835.000 1.160
6840.000 1.159
6845.000 1.158
6850.000 1.160
6855.000 1.161
6860.000 1.170
6865.000 1.186
6870.000 1.194
6875.000 1.217
6880.000 1.225
6885.000 1.248
6890.000 1.278
6895.000 1.295
6900.000 1.328
6905.000 1.348
6910.000 1.405
6915.000 1.451
6920.000 1.490
6925.000 1.565
6930.000 1.606
6935.000 1.701
6940.000 1.819
6945.000 1.883
6950.000 2.044
6955.000 2.137
6960.000 2.369
6965.000 2.685
6970.000 2.872
6975.000 3.365
6980.000 3.675
6985.000 4.437
6990.000 5.468
6995.000 6.024
7000.000 7.239
7005.000 7.776
7010.000 8.444
7015.000 8.255
7020.000 7.726
7025.000 6.383
7030.000 5.715
7035.000 4.561
7040.000 3.704
7045.000 3.376
7050.000 2.871
7055.000 2.672
7060.000 2.382
7065.000 2.178
7070.000 2.081
7075.000 1.917
7080.000 1.853
7085.000 1.727
7090.000 1.618
7095.000 1.569
7100.000 1.493
7105.000 1.450
7110.000 1.381
7115.000 1.319
7120.000 1.289
7125.000 1.263
7130.000 1.219
7135.000 1.179
7140.000 1.140
7145.000 1.123
7150.000 1.104
7155.000 1.074
7160.000 1.048
7165.000 1.022
7170.000 1.017
7175.000 0.998
7180.000 0.988
7185.000 0.969
7190.000 0.951
7195.000 0.947
7200.000 0.933
7205.000 0.927
7210.000 0.914
7215.000 0.912
7220.000 0.902
7225.000 0.896
7230.000 0.891
7235.000 0.888
7240.000 0.883
7245.000 0.880
7250.000 0.875
7255.000 0.871
7260.000 0.873
7265.000 0.872
7270.000 0.872
7275.000 0.879
7280.000 0.882
7285.000 0.879
7290.000 0.884
7295.000 0.885
7300.000 0.894
7305.000 0.896
7310.000 0.904
7315.000 0.905
7320.000 0.917
7325.000 0.927
7330.000 0.938
7335.000 0.949
7340.000 0.955
7345.000 0.981
7350.000 1.011
7355.000 1.035
7360.000 1.051
7365.000 1.112
7370.000 1.148
7375.000 1.147
7380.000 1.144
7385.000 1.158
7390.000 1.166
7395.000 1.205
7400.000 1.250
7405.000 1.277
7410.000 1.332
7415.000 1.370
7420.000 1.433
7425.000 1.521
7430.000 1.562
7435.000 1.671
7440.000 1.730
7445.000 1.867
7450.000 2.042
7455.000 2.146
7460.000 2.406
7465.000 2.566
7470.000 2.947
7475.000 3.446
7480.000 3.719
7485.000 4.272
7490.000 4.543
7495.000 4.880
7500.000 4.757
7505.000 4.499
7510.000 3.820
7515.000 3.470
7520.000 2.873
7525.000 2.394
7530.000 2.213
7535.000 1.910
7540.000 1.783
7545.000 1.569
7550.000 1.396
7555.000 1.316
7560.000 1.188
7565.000 1.127
7570.000 1.019
7575.000 0.931
7580.000 0.892
7585.000 0.817
7590.000 0.784
7595.000 0.728
7600.000 0.672
7605.000 0.649
7610.000 0.597
7615.000 0.572
7620.000 0.524
7625.000 0.484
7630.000 0.466
7635.000 0.436
7640.000 0.421
7645.000 0.395
7650.000 0.373
7655.000 0.366
7660.000 0.345
7665.000 0.339
7670.000 0.324
7675.000 0.314
7680.000 0.307
7685.000 0.303
7690.000 0.296
7695.000 0.288
7700.000 0.280
7705.000 0.277
7710.000 0.274
7715.000 0.270
7720.000 0.267
7725.000 0.265
7730.000 0.262
7735.000 0.260
7740.000 0.258
7745.000 0.255
7750.000 0.253
7755.000 0.252
7760.000 0.249
7765.000 0.248
7770.000 0.247
7775.000 0.245
7780.000 0.246
7785.000 0.246
7790.000 0.245
7795.000 0.243
7800.000 0.246
7805.000 0.243
7810.000 0.244
7815.000 0.243
7820.000 0.247
7825.000 0.245
7830.000 0.246
7835.000 0.250
7840.000 0.249
7845.000 0.252
7850.000 0.253
7855.000 0.257
7860.000 0.262
7865.000 0.266
7870.000 0.274
7875.000 0.279
7880.000 0.291
7885.000 0.306
7890.000 0.315
7895.000 0.339
7900.000 0.350
7905.000 0.384
7910.000 0.436
7915.000 0.467
7920.000 0.554
7925.000 0.610
7930.000 0.745
7935.000 0.891
7940.000 0.965
7945.000 1.132
7950.000 1.189
7955.000 1.186
7960.000 1.071
7965.000 0.987
7970.000 0.854
7975.000 0.795
7980.000 0.702
7985.000 0.632
7990.000 0.601
7995.000 0.558
8000.000 0.548
8005.000 0.512
8010.000 0.488
8015.000 0.471
8020.000 0.451
8025.000 0.447
8030.000 0.434
8035.000 0.415
8040.000 0.406
8045.000 0.393
8050.000 0.385
8055.000 0.377
8060.000 0.369
8065.000 0.369
8070.000 0.357
8075.000 0.356
8080.000 0.352
8085.000 0.350
8090.000 0.345
8095.000 0.340
8100.000 0.336
8105.000 0.332
8110.000 0.329
8115.000 0.331
8120.000 0.334
8125.000 0.336
8130.000 0.339
8135.000 0.341
8140.000 0.342
8145.000 0.339
8150.000 0.337
8155.000 0.333
8160.000 0.330
8165.000 0.330
8170.000 0.330
8175.000 0.328
8180.000 0.325
8185.000 0.323
8190.000 0.323
8195.000 0.319
8200.000 0.318
8205.000 0.314
8210.000 0.312
8215.000 0.311
8220.000 0.314
8225.000 0.314
8230.000 0.314
8235.000 0.314
8240.000 0.313
8245.000 0.315
8250.000 0.314
8255.000 0.315
8260.000 0.313
8265.000 0.315
8270.000 0.312
8275.000 0.318
8280.000 0.315
8285.000 0.313
8290.000 0.314
8295.000 0.315
8300.000 0.315
8305.000 0.315
8310.000 0.314
8315.000 0.312
8320.000 0.311
8325.000 0.312
8330.000 0.315
8335.000 0.313
8340.000 0.310
8345.000 0.312
8350.000 0.314
8355.000 0.314
8360.000 0.314
8365.000 0.315
8370.000 0.314
8375.000 0.313
8380.000 0.314
8385.000 0.315
8390.000 0.316
8395.000 0.314
8400.000 0.313
8405.000 0.313
8410.000 0.316
8415.000 0.316
8420.000 0.318
8425.000 0.317
8430.000 0.317
8435.000 0.315
8440.000 0.319
8445.000 0.317
8450.000 0.318
8455.000 0.317
8460.000 0.318
8465.000 0.318
8470.000 0.320
8475.000 0.320
8480.000 0.320
8485.000 0.319
8490.000 0.320
8495.000 0.317
8500.000 0.320
8505.000 0.320
8510.000 0.322
8515.000 0.323
8520.000 0.323
8525.000 0.322
8530.000 0.324
8535.000 0.324
8540.000 0.325
8545.000 0.323
8550.000 0.322
8555.000 0.321
8560.000 0.321
8565.000 0.322
8570.000 0.323
8575.000 0.322
8580.000 0.322
8585.000 0.323
8590.000 0.322
8595.000 0.323
8600.000 0.323
8605.000 0.326
8610.000 0.322
8615.000 0.321
8620.000 0.321
8625.000 0.321
8630.000 0.321
8635.000 0.321
8640.000 0.320
8645.000 0.324
8650.000 0.321
8655.000 0.324
8660.000 0.325
8665.000 0.325
8670.000 0.323
8675.000 0.323
8680.000 0.325
8685.000 0.323
8690.000 0.321
8695.000 0.326
8700.000 0.325
8705.000 0.323
8710.000 0.327
8715.000 0.325
8720.000 0.325
8725.000 0.323
8730.000 0.327
8735.000 0.323
8740.000 0.326
8745.000 0.326
8750.000 0.327
8755.000 0.323
8760.000 0.326
8765.000 0.322
8770.000 0.326
8775.000 0.326
8780.000 0.328
8785.000 0.326
8790.000 0.327
8795.000 0.329
8800.000 0.328
8805.000 0.328
8810.000 0.325
8815.000 0.332
8820.000 0.322
8825.000 0.321
8830.000 0.332
8835.000 0.355
8840.000 0.341
8845.000 0.332
8850.000 0.329
8855.000 0.327
8860.000 0.326
8865.000 0.328
8870.000 0.324
8875.000 0.323
8880.000 0.320
8885.000 0.323
8890.000 0.322
8895.000 0.324
8900.000 0.324
8905.000 0.325
8910.000 0.326
8915.000 0.327
8920.000 0.325
8925.000 0.325
8930.000 0.329
8935.000 0.327
8940.000 0.327
8945.000 0.324
8950.000 0.327
8955.000 0.332
8960.000 0.331
8965.000 0.325
8970.000 0.329
8975.000 0.325
8980.000 0.326
8985.000 0.327
8990.000 0.334
8995.000 0.329
9000.000 0.332
9005.000 0.329
9010.000 0.329
9015.000 0.326
9020.000 0.333
9025.000 0.332
9030.000 0.336
9035.000 0.334
9040.000 0.334
9045.000 0.335
9050.000 0.330
9055.000 0.333
9060.000 0.327
9065.000 0.331
9070.000 0.326
9075.000 0.328
9080.000 0.327
9085.000 0.330
9090.000 0.330
9095.000 0.329
9100.000 0.331
9105.000 0.333
9110.000 0.328
9115.000 0.333
9120.000 0.331
9125.000 0.332
9130.000 0.330
9135.000 0.330
9140.000 0.332
9145.000 0.331
9150.000 0.330
9155.000 0.327
9160.000 0.330
9165.000 0.329
9170.000 0.329
9175.000 0.331
9180.000 0.330
9185.000 0.331
9190.000 0.327
9195.000 0.329
9200.000 0.333
9205.000 0.332
9210.000 0.329
9215.000 0.335
9220.000 0.336
9225.000 0.335
9230.000 0.333
9235.000 0.335
9240.000 0.335
9245.000 0.335
9250.000 0.334
9255.000 0.337
9260.000 0.335
9265.000 0.335
9270.000 0.333
9275.000 0.332
9280.000 0.334
9285.000 0.335
9290.000 0.337
9295.000 0.335
9300.000 0.336
9305.000 0.337
9310.000 0.333
9315.000 0.336
9320.000 0.336
9325.000 0.333
9330.000 0.333
9335.000 0.335
9340.000 0.335
9345.000 0.335
9350.000 0.335
9355.000 0.335
9360.000 0.337
9365.000 0.337
9370.000 0.340
9375.000 0.339
9380.000 0.340
9385.000 0.339
9390.000 0.337
9395.000 0.340
9400.000 0.336
9405.000 0.338
9410.000 0.340
9415.000 0.340
9420.000 0.343
9425.000 0.344
9430.000 0.341
9435.000 0.342
9440.000 0.340
9445.000 0.340
9450.000 0.342
9455.000 0.339
9460.000 0.340
9465.000 0.342
9470.000 0.341
9475.000 0.339
9480.000 0.339
9485.000 0.338
9490.000 0.343
9495.000 0.345
9500.000 0.344
9505.000 0.341
9510.000 0.346
9515.000 0.347
9520.000 0.344
9525.000 0.347
9530.000 0.345
9535.000 0.344
9540.000 0.349
9545.000 0.349
9550.000 0.349
9555.000 0.347
9560.000 0.350
9565.000 0.350
9570.000 0.350
9575.000 0.349
9580.000 0.353
9585.000 0.351
9590.000 0.352
9595.000 0.353
9600.000 0.352
9605.000 0.353
9610.000 0.353
9615.000 0.355
9620.000 0.357
9625.000 0.355
9630.000 0.357
9635.000 0.363
9640.000 0.359
9645.000 0.359
9650.000 0.363
9655.000 0.362
9660.000 0.362
9665.000 0.362
9670.000 0.360
9675.000 0.360
9680.000 0.364
9685.000 0.365
9690.000 0.365
9695.000 0.366
9700.000 0.365
9705.000 0.368
9710.000 0.368
9715.000 0.372
9720.000 0.372
9725.000 0.375
9730.000 0.373
9735.000 0.377
9740.000 0.380
9745.000 0.382
9750.000 0.384
9755.000 0.382
9760.000 0.387
9765.000 0.390
9770.000 0.390
9775.000 0.394
9780.000 0.397
9785.000 0.400
9790.000 0.409
9795.000 0.411
9800.000 0.411
9805.000 0.413
9810.000 0.423
9815.000 0.427
9820.000 0.429
9825.000 0.434
9830.000 0.437
9835.000 0.441
9840.000 0.445
9845.000 0.448
9850.000 0.456
9855.000 0.460
9860.000 0.468
9865.000 0.476
9870.000 0.484
9875.000 0.497
9880.000 0.501
9885.000 0.518
9890.000 0.524
9895.000 0.543
9900.000 0.563
9905.000 0.577
9910.000 0.602
9915.000 0.615
9920.000 0.642
9925.000 0.683
9930.000 0.703
9935.000 0.745
9940.000 0.779
9945.000 0.847
9950.000 0.931
9955.000 0.986
9960.000 1.120
9965.000 1.205
9970.000 1.418
9975.000 1.660
9980.000 1.763
9985.000 1.852
9990.000 1.816
9995.000 1.590
10000.000 1.296
10005.000 1.154
10010.000 0.918
10015.000 0.821
10020.000 0.675
10025.000 0.623
10030.000 0.528
10035.000 0.451
10040.000 0.421
10045.000 0.365
10050.000 0.323
10055.000 0.309
10060.000 0.276
10065.000 0.257
10070.000 0.238
10075.000 0.219
10080.000 0.210
10085.000 0.192
10090.000 0.187
10095.000 0.178
10100.000 0.168
10105.000 0.166
10110.000 0.159
10115.000 0.159
10120.000 0.155
10125.000 0.157
10130.000 0.157
10135.000 0.163
10140.000 0.166
10145.000 0.173
10150.000 0.181
10155.000 0.186
10160.000 0.198
10165.000 0.206
10170.000 0.225
10175.000 0.244
10180.000 0.255
10185.000 0.267
10190.000 0.296
10195.000 0.326
10200.000 0.368
10205.000 0.392
10210.000 0.447
10215.000 0.483
10220.000 0.565
10225.000 0.613
10230.000 0.734
10235.000 0.903
10240.000 1.016
10245.000 1.281
10250.000 1.445
10255.000 1.827
10260.000 2.277
10265.000 2.517
10270.000 2.983
10275.000 3.211
10280.000 3.596
10285.000 3.691
10290.000 3.663
10295.000 3.370
10300.000 2.912
10305.000 2.674
10310.000 2.255
10315.000 2.069
10320.000 1.752
10325.000 1.507
10330.000 1.408
10335.000 1.249
10340.000 1.183
10345.000 1.086
10350.000 1.020
10355.000 0.993
10360.000 0.952
10365.000 0.937
10370.000 0.901
10375.000 0.871
10380.000 0.857
10385.000 0.841
10390.000 0.827
10395.000 0.804
10400.000 0.799
10405.000 0.787
10410.000 0.773
10415.000 0.766
10420.000 0.755
10425.000 0.743
10430.000 0.739
10435.000 0.729
10440.000 0.729
10445.000 0.724
10450.000 0.715
10455.000 0.709
10460.000 0.705
10465.000 0.700
10470.000 0.699
10475.000 0.694
10480.000 0.691
10485.000 0.689
10490.000 0.685
10495.000 0.681
10500.000 0.680
10505.000 0.679
10510.000 0.679
10515.000 0.681
10520.000 0.682
10525.000 0.683
10530.000 0.686
10535.000 0.690
10540.000 0.691
10545.000 0.701
10550.000 0.706
10555.000 0.711
10560.000 0.721
10565.000 0.725
10570.000 0.733
10575.000 0.738
10580.000 0.756
10585.000 0.768
10590.000 0.780
10595.000 0.799
10600.000 0.805
10605.000 0.823
10610.000 0.843
10615.000 0.852
10620.000 0.885
10625.000 0.899
10630.000 0.926
10635.000 0.962
10640.000 0.986
10645.000 1.025
10650.000 1.050
10655.000 1.101
10660.000 1.159
10665.000 1.188
10670.000 1.255
10675.000 1.301
10680.000 1.362
10685.000 1.410
10690.000 1.442
10695.000 1.481
10700.000 1.483
10705.000 1.456
10710.000 1.367
10715.000 1.299
10720.000 1.128
10725.000 1.040
10730.000 0.864
10735.000 0.717
10740.000 0.646
10745.000 0.541
10750.000 0.491
10755.000 0.405
10760.000 0.335
10765.000 0.303
10770.000 0.251
10775.000 0.230
10780.000 0.188
10785.000 0.153
10790.000 0.139
10795.000 0.113
10800.000 0.101
10805.000 0.084
10810.000 0.072
10815.000 0.067
10820.000 0.058
10825.000 0.058
10830.000 0.059
10835.000 0.059
10840.000 0.060
10845.000 0.064
10850.000 0.064
10855.000 0.068
10860.000 0.070
10865.000 0.074
10870.000 0.077
10875.000 0.079
10880.000 0.081
10885.000 0.086
10890.000 0.087
10895.000 0.091
10900.000 0.093
10905.000 0.095
10910.000 0.099
10915.000 0.098
10920.000 0.099
10925.000 0.101
10930.000 0.100
10935.000 0.100
10940.000 0.099
10945.000 0.099
10950.000 0.098
10955.000 0.099
10960.000 0.099
10965.000 0.099
10970.000 0.095
10975.000 0.095
10980.000 0.092
10985.000 0.091
10990.000 0.093
10995.000 0.091
11000.000 0.083
11005.000 0.086
11010.000 0.084
11015.000 0.085
11020.000 0.082
11025.000 0.084
11030.000 0.093
11035.000 0.098
11040.000 0.108
11045.000 0.132
11050.000 0.149
11055.000 0.206
11060.000 0.247
11070.000 0.399
11075.000 0.467
11080.000 0.578
11085.000 0.653
11090.000 0.780
11095.000 0.819
11100.000 0.848
11105.000 0.821
11110.000 0.789
11115.000 0.715
11120.000 0.680
11125.000 0.614
11130.000 0.561
11135.000 0.538
11140.000 0.504
11145.000 0.487
11150.000 0.468
11155.000 0.453
11160.000 0.448
11165.000 0.434
11170.000 0.432
11175.000 0.418
11180.000 0.409
11185.000 0.403
11190.000 0.397
11195.000 0.396
11200.000 0.391
11205.000 0.384
11210.000 0.381
11215.000 0.378
11220.000 0.378
11225.000 0.374
11230.000 0.367
11235.000 0.367
11240.000 0.367
11245.000 0.366
11250.000 0.361
11255.000 0.359
11260.000 0.358
11265.000 0.355
11270.000 0.355
11275.000 0.354
11280.000 0.350
11285.000 0.350
11290.000 0.346
11295.000 0.348
11300.000 0.345
11305.000 0.342
11310.000 0.344
11315.000 0.344
11320.000 0.339
11325.000 0.339
11330.000 0.339
11335.000 0.336
11340.000 0.335
11345.000 0.333
11350.000 0.334
11355.000 0.332
11360.000 0.335
11365.000 0.334
11370.000 0.332
11375.000 0.331
11380.000 0.330
11385.000 0.329
11390.000 0.329
11395.000 0.330
11400.000 0.330
11405.000 0.328
11410.000 0.327
11415.000 0.327
11420.000 0.323
11425.000 0.327
11430.000 0.323
11435.000 0.323
11440.000 0.323
11445.000 0.323
11450.000 0.321
11455.000 0.321
11460.000 0.323
11465.000 0.323
11470.000 0.321
11475.000 0.320
11480.000 0.321
11485.000 0.322
11490.000 0.320
11495.000 0.320
11500.000 0.318
11505.000 0.318
11510.000 0.320
11515.000 0.321
11520.000 0.318
11525.000 0.321
11530.000 0.321
11535.000 0.321
11540.000 0.319
11545.000 0.323
11550.000 0.320
11555.000 0.318
11560.000 0.317
11565.000 0.317
11570.000 0.317
11575.000 0.318
11580.000 0.315
11585.000 0.315
11590.000 0.313
11595.000 0.313
11600.000 0.313
11605.000 0.315
11610.000 0.315
11615.000 0.315
11620.000 0.310
11625.000 0.317
11630.000 0.316
11635.000 0.314
11640.000 0.313
11645.000 0.311
11650.000 0.314
11655.000 0.314
11660.000 0.315
11665.000 0.314
11670.000 0.313
11675.000 0.314
11680.000 0.316
11685.000 0.316
11690.000 0.314
11695.000 0.314
11700.000 0.312
11705.000 0.314
11710.000 0.316
11715.000 0.315
11720.000 0.314
11725.000 0.313
11730.000 0.316
11735.000 0.317
11740.000 0.312
11745.000 0.314
11750.000 0.311
11755.000 0.310
11760.000 0.310
11765.000 0.308
11770.000 0.309
11775.000 0.309
11780.000 0.305
11785.000 0.307
11790.000 0.306
11795.000 0.305
11800.000 0.310
11805.000 0.308
11810.000 0.310
11815.000 0.307
11820.000 0.306
11825.000 0.310
11830.000 0.309
11835.000 0.307
11840.000 0.307
11845.000 0.309
11850.000 0.308
11855.000 0.308
11860.000 0.306
11865.000 0.305
11870.000 0.306
11875.000 0.306
11880.000 0.307
11885.000 0.308
11890.000 0.306
11895.000 0.306
11900.000 0.306
11905.000 0.305
11910.000 0.303
11915.000 0.305
11920.000 0.304
11925.000 0.303
11930.000 0.302
11935.000 0.302
11940.000 0.301
11945.000 0.302
11950.000 0.303
11955.000 0.305
11960.000 0.302
11965.000 0.301
11970.000 0.305
11975.000 0.304
11980.000 0.303
11985.000 0.306
11990.000 0.304
11995.000 0.307
12000.000 0.305
