105.000 0.091
110.000 0.070
115.000 2.035
120.000 2.342
125.000 2.877
130.000 3.005
135.000 3.314
140.000 3.442
145.000 3.617
150.000 3.618
155.000 3.543
160.000 3.660
165.000 3.973
170.000 4.201
175.000 4.360
180.000 4.394
185.000 5.302
190.000 6.230
195.000 6.783
200.000 8.454
205.000 9.275
210.000 11.198
215.000 13.289
220.000 14.811
225.000 17.768
230.000 18.820
235.000 21.881
240.000 22.992
245.000 23.914
250.000 23.170
255.000 20.934
260.000 18.373
265.000 16.954
270.000 15.429
275.000 13.571
280.000 12.641
285.000 11.596
290.000 11.017
295.000 10.119
300.000 9.589
305.000 9.375
310.000 9.160
315.000 9.040
320.000 8.962
325.000 10.171
330.000 9.867
335.000 9.740
340.000 9.719
345.000 9.798
350.000 10.338
355.000 10.649
360.000 11.526
365.000 12.032
370.000 13.397
375.000 15.047
380.000 15.927
385.000 17.783
390.000 18.824
395.000 20.955
400.000 23.461
405.000 24.819
410.000 27.924
415.000 29.584
420.000 33.122
425.000 37.167
430.000 39.330
435.000 43.917
440.000 46.289
445.000 50.823
450.000 54.584
455.000 55.987
460.000 56.910
465.000 55.903
470.000 49.241
475.000 40.268
480.000 36.198
485.000 29.337
490.000 26.488
495.000 21.439
500.000 17.165
505.000 15.215
510.000 12.055
515.000 10.826
520.000 8.606
525.000 7.170
530.000 6.482
535.000 5.697
540.000 4.961
545.000 4.337
550.000 3.974
555.000 3.831
560.000 3.578
565.000 3.367
570.000 3.071
575.000 2.784
580.000 2.718
585.000 2.707
590.000 2.591
595.000 2.445
600.000 2.406
605.000 2.480
610.000 2.471
615.000 2.459
620.000 2.459
625.000 2.526
630.000 2.600
635.000 2.783
640.000 2.924
645.000 3.392
650.000 4.209
655.000 4.542
660.000 4.925
665.000 5.416
670.000 6.909
675.000 8.736
680.000 10.050
685.000 11.373
690.000 11.181
695.000 8.993
700.000 6.410
705.000 5.358
710.000 3.909
715.000 3.399
720.000 2.654
725.000 2.179
730.000 1.958
735.000 1.628
740.000 1.484
745.000 1.319
750.000 1.180
755.000 1.077
760.000 0.955
765.000 0.925
770.000 0.843
775.000 0.780
780.000 0.784
785.000 0.743
790.000 0.707
795.000 0.676
800.000 0.655
805.000 0.654
810.000 0.665
815.000 0.669
820.000 0.683
825.000 0.718
830.000 0.736
835.000 0.763
840.000 0.781
845.000 0.850
850.000 0.919
855.000 1.036
860.000 1.190
865.000 1.296
870.000 1.606
875.000 1.814
880.000 2.413
885.000 3.236
890.000 3.552
895.000 3.348
900.000 2.899
905.000 2.060
910.000 1.503
915.000 1.332
920.000 1.046
925.000 0.999
930.000 0.818
935.000 0.725
940.000 0.683
945.000 0.613
950.000 0.579
955.000 0.602
960.000 0.559
965.000 0.504
970.000 0.460
975.000 0.447
980.000 0.455
985.000 0.439
990.000 0.435
995.000 0.459
1000.000 0.438
1005.000 0.425
1010.000 0.431
1015.000 0.442
1020.000 0.448
1025.000 0.450
1030.000 0.455
1035.000 0.473
1040.000 0.480
1045.000 0.506
1050.000 0.524
1055.000 0.612
1060.000 0.641
1065.000 0.673
1070.000 0.693
1075.000 0.836
1080.000 0.948
1085.000 1.151
1090.000 1.306
1095.000 1.604
1100.000 1.723
1105.000 1.715
1110.000 1.340
1115.000 1.124
1120.000 0.827
1125.000 0.725
1130.000 0.574
1135.000 0.491
1140.000 0.448
1145.000 0.392
1150.000 0.373
1155.000 0.337
1160.000 0.312
1165.000 0.303
1170.000 0.289
1175.000 0.281
1180.000 0.273
1185.000 0.274
1190.000 0.266
1195.000 0.271
1200.000 0.271
1205.000 0.275
1210.000 0.293
1215.000 0.293
1220.000 0.304
1225.000 0.315
1230.000 0.331
1235.000 0.361
1240.000 0.379
1245.000 0.421
1250.000 0.445
1255.000 0.507
1260.000 0.599
1265.000 0.656
1270.000 0.822
1275.000 0.961
1280.000 1.278
1285.000 1.815
1290.000 2.257
1295.000 3.091
1300.000 3.382
1305.000 3.313
1310.000 2.476
1315.000 2.111
1320.000 1.602
1325.000 1.422
1330.000 1.175
1335.000 1.031
1340.000 0.961
1345.000 0.860
1350.000 0.828
1355.000 0.782
1360.000 0.755
1365.000 0.747
1370.000 0.741
1375.000 0.737
1380.000 0.736
1385.000 0.755
1390.000 0.768
1395.000 0.790
1400.000 0.814
1405.000 0.872
1410.000 1.010
1415.000 1.019
1420.000 1.113
1425.000 1.168
1430.000 1.357
1435.000 1.590
1440.000 2.011
1445.000 2.645
1450.000 2.941
1455.000 3.238
1460.000 3.165
1465.000 2.444
1470.000 1.729
1475.000 1.472
1480.000 1.106
1485.000 0.971
1490.000 0.782
1495.000 0.654
1500.000 0.624
1505.000 0.538
1510.000 0.522
1515.000 0.473
1520.000 0.470
1525.000 0.454
1530.000 0.407
1535.000 0.399
1540.000 0.375
1545.000 0.364
1550.000 0.354
1555.000 0.345
1560.000 0.344
1565.000 0.344
1570.000 0.346
1575.000 0.351
1580.000 0.358
1585.000 0.379
1590.000 0.390
1595.000 0.436
1600.000 0.462
1605.000 0.525
1610.000 0.567
1615.000 0.745
1620.000 1.047
1625.000 1.270
1630.000 1.838
1635.000 2.152
1640.000 2.666
1645.000 2.737
1650.000 2.495
1655.000 1.918
1660.000 1.690
1665.000 1.371
1670.000 1.188
1675.000 1.173
1680.000 1.093
1685.000 1.088
1690.000 1.125
1695.000 1.239
1700.000 1.311
1705.000 1.304
1710.000 1.180
1715.000 0.898
1720.000 0.654
1725.000 0.568
1730.000 0.497
1735.000 0.463
1740.000 0.377
1745.000 0.332
1750.000 0.316
1755.000 0.294
1760.000 0.295
1765.000 0.275
1770.000 0.263
1775.000 0.263
1780.000 0.256
1785.000 0.254
1790.000 0.251
1795.000 0.251
1800.000 0.251
1805.000 0.252
1810.000 0.248
1815.000 0.248
1820.000 0.243
1825.000 0.260
1830.000 0.247
1835.000 0.247
1840.000 0.318
1845.000 0.290
1850.000 0.277
1855.000 0.260
1860.000 0.260
1865.000 0.266
1870.000 0.260
1875.000 0.256
1880.000 0.250
1885.000 0.268
1890.000 0.263
1895.000 0.251
1900.000 0.248
1905.000 0.242
1910.000 0.249
1915.000 0.241
1920.000 0.245
1925.000 0.253
1930.000 0.250
1935.000 0.246
1940.000 0.251
1945.000 0.259
1950.000 0.254
1955.000 0.250
1960.000 0.244
1965.000 0.246
1970.000 0.248
1975.000 0.246
1980.000 0.255
1985.000 0.257
1990.000 0.250
1995.000 0.253
2000.000 0.250
2005.000 0.249
2010.000 0.253
2015.000 0.247
2020.000 0.242
2025.000 0.255
2030.000 0.248
2035.000 0.252
2040.000 0.244
2045.000 0.264
2050.000 0.278
2055.000 0.264
2060.000 0.268
2065.000 0.260
2070.000 0.255
2075.000 0.252
2080.000 0.260
2085.000 0.253
2090.000 0.254
2095.000 0.251
2100.000 0.254
2105.000 0.251
2110.000 0.248
2115.000 0.255
2120.000 0.250
2125.000 0.246
2130.000 0.256
2135.000 0.255
2140.000 0.246
2145.000 0.246
2150.000 0.245
2155.000 0.247
2160.000 0.250
2165.000 0.250
2170.000 0.250
2175.000 0.247
2180.000 0.248
2185.000 0.248
2190.000 0.248
2195.000 0.246
2200.000 0.249
2205.000 0.250
2210.000 0.248
2215.000 0.250
2220.000 0.249
2225.000 0.248
2230.000 0.252
2235.000 0.250
2240.000 0.250
2245.000 0.249
2250.000 0.251
2255.000 0.252
2260.000 0.250
2265.000 0.249
2270.000 0.250
2275.000 0.249
2280.000 0.252
2285.000 0.249
2290.000 0.254
2295.000 0.251
2300.000 0.250
2305.000 0.253
2310.000 0.251
2315.000 0.255
2320.000 0.253
2325.000 0.277
2330.000 0.298
2335.000 0.285
2340.000 0.270
2345.000 0.268
2350.000 0.277
2355.000 0.275
2360.000 0.266
2365.000 0.264
2370.000 0.262
2375.000 0.264
2380.000 0.260
2385.000 0.261
2390.000 0.264
2395.000 0.260
2400.000 0.259
2405.000 0.268
2410.000 0.331
2415.000 0.368
2420.000 0.351
2425.000 0.320
2430.000 0.299
2435.000 0.293
2440.000 0.280
2445.000 0.275
2450.000 0.272
2455.000 0.269
2460.000 0.272
2465.000 0.265
2470.000 0.269
2475.000 0.269
2480.000 0.271
2485.000 0.268
2490.000 0.270
2495.000 0.268
2500.000 0.277
2505.000 0.278
2510.000 0.281
2515.000 0.276
2520.000 0.275
2525.000 0.275
2530.000 0.362
2535.000 0.373
2540.000 0.341
2545.000 0.330
2550.000 0.332
2555.000 0.308
2560.000 0.301
2565.000 0.290
2570.000 0.288
2575.000 0.283
2580.000 0.286
2585.000 0.280
2590.000 0.275
2595.000 0.277
2600.000 0.274
2605.000 0.278
2610.000 0.411
2615.000 0.378
2620.000 0.359
2625.000 0.332
2630.000 0.318
2635.000 0.300
2640.000 0.288
2645.000 0.287
2650.000 0.395
2655.000 0.375
2660.000 0.342
2665.000 0.347
2670.000 0.354
2675.000 0.356
2680.000 0.344
2685.000 0.317
2690.000 0.303
2695.000 0.294
2700.000 0.290
2705.000 0.284
2710.000 0.281
2715.000 0.279
2720.000 0.276
2725.000 0.281
2730.000 0.278
2735.000 0.277
2740.000 0.274
2745.000 0.274
2750.000 0.270
2755.000 0.271
2760.000 0.272
2765.000 0.274
2770.000 0.275
2775.000 0.274
2780.000 0.275
2785.000 0.272
2790.000 0.277
2795.000 0.275
2800.000 0.364
2805.000 0.360
2810.000 0.345
2815.000 0.324
2820.000 0.313
2825.000 0.299
2830.000 0.291
2835.000 0.304
2840.000 0.294
2845.000 0.292
2850.000 0.287
2855.000 0.285
2860.000 0.298
2865.000 0.291
2870.000 0.289
2875.000 0.285
2880.000 0.283
2885.000 0.284
2890.000 0.282
2895.000 0.281
2900.000 0.278
2905.000 0.279
2910.000 0.296
2915.000 0.326
2920.000 0.369
2925.000 0.348
2930.000 0.330
2935.000 0.316
2940.000 0.307
2945.000 0.298
2950.000 0.292
2955.000 0.289
2960.000 0.304
2965.000 0.306
2970.000 0.318
2975.000 0.312
2980.000 0.308
2985.000 0.287
2990.000 0.324
2995.000 0.329
3000.000 0.306
3005.000 0.305
3010.000 0.311
3015.000 0.317
3020.000 0.314
3025.000 0.304
3030.000 0.300
3035.000 0.306
3040.000 0.299
3045.000 0.288
3050.000 0.285
3055.000 0.274
3060.000 0.271
3065.000 0.278
3070.000 0.272
3075.000 0.273
3080.000 0.273
3085.000 0.273
3090.000 0.273
3095.000 0.277
3100.000 0.274
3105.000 0.273
3110.000 0.282
3115.000 0.284
3120.000 0.316
3125.000 0.298
3130.000 0.292
3135.000 0.285
3140.000 0.285
3145.000 0.319
3150.000 0.313
3155.000 0.307
3160.000 0.291
3165.000 0.295
3170.000 0.282
3175.000 0.282
3180.000 0.281
3185.000 0.276
3190.000 0.280
3195.000 0.274
3200.000 0.275
3205.000 0.274
3210.000 0.273
3215.000 0.293
3220.000 0.297
3225.000 0.287
3230.000 0.286
3235.000 0.280
3240.000 0.291
3245.000 0.286
3250.000 0.282
3255.000 0.281
3260.000 0.279
3265.000 0.277
3270.000 0.275
3275.000 0.275
3280.000 0.276
3285.000 0.273
3290.000 0.272
3295.000 0.276
3300.000 0.271
3305.000 0.272
3310.000 0.270
3315.000 0.271
3320.000 0.271
3325.000 0.270
3330.000 0.272
3335.000 0.272
3340.000 0.274
3345.000 0.276
3350.000 0.271
3355.000 0.274
3360.000 0.270
3365.000 0.269
3370.000 0.269
3375.000 0.267
3380.000 0.269
3385.000 0.272
3390.000 0.269
3395.000 0.273
3400.000 0.329
3405.000 0.320
3410.000 0.297
3415.000 0.302
3420.000 0.300
3425.000 0.373
3430.000 0.460
3435.000 0.833
3440.000 1.168
3445.000 2.539
3450.000 4.571
3455.000 5.808
3460.000 8.120
3465.000 8.714
3470.000 8.409
3475.000 5.971
3480.000 4.946
3485.000 3.524
3490.000 2.989
3495.000 2.130
3500.000 1.953
3505.000 1.482
3510.000 1.163
3515.000 1.052
3520.000 0.926
3525.000 0.860
3530.000 0.760
3535.000 0.725
3540.000 0.700
3545.000 0.667
3550.000 0.653
3555.000 0.643
3560.000 0.649
3565.000 0.664
3570.000 0.698
3575.000 0.717
3580.000 0.771
3585.000 0.898
3590.000 0.952
3595.000 1.127
3600.000 1.254
3605.000 1.613
3610.000 2.127
3615.000 2.411
3620.000 2.891
3625.000 3.044
3630.000 3.141
3635.000 2.844
3640.000 2.609
3645.000 2.219
3650.000 2.058
3655.000 1.844
3660.000 1.752
3665.000 1.740
3670.000 1.865
3675.000 1.999
3680.000 2.427
3685.000 3.193
3690.000 3.727
3695.000 4.817
3700.000 5.062
3705.000 4.405
3710.000 3.196
3715.000 2.665
3720.000 1.900
3725.000 1.640
3730.000 1.276
3735.000 1.077
3740.000 0.997
3745.000 0.881
3750.000 0.851
3755.000 0.787
3760.000 0.747
3765.000 0.730
3770.000 0.682
3775.000 0.700
3780.000 0.692
3785.000 0.652
3790.000 0.636
3795.000 0.622
3800.000 0.616
3805.000 0.614
3810.000 0.639
3815.000 0.640
3820.000 0.652
3825.000 0.664
3830.000 0.703
3835.000 0.766
3840.000 0.801
3845.000 0.898
3850.000 0.954
3855.000 1.037
3860.000 1.055
3865.000 1.027
3870.000 0.912
3875.000 0.835
3880.000 0.688
3885.000 0.566
3890.000 0.527
3895.000 0.461
3900.000 0.438
3905.000 0.407
3910.000 0.389
3915.000 0.382
3920.000 0.362
3925.000 0.366
3930.000 0.397
3935.000 0.428
3940.000 0.449
3945.000 0.458
3950.000 0.472
3955.000 0.506
3960.000 0.555
3965.000 0.599
3970.000 0.723
3975.000 0.823
3980.000 1.110
3985.000 1.541
3990.000 1.822
3995.000 2.325
4000.000 2.489
4005.000 2.183
4010.000 1.621
4015.000 1.383
4020.000 1.041
4025.000 0.833
4030.000 0.775
4035.000 0.653
4040.000 0.622
4045.000 0.570
4050.000 0.529
4055.000 0.525
4060.000 0.502
4065.000 0.506
4070.000 0.486
4075.000 0.464
4080.000 0.459
4085.000 0.444
4090.000 0.433
4095.000 0.395
4100.000 0.325
4105.000 0.282
4110.000 0.173
4115.000 0.129
4120.000 0.117
4125.000 0.139
4130.000 0.166
4135.000 0.187
4140.000 0.193
4145.000 0.214
4150.000 0.221
4155.000 0.222
4160.000 0.231
4165.000 0.234
4170.000 0.239
4175.000 0.256
4180.000 0.256
4185.000 0.253
4190.000 0.250
4195.000 0.255
4200.000 0.259
4205.000 0.268
4210.000 0.272
4215.000 0.276
4220.000 0.292
4225.000 0.322
4230.000 0.342
4235.000 0.410
4240.000 0.458
4245.000 0.592
4250.000 0.626
4255.000 0.616
4260.000 0.506
4265.000 0.456
4270.000 0.376
4275.000 0.302
4280.000 0.268
4285.000 0.211
4290.000 0.197
4295.000 0.198
4300.000 0.216
4305.000 0.224
4310.000 0.233
4315.000 0.234
4320.000 0.240
4325.000 0.244
4330.000 0.244
4335.000 0.249
4340.000 0.258
4345.000 0.255
4350.000 0.256
4355.000 0.254
4360.000 0.259
4365.000 0.258
4370.000 0.261
4375.000 0.259
4380.000 0.268
4385.000 0.314
4390.000 0.308
4395.000 0.292
4400.000 0.288
4405.000 0.279
4410.000 0.272
4415.000 0.271
4420.000 0.270
4425.000 0.266
4430.000 0.271
4435.000 0.267
4440.000 0.275
4445.000 0.278
4450.000 0.273
4455.000 0.263
4460.000 0.261
4465.000 0.259
4470.000 0.258
4475.000 0.257
4480.000 0.253
4485.000 0.253
4490.000 0.253
4495.000 0.252
4500.000 0.250
4505.000 0.251
4510.000 0.257
4515.000 0.257
4520.000 0.255
4525.000 0.259
4530.000 0.254
4535.000 0.252
4540.000 0.254
4545.000 0.250
4550.000 0.251
4555.000 0.270
4560.000 0.265
4565.000 0.264
4570.000 0.274
4575.000 0.271
4580.000 0.264
4585.000 0.258
4590.000 0.262
4595.000 0.258
4600.000 0.258
4605.000 0.265
4610.000 0.263
4615.000 0.259
4620.000 0.261
4625.000 0.262
4630.000 0.258
4635.000 0.255
4640.000 0.254
4645.000 0.255
4650.000 0.260
4655.000 0.282
4660.000 0.275
4665.000 0.270
4670.000 0.270
4675.000 0.270
4680.000 0.266
4685.000 0.262
4690.000 0.261
4695.000 0.256
4700.000 0.256
4705.000 0.259
4710.000 0.258
4715.000 0.257
4720.000 0.257
4725.000 0.256
4730.000 0.253
4735.000 0.270
4740.000 0.315
4745.000 0.312
4750.000 0.324
4755.000 0.317
4760.000 0.304
4765.000 0.297
4770.000 0.289
4775.000 0.283
4780.000 0.276
4785.000 0.271
4790.000 0.270
4795.000 0.268
4800.000 0.266
4805.000 0.306
4810.000 0.298
4815.000 0.294
4820.000 0.287
4825.000 0.280
4830.000 0.274
4835.000 0.275
4840.000 0.267
4845.000 0.265
4850.000 0.267
4855.000 0.266
4860.000 0.264
4865.000 0.264
4870.000 0.266
4875.000 0.262
4880.000 0.261
4885.000 0.293
4890.000 0.312
4895.000 0.299
4900.000 0.298
4905.000 0.289
4910.000 0.293
4915.000 0.290
4920.000 0.287
4925.000 0.279
4930.000 0.290
4935.000 0.278
4940.000 0.277
4945.000 0.272
4950.000 0.270
4955.000 0.264
4960.000 0.265
4965.000 0.260
4970.000 0.266
4975.000 0.265
4980.000 0.281
4985.000 0.285
4990.000 0.269
4995.000 0.267
5000.000 0.276
5005.000 0.271
5010.000 0.273
5015.000 0.267
5020.000 0.283
5025.000 0.268
5030.000 0.277
5035.000 0.286
5040.000 0.287
5045.000 0.281
5050.000 0.280
5055.000 0.273
5060.000 0.279
5065.000 0.269
5070.000 0.277
5075.000 0.272
5080.000 0.268
5085.000 0.265
5090.000 0.263
5095.000 0.268
5100.000 0.271
5105.000 0.281
5110.000 0.309
5115.000 0.306
5120.000 0.298
5125.000 0.290
5130.000 0.292
5135.000 0.303
5140.000 0.312
5145.000 0.301
5150.000 0.296
5155.000 0.287
5160.000 0.284
5165.000 0.277
5170.000 0.276
5175.000 0.276
5180.000 0.270
5185.000 0.267
5190.000 0.266
5195.000 0.264
5200.000 0.265
5205.000 0.265
5210.000 0.263
5215.000 0.263
5220.000 0.267
5225.000 0.269
5230.000 0.327
5235.000 0.321
5240.000 0.307
5245.000 0.301
5250.000 0.297
5255.000 0.287
5260.000 0.286
5265.000 0.278
5270.000 0.291
5275.000 0.313
5280.000 0.304
5285.000 0.298
5290.000 0.314
5295.000 0.319
5300.000 0.315
5305.000 0.301
5310.000 0.295
5315.000 0.287
5320.000 0.286
5325.000 0.282
5330.000 0.280
5335.000 0.276
5340.000 0.273
5345.000 0.272
5350.000 0.270
5355.000 0.275
5360.000 0.289
5365.000 0.290
5370.000 0.311
5375.000 0.326
5380.000 0.312
5385.000 0.307
5390.000 0.320
5395.000 0.317
5400.000 0.316
5405.000 0.307
5410.000 0.301
5415.000 0.293
5420.000 0.284
5425.000 0.290
5430.000 0.310
5435.000 0.304
5440.000 0.297
5445.000 0.320
5450.000 0.315
5455.000 0.304
5460.000 0.298
5465.000 0.294
5470.000 0.303
5475.000 0.314
5480.000 0.307
5485.000 0.303
5490.000 0.294
5495.000 0.291
5500.000 0.286
5505.000 0.286
5510.000 0.282
5515.000 0.277
5520.000 0.292
5525.000 0.294
5530.000 0.290
5535.000 0.284
5540.000 0.278
5545.000 0.278
5550.000 0.279
5555.000 0.308
5560.000 0.306
5565.000 0.320
5570.000 0.312
5575.000 0.304
5580.000 0.303
5585.000 0.297
5590.000 0.288
5595.000 0.291
5600.000 0.301
5605.000 0.295
5610.000 0.294
5615.000 0.290
5620.000 0.287
5625.000 0.292
5630.000 0.320
5635.000 0.317
5640.000 0.306
5645.000 0.304
5650.000 0.297
5655.000 0.317
5660.000 0.310
5665.000 0.300
5670.000 0.299
5675.000 0.292
5680.000 0.289
5685.000 0.287
5690.000 0.289
5695.000 0.291
5700.000 0.289
5705.000 0.285
5710.000 0.284
5715.000 0.294
5720.000 0.293
5725.000 0.287
5730.000 0.285
5735.000 0.280
5740.000 0.282
5745.000 0.285
5750.000 0.287
5755.000 0.286
5760.000 0.304
5765.000 0.306
5770.000 0.303
5775.000 0.297
5780.000 0.307
5785.000 0.311
5790.000 0.302
5795.000 0.299
5800.000 0.305
5805.000 0.299
5810.000 0.296
5815.000 0.319
5820.000 0.324
5825.000 0.313
5830.000 0.305
5835.000 0.302
5840.000 0.307
5845.000 0.313
5850.000 0.323
5855.000 0.318
5860.000 0.313
5865.000 0.308
5870.000 0.302
5875.000 0.319
5880.000 0.312
5885.000 0.308
5890.000 0.302
5895.000 0.300
5900.000 0.299
5905.000 0.299
5910.000 0.299
5915.000 0.300
5920.000 0.300
5925.000 0.295
5930.000 0.291
5935.000 0.295
5940.000 0.286
5945.000 0.290
5950.000 0.291
5955.000 0.302
5960.000 0.300
5965.000 0.296
5970.000 0.301
5975.000 0.313
5980.000 0.306
5985.000 0.315
5990.000 0.306
5995.000 0.311
6000.000 0.314
6005.000 0.299
6010.000 0.297
6015.000 0.302
6020.000 0.343
6025.000 0.339
6030.000 0.341
6035.000 0.325
6040.000 0.323
6045.000 0.317
6050.000 0.311
6055.000 0.303
6060.000 0.309
6065.000 0.301
6070.000 0.299
6075.000 0.300
6080.000 0.300
6085.000 0.295
6090.000 0.296
6095.000 0.294
6100.000 0.294
6105.000 0.299
6110.000 0.300
6115.000 0.321
6120.000 0.328
6125.000 0.323
6130.000 0.315
6135.000 0.314
6140.000 0.332
6145.000 0.333
6150.000 0.336
6155.000 0.326
6160.000 0.322
6165.000 0.316
6170.000 0.336
6175.000 0.330
6180.000 0.328
6185.000 0.318
6190.000 0.318
6195.000 0.313
6200.000 0.306
6205.000 0.306
6210.000 0.303
6215.000 0.304
6220.000 0.313
6225.000 0.338
6230.000 0.334
6235.000 0.329
6240.000 0.320
6245.000 0.316
6250.000 0.313
6255.000 0.311
6260.000 0.319
6265.000 0.313
6270.000 0.312
6275.000 0.310
6280.000 0.319
6285.000 0.323
6290.000 0.319
6295.000 0.318
6300.000 0.312
6305.000 0.314
6310.000 0.308
6315.000 0.316
6320.000 0.311
6325.000 0.306
6330.000 0.305
6335.000 0.323
6340.000 0.325
6345.000 0.325
6350.000 0.319
6355.000 0.318
6360.000 0.312
6365.000 0.310
6370.000 0.309
6375.000 0.306
6380.000 0.307
6385.000 0.313
6390.000 0.310
6395.000 0.308
6400.000 0.306
6405.000 0.307
6410.000 0.306
6415.000 0.306
6420.000 0.306
6425.000 0.305
6430.000 0.307
6435.000 0.307
6440.000 0.320
6445.000 0.317
6450.000 0.313
6455.000 0.309
6460.000 0.312
6465.000 0.307
6470.000 0.308
6475.000 0.307
6480.000 0.308
6485.000 0.314
6490.000 0.314
6495.000 0.314
6500.000 0.312
6505.000 0.314
6510.000 0.312
6515.000 0.308
6520.000 0.312
6525.000 0.310
6530.000 0.313
6535.000 0.313
6540.000 0.312
6545.000 0.310
6550.000 0.309
6555.000 0.307
6560.000 0.311
6565.000 0.310
6570.000 0.312
6575.000 0.308
6580.000 0.309
6585.000 0.308
6590.000 0.307
6595.000 0.310
6600.000 0.312
6605.000 0.309
6610.000 0.309
6615.000 0.311
6620.000 0.342
6625.000 0.491
6630.000 0.500
6635.000 0.455
6640.000 0.426
6645.000 0.408
6650.000 0.377
6655.000 0.369
6660.000 0.347
6665.000 0.347
6670.000 0.338
6675.000 0.340
6680.000 0.341
6685.000 0.332
6690.000 0.327
6695.000 0.320
6700.000 0.316
6705.000 0.315
6710.000 0.313
6715.000 0.312
6720.000 0.308
6725.000 0.303
6730.000 0.304
6735.000 0.303
6740.000 0.295
6745.000 0.303
6750.000 0.299
6755.000 0.296
6760.000 0.289
6765.000 0.283
6770.000 0.275
6775.000 0.260
6780.000 0.251
6785.000 0.224
6790.000 0.206
6795.000 0.154
6800.000 0.107
6805.000 0.160
6810.000 0.748
6815.000 1.209
6820.000 2.490
6825.000 3.952
6830.000 4.631
6835.000 5.720
6840.000 6.117
6845.000 6.338
6850.000 5.763
6855.000 5.390
6860.000 4.793
6865.000 4.620
6870.000 4.587
6875.000 4.918
6880.000 5.186
6885.000 5.789
6890.000 6.064
6895.000 6.387
6900.000 6.042
6905.000 5.645
6910.000 4.951
6915.000 4.723
6920.000 4.403
6925.000 4.230
6930.000 4.214
6935.000 4.412
6940.000 4.783
6945.000 5.262
6950.000 5.801
6955.000 6.005
6960.000 6.012
6965.000 5.920
6970.000 5.251
6975.000 4.297
6980.000 3.894
6985.000 3.247
6990.000 2.992
6995.000 2.565
7000.000 2.313
7005.000 2.209
7010.000 2.094
7015.000 2.080
7020.000 2.160
7025.000 2.410
7030.000 2.607
7035.000 3.002
7040.000 3.158
7045.000 3.254
7050.000 2.861
7055.000 2.593
7060.000 2.101
7065.000 1.926
7070.000 1.680
7075.000 1.597
7080.000 1.484
7085.000 1.457
7090.000 1.461
7095.000 1.503
7100.000 1.543
7105.000 1.645
7110.000 1.820
7115.000 1.930
7120.000 2.199
7125.000 2.331
7130.000 2.479
7135.000 2.425
7140.000 2.271
7145.000 1.853
7150.000 1.664
7155.000 1.370
7160.000 1.156
7165.000 1.088
7170.000 0.967
7175.000 0.916
7180.000 0.847
7185.000 0.816
7190.000 0.801
7195.000 0.798
7200.000 0.809
7205.000 0.853
7210.000 0.974
7215.000 1.053
7220.000 1.172
7225.000 1.243
7230.000 1.308
7235.000 1.202
7240.000 1.137
7245.000 1.024
7250.000 0.988
7255.000 0.944
7260.000 0.937
7265.000 0.942
7270.000 0.979
7275.000 1.002
7280.000 1.069
7285.000 1.132
7290.000 1.148
7295.000 1.139
7300.000 1.098
7305.000 0.925
7310.000 0.736
7315.000 0.662
7320.000 0.582
7325.000 0.527
7330.000 0.435
7335.000 0.363
7340.000 0.332
7345.000 0.282
7350.000 0.254
7355.000 0.206
7360.000 0.144
7365.000 0.112
7370.000 0.025
7375.000 0.037
7380.000 0.149
7385.000 0.256
7390.000 0.315
7395.000 0.409
7400.000 0.430
7405.000 0.433
7410.000 0.392
7415.000 0.368
7420.000 0.329
7425.000 0.313
7430.000 0.296
7435.000 0.283
7440.000 0.276
7445.000 0.279
7450.000 0.280
7455.000 0.278
7460.000 0.272
7465.000 0.280
7470.000 0.276
7475.000 0.275
7480.000 0.270
7485.000 0.270
7490.000 0.270
7495.000 0.284
7500.000 0.288
7505.000 0.287
7510.000 0.283
7515.000 0.279
7520.000 0.278
7525.000 0.275
7530.000 0.273
7535.000 0.269
7540.000 0.278
7545.000 0.289
7550.000 0.288
7555.000 0.284
7560.000 0.278
7565.000 0.277
7570.000 0.276
7575.000 0.275
7580.000 0.273
7585.000 0.273
7590.000 0.274
7595.000 0.271
7600.000 0.272
7605.000 0.273
7610.000 0.274
7615.000 0.271
7620.000 0.273
7625.000 0.272
7630.000 0.271
7635.000 0.273
7640.000 0.272
7645.000 0.272
7650.000 0.273
7655.000 0.272
7660.000 0.273
7665.000 0.274
7670.000 0.272
7675.000 0.274
7680.000 0.274
7685.000 0.274
7690.000 0.276
7695.000 0.276
7700.000 0.273
7705.000 0.273
7710.000 0.274
7715.000 0.278
7720.000 0.279
7725.000 0.277
7730.000 0.301
7735.000 0.299
7740.000 0.293
7745.000 0.291
7750.000 0.290
7755.000 0.292
7760.000 0.293
7765.000 0.288
7770.000 0.292
7775.000 0.303
7780.000 0.303
7785.000 0.301
7790.000 0.296
7795.000 0.292
7800.000 0.293
7805.000 0.290
7810.000 0.289
7815.000 0.291
7820.000 0.294
7825.000 0.292
7830.000 0.289
7835.000 0.294
7840.000 0.294
7845.000 0.295
7850.000 0.294
7855.000 0.292
7860.000 0.308
7865.000 0.311
7870.000 0.305
7875.000 0.305
7880.000 0.302
7885.000 0.299
7890.000 0.298
7895.000 0.300
7900.000 0.295
7905.000 0.295
7910.000 0.294
7915.000 0.290
7920.000 0.291
7925.000 0.292
7930.000 0.289
7935.000 0.289
7940.000 0.287
7945.000 0.290
7950.000 0.290
7955.000 0.288
7960.000 0.292
7965.000 0.296
7970.000 0.290
7975.000 0.293
7980.000 0.312
7985.000 0.312
7990.000 0.321
7995.000 0.319
8000.000 0.310
8005.000 0.318
8010.000 0.313
8015.000 0.309
8020.000 0.307
8025.000 0.321
8030.000 0.321
8035.000 0.317
8040.000 0.303
8045.000 0.300
8050.000 0.306
8055.000 0.294
8060.000 0.303
8065.000 0.305
8070.000 0.308
8075.000 0.308
8080.000 0.304
8085.000 0.302
8090.000 0.301
8095.000 0.299
8100.000 0.297
8105.000 0.295
8110.000 0.294
8115.000 0.296
8120.000 0.296
8125.000 0.294
8130.000 0.295
8135.000 0.295
8140.000 0.292
8145.000 0.297
8150.000 0.295
8155.000 0.296
8160.000 0.296
8165.000 0.297
8170.000 0.296
8175.000 0.295
8180.000 0.296
8185.000 0.302
8190.000 0.309
8195.000 0.313
8200.000 0.311
8205.000 0.309
8210.000 0.307
8215.000 0.306
8220.000 0.305
8225.000 0.303
8230.000 0.301
8235.000 0.302
8240.000 0.302
8245.000 0.301
8250.000 0.300
8255.000 0.300
8260.000 0.297
8265.000 0.297
8270.000 0.298
8275.000 0.299
8280.000 0.308
8285.000 0.309
8290.000 0.306
8295.000 0.306
8300.000 0.302
8305.000 0.309
8310.000 0.310
8315.000 0.311
8320.000 0.311
8325.000 0.318
8330.000 0.314
8335.000 0.304
8340.000 0.305
8345.000 0.303
8350.000 0.301
8355.000 0.299
8360.000 0.301
8365.000 0.299
8370.000 0.300
8375.000 0.305
8380.000 0.305
8385.000 0.300
8390.000 0.296
8395.000 0.302
8400.000 0.302
8405.000 0.301
8410.000 0.302
8415.000 0.304
8420.000 0.303
8425.000 0.300
8430.000 0.299
8435.000 0.297
8440.000 0.302
8445.000 0.301
8450.000 0.300
8455.000 0.301
8460.000 0.301
8465.000 0.301
8470.000 0.303
8475.000 0.301
8480.000 0.303
8485.000 0.303
8490.000 0.304
8495.000 0.303
8500.000 0.303
8505.000 0.302
8510.000 0.306
8515.000 0.302
8520.000 0.301
8525.000 0.302
8530.000 0.303
8535.000 0.303
8540.000 0.306
8545.000 0.305
8550.000 0.303
8555.000 0.305
8560.000 0.304
8565.000 0.305
8570.000 0.306
8575.000 0.303
8580.000 0.304
8585.000 0.304
8590.000 0.317
8595.000 0.315
8600.000 0.314
8605.000 0.322
8610.000 0.322
8615.000 0.322
8620.000 0.321
8625.000 0.318
8630.000 0.314
8635.000 0.313
8640.000 0.311
8645.000 0.311
8650.000 0.312
8655.000 0.311
8660.000 0.312
8665.000 0.324
8670.000 0.322
8675.000 0.319
8680.000 0.315
8685.000 0.315
8690.000 0.312
8695.000 0.313
8700.000 0.311
8705.000 0.312
8710.000 0.313
8715.000 0.310
8720.000 0.310
8725.000 0.311
8730.000 0.311
8735.000 0.314
8740.000 0.308
8745.000 0.309
8750.000 0.311
8755.000 0.309
8760.000 0.311
8765.000 0.319
8770.000 0.323
8775.000 0.322
8780.000 0.317
8785.000 0.316
8790.000 0.314
8795.000 0.312
8800.000 0.314
8805.000 0.314
8810.000 0.315
8815.000 0.311
8820.000 0.313
8825.000 0.323
8830.000 0.313
8835.000 0.309
8840.000 0.318
8845.000 0.316
8850.000 0.311
8855.000 0.310
8860.000 0.310
8865.000 0.313
8870.000 0.311
8875.000 0.321
8880.000 0.323
8885.000 0.318
8890.000 0.320
8895.000 0.316
8900.000 0.316
8905.000 0.317
8910.000 0.312
8915.000 0.312
8920.000 0.312
8925.000 0.318
8930.000 0.315
8935.000 0.316
8940.000 0.323
8945.000 0.321
8950.000 0.321
8955.000 0.320
8960.000 0.314
8965.000 0.314
8970.000 0.310
8975.000 0.315
8980.000 0.314
8985.000 0.309
8990.000 0.335
8995.000 0.322
9000.000 0.321
9005.000 0.313
9010.000 0.321
9015.000 0.313
9020.000 0.312
9025.000 0.316
9030.000 0.323
9035.000 0.320
9040.000 0.323
9045.000 0.325
9050.000 0.316
9055.000 0.315
9060.000 0.310
9065.000 0.314
9070.000 0.313
9075.000 0.321
9080.000 0.322
9085.000 0.317
9090.000 0.319
9095.000 0.314
9100.000 0.312
9105.000 0.312
9110.000 0.310
9115.000 0.310
9120.000 0.310
9125.000 0.310
9130.000 0.318
9135.000 0.318
9140.000 0.314
9145.000 0.320
9150.000 0.319
9155.000 0.317
9160.000 0.315
9165.000 0.319
9170.000 0.320
9175.000 0.317
9180.000 0.317
9185.000 0.314
9190.000 0.312
9195.000 0.308
9200.000 0.310
9205.000 0.309
9210.000 0.309
9215.000 0.306
9220.000 0.309
9225.000 0.308
9230.000 0.309
9235.000 0.308
9240.000 0.309
9245.000 0.309
9250.000 0.308
9255.000 0.307
9260.000 0.306
9265.000 0.306
9270.000 0.308
9275.000 0.307
9280.000 0.308
9285.000 0.305
9290.000 0.306
9295.000 0.314
9300.000 0.314
9305.000 0.312
9310.000 0.310
9315.000 0.307
9320.000 0.312
9325.000 0.313
9330.000 0.313
9335.000 0.311
9340.000 0.313
9345.000 0.313
9350.000 0.312
9355.000 0.303
9360.000 0.307
9365.000 0.308
9370.000 0.310
9375.000 0.312
9380.000 0.310
9385.000 0.308
9390.000 0.308
9395.000 0.304
9400.000 0.304
9405.000 0.306
9410.000 0.304
9415.000 0.304
9420.000 0.306
9425.000 0.305
9430.000 0.308
9435.000 0.307
9440.000 0.307
9445.000 0.320
9450.000 0.319
9455.000 0.317
9460.000 0.310
9465.000 0.308
9470.000 0.306
9475.000 0.303
9480.000 0.304
9485.000 0.305
9490.000 0.304
9495.000 0.305
9500.000 0.303
9505.000 0.304
9510.000 0.302
9515.000 0.301
9520.000 0.304
9525.000 0.304
9530.000 0.304
9535.000 0.303
9540.000 0.306
9545.000 0.306
9550.000 0.306
9555.000 0.306
9560.000 0.302
9565.000 0.300
9570.000 0.301
9575.000 0.300
9580.000 0.303
9585.000 0.301
9590.000 0.302
9595.000 0.298
9600.000 0.300
9605.000 0.301
9610.000 0.297
9615.000 0.302
9620.000 0.316
9625.000 0.316
9630.000 0.317
9635.000 0.309
9640.000 0.298
9645.000 0.302
9650.000 0.301
9655.000 0.299
9660.000 0.300
9665.000 0.307
9670.000 0.312
9675.000 0.311
9680.000 0.309
9685.000 0.303
9690.000 0.304
9695.000 0.304
9700.000 0.302
9705.000 0.308
9710.000 0.308
9715.000 0.305
9720.000 0.306
9725.000 0.303
9730.000 0.304
9735.000 0.303
9740.000 0.303
9745.000 0.301
9750.000 0.301
9755.000 0.311
9760.000 0.308
9765.000 0.311
9770.000 0.305
9775.000 0.304
9780.000 0.305
9785.000 0.303
9790.000 0.305
9795.000 0.306
9800.000 0.303
9805.000 0.306
9810.000 0.306
9815.000 0.304
9820.000 0.313
9825.000 0.314
9830.000 0.308
9835.000 0.307
9840.000 0.306
9845.000 0.309
9850.000 0.308
9855.000 0.307
9860.000 0.303
9865.000 0.302
9870.000 0.303
9875.000 0.302
9880.000 0.301
9885.000 0.300
9890.000 0.300
9895.000 0.300
9900.000 0.298
9905.000 0.299
9910.000 0.299
9915.000 0.301
9920.000 0.301
9925.000 0.300
9930.000 0.359
9935.000 0.425
9940.000 0.425
9945.000 0.392
9950.000 0.360
9955.000 0.349
9960.000 0.323
9965.000 0.321
9970.000 0.312
9975.000 0.312
9980.000 0.311
9985.000 0.304
9990.000 0.307
9995.000 0.302
10000.000 0.306
10005.000 0.306
10010.000 0.306
10015.000 0.307
10020.000 0.306
10025.000 0.306
10030.000 0.301
10035.000 0.307
10040.000 0.307
10045.000 0.309
10050.000 0.307
10055.000 0.311
10060.000 0.307
10065.000 0.302
10070.000 0.310
10075.000 0.307
10080.000 0.303
10085.000 0.299
10090.000 0.300
10095.000 0.301
10100.000 0.298
10105.000 0.300
10110.000 0.300
10115.000 0.300
10120.000 0.299
10125.000 0.298
10130.000 0.299
10135.000 0.303
10140.000 0.311
10145.000 0.310
10150.000 0.310
10155.000 0.311
10160.000 0.305
10165.000 0.303
10170.000 0.301
10175.000 0.299
10180.000 0.293
10185.000 0.280
10190.000 0.271
10195.000 0.251
10200.000 0.241
10205.000 0.230
10210.000 0.254
10215.000 0.276
10220.000 0.346
10225.000 0.387
10230.000 0.438
10235.000 0.449
10240.000 0.443
10245.000 0.439
10250.000 0.432
10255.000 0.426
10260.000 0.418
10265.000 0.414
10270.000 0.389
10275.000 0.367
10280.000 0.320
10285.000 0.264
10290.000 0.243
10295.000 0.206
10300.000 0.190
10305.000 0.170
10310.000 0.155
10315.000 0.151
10320.000 0.145
10325.000 0.147
10330.000 0.164
10335.000 0.184
10340.000 0.256
10345.000 0.398
10350.000 0.492
10355.000 0.663
10360.000 0.726
10365.000 0.768
10370.000 0.755
10375.000 0.740
10380.000 0.699
10385.000 0.683
10390.000 0.645
10395.000 0.606
10400.000 0.579
10405.000 0.522
10410.000 0.488
10415.000 0.412
10420.000 0.332
10425.000 0.298
10430.000 0.258
10435.000 0.242
10440.000 0.221
10445.000 0.211
10450.000 0.208
10455.000 0.204
10460.000 0.205
10465.000 0.207
10470.000 0.200
10475.000 0.200
10480.000 0.196
10485.000 0.192
10490.000 0.195
10495.000 0.204
10500.000 0.216
10505.000 0.260
10510.000 0.297
10515.000 0.411
10520.000 0.545
10525.000 0.601
10530.000 0.655
10535.000 0.664
10540.000 0.659
10545.000 0.613
10550.000 0.575
10555.000 0.504
10560.000 0.465
10565.000 0.387
10570.000 0.328
10575.000 0.308
10580.000 0.282
10585.000 0.277
10590.000 0.271
10595.000 0.268
10600.000 0.267
10605.000 0.265
10610.000 0.269
10615.000 0.267
10620.000 0.269
10625.000 0.268
10630.000 0.269
10635.000 0.270
10640.000 0.272
10645.000 0.276
10650.000 0.280
10655.000 0.294
10660.000 0.307
10665.000 0.325
10670.000 0.333
10675.000 0.330
10680.000 0.313
10685.000 0.316
10690.000 0.310
10695.000 0.305
10700.000 0.303
10705.000 0.301
10710.000 0.300
10715.000 0.297
10720.000 0.305
10725.000 0.306
10730.000 0.299
10735.000 0.301
10740.000 0.301
10745.000 0.302
10750.000 0.301
10755.000 0.303
10760.000 0.305
10765.000 0.304
10770.000 0.303
10775.000 0.305
10780.000 0.305
10785.000 0.305
10790.000 0.307
10795.000 0.307
10800.000 0.307
10805.000 0.303
10810.000 0.306
10815.000 0.304
10820.000 0.304
10825.000 0.302
10830.000 0.303
10835.000 0.302
10840.000 0.307
10845.000 0.304
10850.000 0.307
10855.000 0.305
10860.000 0.302
10865.000 0.303
10870.000 0.303
10875.000 0.302
10880.000 0.298
10885.000 0.295
10890.000 0.295
10895.000 0.296
10900.000 0.298
10905.000 0.301
10910.000 0.300
10915.000 0.300
10920.000 0.298
10925.000 0.294
10930.000 0.296
10935.000 0.299
10940.000 0.303
10945.000 0.302
10950.000 0.306
10955.000 0.303
10960.000 0.305
10965.000 0.303
10970.000 0.302
10975.000 0.301
10980.000 0.301
10985.000 0.295
10990.000 0.296
10995.000 0.294
11000.000 0.291
11005.000 0.301
11010.000 0.298
11015.000 0.290
11020.000 0.288
11025.000 0.298
11030.000 0.297
11035.000 0.307
11040.000 0.297
11045.000 0.302
11050.000 0.305
11055.000 0.293
11060.000 0.292
11065.000 0.292
11070.000 0.292
11075.000 0.292
11080.000 0.290
11085.000 0.286
11090.000 0.292
11095.000 0.294
11100.000 0.297
11105.000 0.293
11110.000 0.290
11115.000 0.292
11120.000 0.293
11125.000 0.291
11130.000 0.289
11135.000 0.292
11140.000 0.295
11145.000 0.296
11150.000 0.294
11155.000 0.294
11160.000 0.293
11165.000 0.292
11170.000 0.292
11175.000 0.293
11180.000 0.293
11185.000 0.293
11190.000 0.293
11195.000 0.293
11200.000 0.292
11205.000 0.292
11210.000 0.293
11215.000 0.293
11220.000 0.293
11225.000 0.292
11230.000 0.292
11235.000 0.295
11240.000 0.297
11245.000 0.296
11250.000 0.296
11255.000 0.294
11260.000 0.294
11265.000 0.299
11270.000 0.296
11275.000 0.296
11280.000 0.297
11285.000 0.292
11290.000 0.295
11295.000 0.294
11300.000 0.293
11305.000 0.291
11310.000 0.291
11315.000 0.291
11320.000 0.291
11325.000 0.292
11330.000 0.291
11335.000 0.292
11340.000 0.292
11345.000 0.286
11350.000 0.277
11355.000 0.285
11360.000 0.286
11365.000 0.286
11370.000 0.289
11375.000 0.290
11380.000 0.292
11385.000 0.290
11390.000 0.291
11395.000 0.295
11400.000 0.294
11405.000 0.294
11410.000 0.294
11415.000 0.292
11420.000 0.296
11425.000 0.297
11430.000 0.296
11435.000 0.294
11440.000 0.298
11445.000 0.295
11450.000 0.293
11455.000 0.291
11460.000 0.292
11465.000 0.291
11470.000 0.292
11475.000 0.294
11480.000 0.293
11485.000 0.293
11490.000 0.293
11495.000 0.294
11500.000 0.295
11505.000 0.291
11510.000 0.292
11515.000 0.294
11520.000 0.292
11525.000 0.293
11530.000 0.294
11535.000 0.294
11540.000 0.294
11545.000 0.290
11550.000 0.292
11555.000 0.292
11560.000 0.291
11565.000 0.291
11570.000 0.292
11575.000 0.289
11580.000 0.291
11585.000 0.292
11590.000 0.292
11595.000 0.293
11600.000 0.293
11605.000 0.292
11610.000 0.293
11615.000 0.293
11620.000 0.293
11625.000 0.292
11630.000 0.292
11635.000 0.291
11640.000 0.295
11645.000 0.297
11650.000 0.296
11655.000 0.294
11660.000 0.290
11665.000 0.292
11670.000 0.290
11675.000 0.292
11680.000 0.294
11685.000 0.295
11690.000 0.298
11695.000 0.297
11700.000 0.294
11705.000 0.293
11710.000 0.292
11715.000 0.294
11720.000 0.294
11725.000 0.290
11730.000 0.291
11735.000 0.290
11740.000 0.291
11745.000 0.292
11750.000 0.290
11755.000 0.291
11760.000 0.291
11765.000 0.287
11770.000 0.289
11775.000 0.293
11780.000 0.289
11785.000 0.286
11790.000 0.286
11795.000 0.286
11800.000 0.285
11805.000 0.285
11810.000 0.286
11815.000 0.290
11820.000 0.288
11825.000 0.289
11830.000 0.286
11835.000 0.289
11840.000 0.284
11845.000 0.285
11850.000 0.284
11855.000 0.283
11860.000 0.285
11865.000 0.283
11870.000 0.284
11875.000 0.285
11880.000 0.284
11885.000 0.284
11890.000 0.285
11895.000 0.285
11900.000 0.286
11905.000 0.282
11910.000 0.284
11915.000 0.283
11920.000 0.281
11925.000 0.280
11930.000 0.280
11935.000 0.280
11940.000 0.279
11945.000 0.280
11950.000 0.278
11955.000 0.280
11960.000 0.281
11965.000 0.278
11970.000 0.281
11975.000 0.281
11980.000 0.281
11985.000 0.281
11990.000 0.282
11995.000 0.274
12000.000 0.275
