$SPEC_ID:
PRAK02 Easy-MCA-2k SN
$SPEC_REM:
DET# 1
DETDESC# PRAK01 Easy-MCA-2k SN 15071856
AP# Maestro Version 7.01
$DATE_MEA:
01/01/2002 04:48:09
$MEAS_TIM:
149 150
$DATA:
0 511
       0
       0
       0
       0
       2
       1
       0
       0
       2
       1
       0
       1
       1
       2
       3
       2
       2
       3
      29
     210
     278
     271
     287
     290
     251
     273
     307
     270
     298
     309
     309
     323
     319
     340
     347
     349
     315
     360
     376
     333
     362
     361
     381
     359
     384
     430
     421
     420
     433
     437
     437
     398
     417
     404
     391
     399
     379
     405
     358
     338
     328
     334
     360
     334
     352
     346
     359
     375
     337
     348
     380
     306
     326
     318
     321
     324
     320
     299
     307
     297
     340
     318
     318
     302
     309
     318
     357
     355
     315
     320
     344
     298
     328
     307
     318
     318
     335
     338
     300
     287
     322
     326
     319
     278
     298
     262
     251
     241
     224
     208
     182
     167
     188
     151
     151
     134
     147
     140
     123
     136
     136
     135
     128
     129
     111
     108
     139
     149
     128
     185
     166
     196
     222
     260
     257
     338
     416
     468
     594
     649
     749
     944
    1002
    1166
    1282
    1407
    1562
    1623
    1657
    1700
    1705
    1614
    1485
    1306
    1236
    1001
     796
     666
     485
     330
     243
     161
      97
      52
      47
      30
      22
      13
       9
       9
      16
       7
       9
      10
       9
      10
       9
       6
       7
       6
       5
       4
       4
       6
       5
       5
       1
       0
       3
       3
       1
       7
       4
       2
       2
       3
       4
       1
       3
       1
       2
       2
       4
       4
       2
       5
       4
       2
       2
       4
       2
       4
       2
       0
       3
       2
       0
       2
       2
       2
       4
       0
       4
       0
       1
       2
       4
       1
       2
       1
       4
       0
       1
       0
       2
       0
       3
       0
       0
       3
       4
       1
       3
       1
       1
       2
       0
       1
       3
       3
       1
       2
       0
       0
       3
       0
       1
       0
       1
       2
       2
       1
       1
       2
       2
       0
       2
       1
       3
       0
       0
       3
       2
       2
       2
       1
       0
       0
       1
       1
       1
       2
       1
       1
       1
       1
       0
       1
       0
       1
       1
       2
       2
       1
       1
       0
       2
       0
       2
       0
       3
       1
       2
       0
       2
       1
       1
       0
       0
       1
       2
       0
       0
       2
       3
       1
       5
       3
       0
       1
       2
       1
       1
       3
       3
       1
       1
       0
       2
       0
       2
       0
       0
       0
       1
       1
       0
       0
       0
       0
       0
       1
       2
       2
       0
       0
       0
       0
       0
       1
       0
       2
       1
       0
       1
       0
       1
       1
       1
       0
       1
       1
       0
       1
       1
       0
       1
       1
       0
       0
       0
       0
       0
       1
       0
       0
       2
       0
       0
       0
       1
       0
       0
       0
       1
       2
       0
       2
       0
       0
       1
       1
       0
       1
       0
       0
       1
       0
       0
       0
       0
       0
       0
       1
       0
       1
       0
       1
       0
       0
       0
       0
       0
       1
       0
       0
       0
       2
       0
       0
       0
       0
       1
       0
       0
       1
       0
       0
       0
       0
       0
       0
       0
       0
       1
       0
       1
       1
       0
       0
       0
       0
       0
       0
       2
       0
       0
       0
       0
       1
       1
       0
       0
       0
       0
       0
       0
       0
       0
       0
       0
       0
       0
       1
       0
       0
       0
       0
       0
       0
       1
       0
       0
       0
       0
       1
       0
       0
       0
       0
       0
       0
       0
       0
       0
       0
       0
       0
       0
       0
       0
       0
       0
       0
       0
       0
       0
       0
       0
       0
       0
       0
       0
       0
       0
       0
       0
       0
       0
       0
       0
       0
$ROI:
1
134 170
$PRESETS:
Live Time
300
0
$ENER_FIT:
0.000000 0.000000
$MCA_CAL:
3
0.000000E+000 0.000000E+000 0.000000E+000 
$SHAPE_CAL:
3
0.000000E+000 0.000000E+000 0.000000E+000
