$SPEC_ID:
PRAK02 Easy-MCA-2k SN
$SPEC_REM:
DET# 1
DETDESC# PRAK01 Easy-MCA-2k SN 15071856
AP# Maestro Version 7.01
$DATE_MEA:
01/01/2002 01:24:31
$MEAS_TIM:
102 103
$DATA:
0 511
       0
       0
       0
       0
       0
       0
       0
       0
       0
       0
       0
       0
       0
       0
       0
       0
       0
       1
      15
     134
     189
     176
     200
     162
     192
     172
     195
     187
     183
     213
     191
     202
     191
     212
     225
     202
     236
     223
     222
     223
     212
     235
     278
     223
     268
     278
     254
     292
     269
     320
     273
     259
     270
     304
     281
     253
     267
     256
     244
     270
     268
     247
     253
     227
     244
     228
     226
     253
     232
     208
     248
     234
     220
     198
     223
     168
     196
     215
     223
     189
     224
     201
     206
     203
     217
     209
     215
     212
     191
     210
     203
     205
     200
     209
     188
     206
     223
     220
     222
     222
     199
     213
     222
     194
     203
     184
     192
     158
     186
     165
     169
     121
     120
     105
      93
      88
      95
     106
      99
     108
      90
     105
      69
      82
      83
      84
      89
      89
      97
      85
      86
      83
     102
     104
     100
      78
     108
     108
     139
     170
     199
     269
     333
     370
     502
     701
     839
     944
    1104
    1282
    1399
    1382
    1424
    1340
    1273
    1117
     941
     801
     629
     508
     360
     273
     176
     116
      68
      41
      30
      23
      10
       7
       3
       1
       1
       2
       0
       4
       2
       2
       3
       1
       2
       2
       2
       3
       2
       0
       0
       2
       2
       3
       1
       3
       4
       0
       2
       2
       2
       2
       2
       2
       2
       1
       1
       3
       4
       1
       2
       4
       2
       1
       1
       2
       0
       0
       1
       3
       2
       1
       0
       3
       3
       0
       0
       3
       0
       0
       2
       1
       0
       1
       0
       0
       0
       3
       0
       2
       2
       3
       4
       1
       1
       2
       1
       1
       0
       1
       2
       1
       0
       4
       1
       2
       2
       1
       1
       1
       2
       2
       1
       2
       0
       1
       0
       1
       3
       0
       1
       0
       1
       0
       1
       0
       1
       1
       1
       0
       2
       3
       1
       0
       1
       0
       0
       0
       0
       0
       1
       2
       0
       1
       0
       1
       1
       0
       0
       0
       1
       1
       1
       1
       0
       1
       1
       1
       1
       1
       0
       1
       1
       0
       0
       2
       0
       0
       1
       2
       1
       2
       1
       2
       1
       2
       1
       0
       1
       0
       1
       1
       2
       0
       2
       2
       0
       0
       0
       0
       0
       0
       0
       0
       0
       0
       0
       0
       0
       0
       0
       0
       0
       0
       0
       0
       0
       0
       0
       0
       0
       0
       0
       1
       0
       0
       0
       0
       0
       0
       0
       1
       0
       0
       0
       0
       0
       0
       0
       0
       2
       0
       0
       0
       0
       0
       0
       0
       0
       0
       0
       0
       0
       0
       0
       0
       1
       0
       1
       0
       0
       0
       0
       0
       0
       0
       0
       0
       0
       0
       0
       0
       0
       0
       0
       0
       0
       0
       0
       0
       0
       0
       0
       0
       0
       0
       0
       1
       0
       0
       1
       0
       0
       0
       0
       0
       0
       0
       0
       0
       0
       0
       0
       1
       0
       0
       0
       0
       0
       0
       0
       0
       0
       1
       0
       1
       0
       0
       0
       1
       0
       0
       1
       0
       0
       0
       0
       0
       0
       0
       0
       0
       0
       0
       0
       0
       0
       1
       0
       0
       0
       0
       0
       0
       0
       0
       0
       0
       0
       0
       0
       0
       0
       0
       0
       0
       0
       0
       0
       0
       0
       0
       0
       0
       0
       0
       0
       0
       0
       0
       0
       0
       0
       0
       0
       0
$ROI:
1
135 167
$PRESETS:
Live Time
300
0
$ENER_FIT:
0.000000 0.000000
$MCA_CAL:
3
0.000000E+000 0.000000E+000 0.000000E+000 
$SHAPE_CAL:
3
0.000000E+000 0.000000E+000 0.000000E+000
