$SPEC_ID:
PRAK02 Easy-MCA-2k SN
$SPEC_REM:
DET# 1
DETDESC# PRAK01 Easy-MCA-2k SN 15071856
AP# Maestro Version 7.01
$DATE_MEA:
01/01/2002 01:31:09
$MEAS_TIM:
115 115
$DATA:
0 511
       0
       0
       0
       0
       0
       0
       0
       0
       0
       0
       0
       0
       0
       0
       1
       0
       0
       0
      21
     196
     212
     214
     233
     204
     191
     187
     223
     210
     193
     231
     234
     238
     252
     255
     258
     258
     266
     276
     242
     266
     261
     249
     288
     273
     273
     275
     336
     306
     313
     322
     323
     311
     325
     330
     312
     281
     302
     292
     339
     284
     280
     262
     263
     294
     254
     260
     252
     263
     222
     239
     236
     234
     249
     263
     221
     194
     249
     255
     244
     240
     236
     255
     253
     255
     263
     226
     260
     246
     237
     259
     230
     243
     255
     254
     245
     220
     266
     235
     248
     249
     224
     254
     226
     234
     214
     203
     201
     194
     198
     178
     126
     149
     129
     124
     108
     121
     120
     114
     102
     110
     101
      92
      81
      90
     114
      83
      87
      86
      73
     101
      90
      99
     114
     110
     129
     129
     149
     175
     224
     275
     336
     406
     527
     642
     798
     974
    1132
    1296
    1414
    1490
    1554
    1436
    1470
    1413
    1165
    1066
     885
     673
     564
     392
     270
     188
     104
      65
      46
      30
      12
       8
       6
       2
       2
       4
       2
       1
       2
       5
       0
       4
       1
       2
       2
       2
       2
       2
       4
       2
       3
       2
       1
       0
       2
       3
       3
       2
       4
       2
       2
       0
       2
       1
       3
       2
       4
       2
       2
       4
       1
       1
       1
       2
       0
       1
       1
       2
       2
       4
       2
       1
       1
       2
       0
       0
       2
       0
       0
       0
       1
       0
       1
       1
       2
       2
       3
       2
       1
       2
       1
       0
       2
       2
       1
       0
       1
       1
       0
       1
       0
       0
       2
       0
       1
       2
       1
       2
       2
       2
       2
       1
       2
       1
       2
       2
       0
       0
       1
       1
       0
       0
       2
       1
       2
       1
       0
       0
       1
       1
       0
       0
       0
       0
       1
       0
       1
       4
       0
       1
       0
       0
       0
       1
       1
       1
       1
       0
       1
       0
       1
       0
       0
       0
       2
       0
       1
       0
       1
       0
       2
       2
       1
       3
       1
       1
       1
       1
       2
       1
       1
       2
       3
       0
       5
       0
       3
       1
       0
       0
       1
       0
       4
       2
       0
       0
       0
       1
       1
       0
       1
       1
       0
       0
       0
       0
       0
       0
       1
       1
       0
       0
       0
       0
       0
       0
       0
       2
       2
       0
       0
       0
       1
       1
       1
       0
       0
       1
       0
       0
       0
       0
       0
       0
       0
       0
       0
       0
       0
       0
       0
       0
       0
       1
       0
       1
       0
       0
       0
       0
       0
       0
       0
       0
       0
       0
       1
       0
       0
       0
       0
       0
       0
       0
       1
       0
       0
       0
       0
       0
       0
       0
       0
       2
       0
       0
       1
       0
       0
       1
       0
       0
       1
       0
       0
       0
       0
       0
       0
       0
       0
       0
       1
       0
       0
       0
       0
       0
       0
       0
       0
       0
       0
       0
       0
       0
       0
       0
       0
       0
       0
       0
       1
       0
       0
       0
       0
       0
       0
       0
       0
       0
       0
       0
       1
       0
       1
       0
       0
       0
       0
       0
       0
       0
       0
       0
       0
       1
       0
       0
       0
       1
       1
       0
       1
       0
       0
       0
       0
       0
       0
       0
       0
       0
       0
       0
       0
       0
       0
       0
       0
       0
       0
       0
       0
       0
       0
       0
       0
       0
       0
       0
       0
       0
       0
       0
$ROI:
1
135 167
$PRESETS:
Live Time
300
0
$ENER_FIT:
0.000000 0.000000
$MCA_CAL:
3
0.000000E+000 0.000000E+000 0.000000E+000 
$SHAPE_CAL:
3
0.000000E+000 0.000000E+000 0.000000E+000
