$SPEC_ID:
PRAK02 Easy-MCA-2k SN
$SPEC_REM:
DET# 1
DETDESC# PRAK01 Easy-MCA-2k SN 15071856
AP# Maestro Version 7.01
$DATE_MEA:
01/01/2002 02:48:25
$MEAS_TIM:
300 301
$DATA:
0 511
       0
       0
       0
       0
       0
       0
       0
       0
       0
       0
       0
       0
       0
       0
       0
       0
       0
       0
       1
      50
      85
      71
      76
      60
      86
      73
      91
     103
     107
     101
     102
     122
     116
     134
     129
     105
     125
     128
     136
     143
     133
     148
     156
     112
     127
     121
     127
     131
     127
     133
     129
     107
     128
     131
     119
     124
     114
     102
      95
     121
     114
     115
      94
     115
     122
      91
     113
     104
      84
      98
      87
      91
      88
      87
      78
     102
      77
      88
      75
     100
      65
      83
      92
      76
      68
      70
      75
      87
      84
      78
      85
      65
      72
      84
      74
      72
      71
      57
      72
      86
      71
      63
      74
      56
      59
      59
      57
      70
      50
      59
      53
      44
      37
      36
      31
      34
      37
      36
      39
      23
      30
      30
      40
      33
      32
      32
      35
      37
      43
      30
      26
      36
      26
      30
      32
      40
      38
      50
      58
      60
      72
      72
     109
     136
     207
     206
     277
     290
     340
     389
     388
     420
     394
     369
     338
     295
     239
     200
     128
      97
      87
      56
      32
      19
      26
      18
      11
       7
       2
       5
       9
       8
       3
       7
       4
       5
       6
       4
       7
       9
      10
       2
       4
      10
       6
       5
      11
       3
       5
       6
       5
       8
       5
       6
       5
       7
       5
       5
       3
       5
       4
       5
       4
       2
       2
       5
       4
       5
       6
       7
       8
       5
       5
       2
       4
       5
       4
       6
       3
       1
       5
       3
       4
       3
       5
       2
       4
       5
       0
       1
       4
       4
       3
       3
       2
       2
       4
       4
       0
       4
       2
       5
       5
       2
       1
       2
       3
       4
       2
       7
       1
       3
       5
       5
       6
       5
       1
       4
       1
       4
       2
       1
       2
       4
       4
       5
       0
       1
       1
       0
       1
       2
       3
       3
       2
       4
       7
       1
       2
       4
       4
       3
       2
       1
       2
       1
       1
       1
       0
       3
       2
       1
       1
       1
       0
       1
       0
       1
       0
       2
       1
       1
       1
       1
       4
       5
       4
       0
       3
       4
       2
       3
       4
       1
       3
       4
       5
       7
       4
       4
       2
       1
       3
       5
       3
       3
       3
       1
       1
       7
       1
       1
       1
       0
       1
       2
       0
       1
       2
       0
       1
       2
       0
       0
       0
       0
       3
       1
       2
       1
       1
       2
       0
       0
       1
       1
       0
       1
       0
       0
       1
       0
       1
       0
       0
       0
       1
       0
       0
       0
       1
       0
       0
       0
       1
       0
       1
       0
       0
       0
       1
       1
       0
       1
       0
       0
       0
       4
       3
       1
       0
       1
       2
       1
       2
       0
       2
       1
       0
       0
       1
       0
       1
       1
       0
       1
       1
       0
       0
       0
       0
       1
       1
       1
       0
       0
       0
       0
       0
       1
       0
       0
       0
       1
       1
       0
       1
       0
       0
       0
       0
       0
       0
       0
       1
       0
       0
       0
       0
       0
       1
       3
       0
       0
       0
       1
       0
       1
       1
       0
       3
       0
       1
       0
       0
       1
       0
       0
       0
       1
       0
       0
       1
       1
       1
       0
       0
       3
       0
       1
       0
       0
       0
       2
       1
       0
       1
       1
       1
       0
       0
       0
       1
       0
       0
       1
       0
       0
       0
       0
       0
       0
       0
       0
       0
       0
       0
       0
       0
       0
       0
       0
       0
       0
       0
       0
       0
       0
       0
       0
       0
       0
$ROI:
1
134 170
$PRESETS:
Live Time
300
0
$ENER_FIT:
0.000000 0.000000
$MCA_CAL:
3
0.000000E+000 0.000000E+000 0.000000E+000 
$SHAPE_CAL:
3
0.000000E+000 0.000000E+000 0.000000E+000
