$SPEC_ID:
PRAK02 Easy-MCA-2k SN
$SPEC_REM:
DET# 1
DETDESC# PRAK01 Easy-MCA-2k SN 15071856
AP# Maestro Version 7.01
$DATE_MEA:
01/01/2002 02:30:00
$MEAS_TIM:
300 301
$DATA:
0 511
       0
       0
       0
       0
       0
       0
       0
       0
       0
       0
       0
       0
       0
       0
       1
       2
       3
       7
       9
      46
      40
      65
      61
      59
      56
      81
      67
      68
      73
      78
      98
      81
      92
      92
      89
     110
     119
     101
     108
     118
      99
     111
     123
     105
     117
     148
      97
     122
     121
      96
     112
     127
      97
     106
     116
     118
      78
      83
      90
      87
     103
      91
      91
      90
      68
      82
      78
      72
      65
      70
      77
      63
      75
      59
      67
      66
      69
      48
      53
      57
      72
      54
      53
      69
      55
      57
      56
      49
      60
      52
      51
      44
      44
      51
      48
      41
      49
      43
      54
      53
      52
      41
      44
      39
      42
      42
      41
      32
      32
      40
      27
      32
      31
      28
      28
      32
      14
      27
      31
      25
      23
      26
      21
      15
      11
      22
      18
      27
      18
      21
      26
      19
      32
      39
      29
      31
      26
      29
      36
      44
      51
      62
      61
      75
     117
     110
     128
     153
     162
     182
     199
     176
     163
     143
     143
      98
     109
      67
      65
      39
      22
      17
      16
      15
      12
       9
       9
       1
       4
       4
       8
       3
       3
       6
       3
       8
      10
       1
       6
       7
       5
       8
       4
       8
       2
       2
       5
       5
       7
       6
       5
       4
       5
       9
       6
       7
       7
       4
       5
       5
       6
       4
       1
       3
       4
       1
       4
       4
       3
       7
       3
       4
       2
       5
       6
       2
       7
       3
       6
       5
       3
       2
       3
       4
       3
       2
       0
       4
       3
       4
       6
       1
       3
       7
       8
       3
       1
       4
       3
       2
       1
       3
       7
       3
       1
       4
       3
       4
       5
       5
       7
       0
       2
       3
       3
       2
       6
       4
       1
       1
       2
       6
       1
       4
       2
       1
       4
       3
       3
       1
       3
       2
       1
       1
       1
       0
       3
       0
       3
       1
       0
       2
       1
       4
       1
       2
       1
       2
       0
       1
       2
       0
       2
       0
       2
       3
       4
       2
       1
       3
       3
       4
       4
       0
       5
       5
       2
       4
       6
       4
       2
       4
       0
       3
       5
       7
       2
       6
       1
       1
       3
       3
       3
       0
       2
       4
       2
       1
       1
       1
       0
       3
       1
       1
       3
       0
       1
       0
       1
       1
       0
       1
       0
       1
       1
       5
       0
       1
       1
       1
       1
       0
       0
       1
       0
       2
       0
       0
       0
       0
       2
       1
       0
       0
       0
       0
       0
       0
       1
       0
       1
       0
       0
       1
       0
       0
       0
       0
       2
       1
       0
       0
       1
       2
       0
       0
       0
       1
       2
       1
       2
       2
       2
       0
       2
       0
       2
       0
       1
       0
       1
       1
       0
       4
       0
       0
       1
       0
       2
       1
       0
       1
       1
       0
       0
       0
       0
       0
       0
       0
       0
       1
       0
       0
       0
       0
       0
       1
       0
       0
       0
       0
       0
       0
       0
       2
       0
       0
       0
       1
       0
       0
       0
       0
       0
       0
       0
       1
       0
       0
       0
       0
       0
       0
       3
       0
       0
       1
       1
       0
       0
       0
       1
       0
       0
       0
       0
       0
       0
       1
       1
       0
       0
       0
       1
       1
       1
       1
       0
       0
       1
       0
       0
       0
       0
       0
       0
       0
       0
       0
       0
       0
       0
       0
       0
       0
       0
       0
       0
       0
       0
       0
       0
       0
       0
       0
       0
       0
       0
       0
       0
       0
$ROI:
1
134 170
$PRESETS:
Live Time
300
0
$ENER_FIT:
0.000000 0.000000
$MCA_CAL:
3
0.000000E+000 0.000000E+000 0.000000E+000 
$SHAPE_CAL:
3
0.000000E+000 0.000000E+000 0.000000E+000
