$SPEC_ID:
PRAK02 Easy-MCA-2k SN
$SPEC_REM:
DET# 1
DETDESC# PRAK01 Easy-MCA-2k SN 15071856
AP# Maestro Version 7.01
$DATE_MEA:
01/01/2002 03:05:40
$MEAS_TIM:
300 300
$DATA:
0 511
       0
       0
       0
       0
       0
       0
       0
       0
       0
       0
       0
       0
       0
       0
       0
       1
       0
       0
       6
      44
      58
      86
      79
      79
      83
      77
      72
      77
      92
      89
      76
     116
      98
     113
     117
     139
     129
     110
     134
     116
     126
     125
     130
     129
     140
     131
     124
     115
     124
     119
     109
     111
     106
      87
     102
     120
      89
     118
      84
      93
     103
      94
      87
      83
      84
      86
      78
      75
      80
      77
      91
      70
      69
      77
      74
      67
      77
      85
      69
      75
      79
      70
      76
      69
      58
      71
      67
      61
      59
      59
      63
      71
      47
      68
      59
      49
      50
      63
      87
      54
      57
      63
      56
      66
      41
      56
      53
      46
      41
      36
      43
      33
      22
      31
      37
      41
      27
      35
      24
      31
      35
      30
      27
      27
      32
      26
      37
      35
      37
      32
      36
      52
      54
      52
      52
      66
      65
     105
      93
     112
     145
     184
     210
     228
     238
     255
     310
     273
     285
     278
     248
     198
     202
     179
     146
      95
      77
      53
      41
      31
      17
       8
      12
       6
       9
       5
       4
       6
       1
       9
       6
       9
      10
       5
       5
       8
       5
       3
       6
       4
       2
       5
       4
       3
       2
       5
       4
       7
       3
       6
       7
       9
       3
       7
       6
       1
       3
       7
       8
       4
       4
       7
       2
       3
       6
       4
       5
       4
       3
       2
       2
       4
       1
       6
       1
       2
       5
       1
       5
       7
       6
       4
       3
       7
       4
       3
       2
       1
       4
       3
       2
       3
       4
       3
       5
       3
       3
       1
       1
       5
       1
      10
       8
       3
       2
       2
       3
       4
       2
       5
       3
       4
       3
       1
       6
       3
       2
       5
       8
       3
       4
       3
       5
       4
       2
       2
       0
       4
       4
       2
       3
       2
       3
       2
       2
       2
       2
       0
       0
       1
       1
       1
       1
       1
       2
       1
       0
       2
       1
       2
       3
       3
       1
       3
       3
       2
       3
       2
       2
       0
       3
       4
       1
       4
       4
       3
       1
       5
       6
       5
       3
       3
       5
       4
       5
       1
       3
       2
       1
       1
       5
       1
       0
       1
       2
       0
       2
       1
       0
       0
       1
       0
       0
       1
       1
       1
       1
       0
       1
       0
       0
       1
       0
       0
       2
       1
       1
       0
       1
       1
       0
       0
       0
       1
       0
       0
       0
       0
       2
       4
       0
       0
       1
       0
       3
       1
       0
       1
       0
       2
       2
       0
       1
       0
       0
       3
       2
       0
       0
       0
       0
       0
       0
       0
       1
       0
       2
       0
       0
       1
       0
       1
       0
       1
       1
       0
       0
       0
       1
       0
       0
       0
       0
       0
       0
       0
       0
       1
       0
       0
       0
       1
       1
       0
       0
       2
       1
       1
       0
       1
       0
       0
       0
       1
       1
       1
       0
       0
       1
       0
       0
       0
       1
       2
       0
       0
       0
       0
       0
       1
       0
       0
       1
       1
       0
       1
       0
       0
       0
       0
       0
       1
       1
       1
       1
       0
       0
       0
       0
       0
       0
       0
       0
       1
       0
       0
       0
       0
       0
       1
       0
       1
       1
       0
       2
       0
       0
       1
       0
       1
       0
       1
       0
       0
       1
       0
       0
       0
       0
       0
       0
       0
       0
       0
       0
       0
       0
       0
       0
       0
       0
       0
       0
       0
       0
       0
       0
       0
       0
       0
       0
       0
$ROI:
1
134 170
$PRESETS:
Live Time
300
0
$ENER_FIT:
0.000000 0.000000
$MCA_CAL:
3
0.000000E+000 0.000000E+000 0.000000E+000 
$SHAPE_CAL:
3
0.000000E+000 0.000000E+000 0.000000E+000
