$SPEC_ID:
PRAK02 Easy-MCA-2k SN
$SPEC_REM:
DET# 1
DETDESC# PRAK01 Easy-MCA-2k SN 15071856
AP# Maestro Version 7.01
$DATE_MEA:
01/01/2002 02:35:46
$MEAS_TIM:
300 301
$DATA:
0 511
       0
       0
       0
       0
       0
       0
       0
       0
       0
       0
       0
       0
       0
       0
       0
       0
       0
       0
       4
      30
      36
      51
      38
      53
      40
      49
      65
      61
      75
      67
      79
      87
      84
      80
      84
      92
      96
      99
      92
     108
     100
      86
     109
     103
      87
     110
     108
      96
      88
      89
      89
     108
      84
      95
      76
      83
      77
      86
      77
      72
      76
      80
      76
      54
      52
      78
      53
      63
      68
      52
      49
      59
      61
      62
      55
      53
      51
      56
      52
      28
      55
      50
      47
      44
      53
      42
      40
      45
      36
      42
      32
      40
      53
      38
      35
      42
      46
      28
      35
      35
      30
      37
      34
      50
      31
      39
      39
      34
      29
      22
      35
      31
      24
      24
      23
      19
      20
      10
      24
      26
      27
      22
      28
      23
       9
      11
      17
      14
      16
      19
      13
      23
      20
      19
      14
      11
      27
      14
      18
      13
      22
      31
      42
      54
      44
      63
      65
      82
      92
     125
     115
     151
     152
     127
     115
     142
     101
      87
      74
      52
      44
      37
      24
      13
      12
      11
       9
       9
       8
       8
       7
      10
       5
       7
       3
       6
       4
       8
       5
       3
       1
       6
       4
       3
       4
       4
       7
       7
       6
       6
       6
       3
       7
       4
      11
       3
      11
       6
       5
      10
       7
       4
       2
       3
       3
       3
       5
       3
       4
       4
       3
       6
       6
       6
       9
       3
       3
       4
       3
       5
       0
       3
       5
       3
       3
       1
       9
       1
       4
       2
       0
       1
       3
       5
       3
       3
       5
       1
       1
       3
       2
       1
       2
       2
       5
       3
       2
       2
       1
       7
       0
       2
       1
       4
       2
       7
       1
       2
       4
       6
       3
       1
       2
       0
       4
       2
       1
       1
       0
       5
       0
       3
       1
       4
       2
       5
       3
       2
       0
       1
       1
       2
       2
       2
       4
       1
       1
       4
       0
       1
       0
       1
       2
       4
       2
       3
       1
       2
       1
       1
       1
       2
       3
       1
       1
       3
       2
       2
       2
       1
       2
       2
       5
       1
       4
       2
       3
       2
       2
       5
       7
       5
       2
       1
       2
       3
       5
       7
       5
       3
       5
       1
       1
       1
       1
       2
       3
       2
       1
       2
       1
       3
       2
       1
       0
       1
       2
       0
       1
       1
       1
       1
       0
       0
       0
       2
       1
       1
       1
       0
       2
       2
       1
       1
       0
       1
       1
       1
       2
       1
       0
       0
       0
       0
       0
       0
       3
       2
       0
       2
       1
       1
       0
       0
       0
       0
       1
       0
       0
       2
       1
       1
       0
       0
       1
       1
       0
       0
       0
       0
       0
       0
       0
       1
       1
       3
       0
       0
       0
       0
       2
       0
       0
       0
       0
       0
       1
       0
       0
       1
       0
       0
       1
       0
       0
       1
       0
       0
       0
       0
       0
       1
       1
       0
       0
       0
       1
       1
       0
       0
       1
       1
       0
       1
       0
       0
       1
       0
       0
       1
       0
       0
       1
       1
       1
       0
       1
       0
       1
       0
       1
       1
       1
       1
       0
       1
       0
       0
       0
       0
       0
       0
       0
       0
       0
       1
       1
       0
       0
       0
       0
       1
       0
       0
       0
       0
       0
       0
       0
       0
       0
       0
       0
       0
       0
       0
       0
       0
       0
       0
       0
       0
       0
       0
       0
       0
       0
       0
       0
       0
       0
       0
$ROI:
1
134 170
$PRESETS:
Live Time
300
0
$ENER_FIT:
0.000000 0.000000
$MCA_CAL:
3
0.000000E+000 0.000000E+000 0.000000E+000 
$SHAPE_CAL:
3
0.000000E+000 0.000000E+000 0.000000E+000
