$SPEC_ID:
PRAK02 Easy-MCA-2k SN
$SPEC_REM:
DET# 1
DETDESC# PRAK01 Easy-MCA-2k SN 15071856
AP# Maestro Version 7.01
$DATE_MEA:
01/01/2002 02:41:34
$MEAS_TIM:
300 301
$DATA:
0 511
       0
       0
       0
       0
       0
       0
       0
       0
       0
       0
       0
       0
       0
       0
       0
       0
       0
       0
       5
      31
      49
      53
      38
      58
      57
      61
      63
      58
      65
      75
      89
      86
     100
      86
     105
     102
     101
     123
     103
      92
     108
     110
     125
     112
     120
      97
     109
      97
     104
      95
      97
      98
      93
      77
     102
      96
      92
      83
      82
      76
      70
      76
      59
      71
      68
      62
      61
      71
      75
      70
      61
      57
      68
      61
      61
      49
      51
      67
      37
      47
      53
      67
      58
      44
      53
      48
      58
      55
      53
      40
      55
      39
      39
      56
      44
      52
      44
      37
      47
      34
      48
      33
      40
      34
      30
      41
      30
      37
      35
      27
      30
      29
      26
      33
      18
      27
      24
      28
      26
      30
      27
      22
      20
      17
      16
      16
      25
      18
      18
      24
      21
      26
      19
      18
      20
      35
      38
      47
      43
      55
      57
      86
      91
     104
     114
     128
     165
     152
     162
     141
     157
     140
     133
     118
      99
      81
      56
      51
      30
      22
      17
       8
      11
      11
       7
       7
       5
       3
       5
       4
       6
       4
      10
       5
       8
       9
       5
       6
       8
       3
       5
       5
       6
       5
       1
       4
       4
       9
       4
       5
       1
       7
       5
       3
       4
       6
       1
       7
       4
       2
       4
       6
       5
       6
       5
       3
       3
       4
       6
       5
       3
       2
       4
       6
       7
       2
       4
       5
       1
       4
       4
       2
       2
       4
       2
       3
       2
       3
       4
       2
       1
       0
       4
       4
       6
       6
       5
       6
       2
       5
       4
       3
       3
       4
       3
       3
       1
       4
       6
       2
       4
       7
       3
       4
       5
       3
       3
       1
       3
       4
       6
       6
       4
       3
       3
       6
       3
       4
       7
       2
       4
       2
       1
       0
       2
       0
       0
       1
       0
       3
       2
       1
       0
       3
       1
       2
       3
       1
       6
       1
       4
       3
       3
       0
       3
       2
       2
       1
       1
       4
       3
       4
       2
       6
       4
       5
       4
       5
       5
       1
       4
       4
       8
       6
       4
       2
       3
       4
       2
       4
       3
       3
       2
       1
       3
       2
       3
       3
       1
       0
       0
       2
       1
       2
       2
       0
       3
       0
       1
       0
       0
       1
       2
       1
       1
       3
       0
       0
       0
       1
       1
       0
       1
       0
       0
       0
       4
       0
       0
       1
       2
       1
       1
       2
       1
       1
       0
       2
       1
       1
       0
       1
       0
       0
       2
       1
       0
       0
       1
       2
       0
       0
       0
       1
       1
       1
       0
       0
       1
       0
       0
       0
       0
       0
       0
       1
       1
       1
       0
       0
       0
       1
       0
       0
       0
       1
       1
       1
       1
       0
       0
       0
       0
       1
       2
       0
       0
       0
       0
       1
       0
       0
       2
       0
       1
       0
       1
       0
       0
       0
       0
       0
       0
       0
       0
       1
       2
       0
       0
       1
       0
       0
       1
       0
       1
       2
       0
       1
       0
       0
       0
       0
       0
       0
       1
       0
       0
       2
       0
       0
       0
       1
       0
       0
       0
       0
       0
       0
       0
       0
       0
       0
       0
       1
       1
       0
       1
       0
       0
       0
       1
       0
       1
       0
       1
       0
       0
       0
       0
       0
       0
       0
       0
       0
       0
       0
       0
       0
       0
       0
       0
       0
       0
       0
       0
       0
       0
       0
       0
       0
       0
       0
$ROI:
1
134 170
$PRESETS:
Live Time
300
0
$ENER_FIT:
0.000000 0.000000
$MCA_CAL:
3
0.000000E+000 0.000000E+000 0.000000E+000 
$SHAPE_CAL:
3
0.000000E+000 0.000000E+000 0.000000E+000
