$SPEC_ID:
PRAK02 Easy-MCA-2k SN
$SPEC_REM:
DET# 1
DETDESC# PRAK01 Easy-MCA-2k SN 15071856
AP# Maestro Version 7.01
$DATE_MEA:
01/01/2002 04:09:00
$MEAS_TIM:
300 301
$DATA:
0 511
       0
       0
       0
       0
       0
       0
       0
       0
       0
       0
       0
       0
       2
       1
       0
       1
       3
       2
      21
     145
     203
     216
     197
     195
     184
     227
     211
     226
     231
     222
     210
     251
     259
     231
     257
     259
     239
     265
     233
     257
     258
     253
     274
     284
     294
     241
     272
     276
     289
     312
     239
     275
     251
     284
     252
     241
     279
     245
     242
     237
     237
     235
     224
     263
     245
     231
     225
     198
     220
     208
     225
     215
     210
     215
     227
     246
     214
     209
     227
     219
     205
     232
     203
     199
     230
     211
     223
     209
     196
     218
     211
     212
     226
     216
     185
     230
     191
     223
     195
     188
     214
     200
     176
     173
     181
     162
     152
     145
     138
     126
     131
     124
     120
      94
     127
     106
     118
     110
     103
     108
     125
     118
     132
     114
     106
     134
     140
     147
     169
     169
     176
     198
     198
     184
     251
     252
     276
     336
     350
     421
     500
     568
     624
     734
     799
     922
     956
    1015
    1111
    1010
    1098
    1053
     981
     825
     701
     694
     527
     397
     289
     195
     133
      87
      77
      48
      22
      12
       5
       7
       4
       5
       7
       8
       6
       5
       3
       9
       8
       5
       5
       3
       5
       4
       6
       3
       6
       4
       5
       4
       5
       2
       3
       2
       3
       4
       5
       5
       3
       1
      10
       6
       3
       5
       1
       5
       6
       2
       4
       3
       3
       1
       3
       8
       1
       7
       3
       2
       3
       1
       2
       4
       6
       4
       2
       6
       3
       6
       2
       5
       4
       5
       2
       0
       6
       4
       2
       2
       2
       3
       5
       6
       4
       3
       2
       5
       3
       5
       5
       2
       6
       2
       3
       1
       2
       4
       4
       3
       5
       1
       2
       2
       2
       5
       2
       2
       1
       1
       1
       2
       4
       2
       3
       4
       3
       4
       6
       1
       4
       4
       3
       6
       2
       0
       2
       2
       1
       5
       1
       2
       0
       1
       0
       3
       3
       1
       2
       2
       4
       2
       0
       2
       2
       2
       5
       1
       0
       1
       4
       2
       1
       3
       3
       4
      10
       1
       1
       5
       4
       3
       2
       4
       3
       2
       5
       1
       1
       2
       1
       0
       0
       4
       2
       1
       2
       2
       0
       1
       2
       0
       0
       2
       0
       1
       2
       0
       0
       1
       0
       0
       0
       0
       0
       0
       1
       0
       3
       1
       0
       0
       0
       0
       1
       0
       2
       0
       1
       0
       2
       0
       1
       2
       0
       0
       0
       2
       1
       1
       0
       0
       1
       2
       0
       0
       1
       1
       0
       2
       0
       0
       0
       0
       0
       1
       0
       0
       0
       1
       0
       0
       0
       0
       0
       3
       0
       0
       1
       1
       0
       2
       2
       0
       1
       0
       0
       0
       0
       0
       0
       2
       1
       0
       0
       0
       0
       0
       1
       0
       0
       1
       0
       0
       1
       0
       0
       0
       1
       2
       0
       1
       0
       0
       0
       0
       0
       0
       2
       0
       2
       0
       3
       2
       0
       1
       0
       0
       1
       2
       1
       1
       0
       1
       0
       0
       1
       0
       0
       0
       0
       0
       0
       0
       0
       1
       0
       1
       0
       1
       0
       2
       0
       0
       0
       2
       1
       0
       1
       1
       0
       0
       0
       0
       0
       0
       0
       0
       0
       0
       0
       0
       0
       0
       0
       0
       0
       0
       0
       0
       0
       0
       0
       0
       0
       0
$ROI:
1
134 170
$PRESETS:
Live Time
300
0
$ENER_FIT:
0.000000 0.000000
$MCA_CAL:
3
0.000000E+000 0.000000E+000 0.000000E+000 
$SHAPE_CAL:
3
0.000000E+000 0.000000E+000 0.000000E+000
