$SPEC_ID:
PRAK02 Easy-MCA-2k SN
$SPEC_REM:
DET# 1
DETDESC# PRAK01 Easy-MCA-2k SN 15071856
AP# Maestro Version 7.01
$DATE_MEA:
01/01/2002 04:16:54
$MEAS_TIM:
300 301
$DATA:
0 511
       0
       0
       0
       0
       0
       0
       0
       0
       0
       0
       2
       0
       0
       1
       2
       0
       4
       4
      24
     197
     218
     227
     177
     221
     207
     242
     213
     228
     233
     261
     269
     257
     259
     284
     286
     308
     285
     292
     304
     333
     335
     323
     331
     337
     306
     300
     329
     330
     304
     310
     343
     319
     305
     318
     263
     310
     299
     291
     262
     283
     279
     268
     272
     282
     240
     245
     236
     252
     238
     265
     265
     239
     254
     250
     239
     254
     270
     253
     229
     223
     230
     226
     234
     228
     241
     236
     243
     245
     209
     253
     256
     221
     232
     239
     234
     214
     251
     257
     230
     239
     225
     253
     217
     222
     223
     203
     198
     194
     182
     172
     183
     127
     131
     110
     138
     140
      95
      94
     100
     108
     108
      87
      91
      83
      90
     101
      87
      87
     110
      93
     107
     114
     100
     108
     113
     159
     154
     161
     209
     247
     309
     394
     447
     539
     697
     839
    1001
    1147
    1270
    1318
    1494
    1558
    1473
    1345
    1330
    1118
    1012
     808
     623
     501
     357
     223
     143
      98
      65
      42
      29
      18
       9
      15
       6
       6
       5
       8
      10
       7
       7
       6
       5
       7
       4
       2
       6
       8
       3
       4
       2
       7
       8
       7
       8
       7
       6
       0
       2
       4
       2
       2
       6
       5
       7
       3
      12
       4
       6
       5
       1
       4
       6
       5
       2
       3
       4
       6
       4
       7
       3
       4
       3
       2
       3
       4
       2
       2
       3
       5
       2
       3
       4
       5
       2
       3
       3
       3
       4
       1
       4
       1
       1
       5
       3
       0
       3
       0
       1
       1
       7
       3
       3
       5
       2
       0
       5
       2
       3
       5
       1
       3
       2
       2
       4
       3
       1
       4
       1
       2
       4
       2
       3
       3
       1
       3
       1
       4
       3
       2
       2
       2
       3
       1
       3
       1
       3
       1
       3
       1
       6
       5
       0
       3
       6
       2
       0
       2
       1
       2
       0
       3
       0
       1
       3
       2
       3
       3
       3
       1
       4
       1
       2
       5
       1
       2
       7
       3
       4
       1
       2
       3
       2
       5
       3
       6
       2
       7
       7
       4
       3
       2
       3
       2
       1
       0
       1
       1
       0
       0
       2
       0
       1
       1
       1
       3
       2
       0
       1
       1
       1
       1
       2
       0
       1
       1
       0
       0
       0
       2
       1
       1
       0
       3
       3
       1
       0
       1
       1
       1
       2
       1
       2
       2
       0
       1
       0
       2
       1
       1
       0
       0
       1
       2
       1
       0
       0
       0
       0
       0
       1
       0
       0
       1
       0
       0
       2
       0
       0
       0
       1
       1
       0
       0
       1
       0
       0
       0
       1
       0
       1
       0
       0
       0
       0
       1
       2
       1
       0
       2
       0
       1
       0
       1
       1
       0
       0
       0
       1
       0
       1
       0
       0
       0
       0
       0
       0
       0
       0
       0
       0
       1
       1
       0
       0
       0
       0
       0
       0
       1
       0
       0
       2
       0
       0
       0
       0
       0
       0
       0
       1
       1
       0
       0
       0
       2
       0
       0
       0
       0
       0
       0
       0
       0
       2
       1
       1
       1
       1
       1
       0
       1
       0
       1
       1
       0
       1
       0
       0
       1
       0
       0
       0
       0
       0
       0
       0
       0
       0
       0
       0
       0
       0
       0
       0
       0
       0
       0
       0
       0
       0
       0
       0
       0
       0
       0
$ROI:
1
134 170
$PRESETS:
Live Time
300
0
$ENER_FIT:
0.000000 0.000000
$MCA_CAL:
3
0.000000E+000 0.000000E+000 0.000000E+000 
$SHAPE_CAL:
3
0.000000E+000 0.000000E+000 0.000000E+000
