$SPEC_ID:
PRAK02 Easy-MCA-2k SN
$SPEC_REM:
DET# 1
DETDESC# PRAK01 Easy-MCA-2k SN 15071856
AP# Maestro Version 7.01
$DATE_MEA:
01/01/2002 04:39:03
$MEAS_TIM:
300 301
$DATA:
0 511
       0
       0
       0
       0
       0
       0
       0
       0
       0
       0
       0
       0
       0
       0
       0
       0
       0
       0
      22
     156
     205
     199
     205
     173
     194
     178
     214
     196
     205
     201
     238
     250
     251
     271
     262
     229
     283
     256
     296
     271
     284
     297
     292
     319
     275
     274
     251
     309
     272
     275
     271
     260
     278
     273
     265
     227
     239
     253
     226
     203
     237
     227
     252
     218
     229
     245
     249
     215
     227
     243
     221
     221
     208
     230
     246
     228
     198
     222
     235
     209
     222
     218
     209
     229
     210
     227
     226
     230
     209
     235
     205
     236
     251
     212
     229
     216
     211
     191
     186
     226
     195
     214
     185
     184
     196
     188
     174
     167
     133
     114
     130
     109
     109
     116
     103
      82
      99
      91
     103
     100
     106
     108
     100
     109
     117
     117
     104
     137
     124
     137
     148
     142
     164
     160
     187
     207
     226
     299
     343
     343
     439
     564
     619
     744
     813
     940
     989
    1084
    1198
    1248
    1206
    1097
    1041
     978
     878
     699
     553
     452
     386
     250
     176
     134
      81
      49
      31
      18
      13
       4
       8
       7
      12
       6
       6
       5
       4
       4
       9
       9
       7
       2
       2
       4
       5
       8
       5
       0
       5
       3
      10
       9
       7
       9
       5
       6
       6
       5
       8
       5
       3
       5
       3
       4
       8
       5
       1
       2
       7
       6
       6
       9
       4
       1
       3
       3
       2
       2
       2
       3
       1
       1
       1
       3
       7
       6
       6
       3
       3
       7
       7
       3
       3
       1
       8
       4
       2
       3
       6
       3
       6
       4
       4
       3
       3
       6
       2
       4
       4
       0
       2
       4
       4
       3
       1
       3
       4
       3
       3
       2
       3
       6
       2
       1
       4
       4
       1
       2
       1
       3
       3
       4
       3
       2
       1
       7
       2
       1
       4
       1
       2
       3
       2
       3
       4
       6
       2
       1
       2
       1
       2
       1
       1
       2
       2
       4
       4
       1
       2
       2
       2
       3
       3
       1
       1
       2
       4
       2
       1
       2
       0
       2
       2
       2
       3
       1
       3
       5
       5
       1
       7
       5
       6
       1
       4
       1
       2
       2
       1
       2
       1
       1
       1
       1
       0
       2
       0
       1
       1
       0
       1
       2
       0
       1
       0
       2
       1
       0
       0
       0
       0
       0
       0
       1
       0
       1
       1
       1
       1
       0
       0
       0
       0
       2
       0
       0
       0
       0
       0
       1
       1
       1
       0
       2
       0
       0
       0
       0
       0
       1
       0
       0
       1
       1
       1
       0
       0
       2
       2
       0
       1
       0
       0
       2
       0
       1
       1
       0
       0
       1
       0
       1
       0
       1
       0
       1
       0
       0
       0
       0
       0
       1
       1
       0
       0
       0
       0
       1
       0
       0
       0
       1
       0
       1
       0
       0
       0
       1
       0
       0
       0
       0
       0
       1
       1
       1
       1
       0
       0
       1
       0
       0
       1
       0
       0
       0
       0
       0
       0
       3
       0
       0
       0
       0
       0
       0
       1
       0
       1
       1
       0
       0
       0
       1
       0
       0
       1
       0
       0
       0
       0
       1
       0
       1
       0
       1
       0
       2
       0
       0
       2
       0
       0
       0
       0
       0
       1
       0
       0
       0
       0
       0
       0
       0
       0
       0
       0
       0
       0
       0
       0
       0
       0
       0
       0
       0
       0
       0
       0
       0
       0
       0
       0
       0
$ROI:
1
134 170
$PRESETS:
Live Time
300
0
$ENER_FIT:
0.000000 0.000000
$MCA_CAL:
3
0.000000E+000 0.000000E+000 0.000000E+000 
$SHAPE_CAL:
3
0.000000E+000 0.000000E+000 0.000000E+000
