105.000 0.032
110.000 0.036
115.000 2.608
120.000 2.851
125.000 3.369
130.000 3.817
135.000 3.996
140.000 4.311
145.000 4.446
150.000 4.605
155.000 4.776
160.000 4.882
165.000 4.964
170.000 5.038
175.000 5.154
180.000 5.313
185.000 5.355
190.000 5.727
195.000 5.952
200.000 6.532
205.000 6.911
210.000 7.238
215.000 7.863
220.000 8.340
225.000 9.054
230.000 9.925
235.000 10.342
240.000 11.421
245.000 11.943
250.000 13.308
255.000 15.380
260.000 16.269
265.000 19.135
270.000 21.002
275.000 25.194
280.000 30.754
285.000 34.208
290.000 42.085
295.000 46.119
300.000 52.046
305.000 50.430
310.000 44.591
315.000 33.509
320.000 30.121
325.000 25.105
330.000 21.799
335.000 20.344
340.000 18.107
345.000 17.339
350.000 16.052
355.000 15.156
360.000 14.817
365.000 14.338
370.000 14.257
375.000 14.298
380.000 14.657
385.000 14.926
390.000 15.576
395.000 16.047
400.000 17.067
405.000 18.040
410.000 18.563
415.000 19.464
420.000 19.938
425.000 20.726
430.000 21.369
435.000 21.616
440.000 22.082
445.000 22.162
450.000 22.016
455.000 21.865
460.000 21.077
465.000 20.931
470.000 20.269
475.000 19.341
480.000 18.884
485.000 18.136
490.000 17.471
495.000 17.149
500.000 16.687
505.000 16.539
510.000 16.383
515.000 16.466
520.000 16.514
525.000 16.504
530.000 16.542
535.000 16.962
540.000 17.726
545.000 18.307
550.000 20.007
555.000 21.225
560.000 24.285
565.000 29.919
570.000 33.733
575.000 43.525
580.000 48.887
585.000 58.137
590.000 57.264
595.000 47.280
600.000 26.035
605.000 21.259
610.000 14.895
615.000 11.089
620.000 9.697
625.000 7.584
630.000 6.768
635.000 5.480
640.000 4.527
645.000 4.158
650.000 3.547
655.000 3.305
660.000 2.900
665.000 2.553
670.000 2.421
675.000 2.186
680.000 2.089
685.000 1.915
690.000 1.778
695.000 1.715
700.000 1.604
705.000 1.559
710.000 1.469
715.000 1.409
720.000 1.377
725.000 1.324
730.000 1.310
735.000 1.249
740.000 1.224
745.000 1.209
750.000 1.188
755.000 1.180
760.000 1.165
765.000 1.160
770.000 1.158
775.000 1.159
780.000 1.169
785.000 1.179
790.000 1.211
795.000 1.225
800.000 1.274
805.000 1.311
810.000 1.413
815.000 1.543
820.000 1.627
825.000 1.799
830.000 1.909
835.000 2.189
840.000 2.610
845.000 2.917
850.000 3.863
855.000 4.629
860.000 7.286
865.000 11.350
870.000 12.528
875.000 9.766
880.000 7.085
885.000 4.096
890.000 2.692
895.000 2.252
900.000 1.645
905.000 1.427
910.000 1.112
915.000 0.891
920.000 0.807
925.000 0.668
930.000 0.606
935.000 0.523
940.000 0.455
945.000 0.420
950.000 0.365
955.000 0.347
960.000 0.302
965.000 0.269
970.000 0.258
975.000 0.234
980.000 0.221
985.000 0.204
990.000 0.184
995.000 0.181
1000.000 0.164
1005.000 0.163
1010.000 0.156
1015.000 0.149
1020.000 0.140
1025.000 0.142
1030.000 0.144
1035.000 0.147
1040.000 0.149
1045.000 0.154
1050.000 0.157
1055.000 0.164
1060.000 0.179
1065.000 0.186
1070.000 0.208
1075.000 0.235
1080.000 0.254
1085.000 0.285
1090.000 0.306
1095.000 0.369
1100.000 0.447
1105.000 0.500
1110.000 0.641
1115.000 0.723
1120.000 0.946
1125.000 1.295
1130.000 1.554
1135.000 2.254
1140.000 2.708
1145.000 3.889
1150.000 5.085
1155.000 5.055
1160.000 3.704
1165.000 3.063
1170.000 2.245
1175.000 1.740
1180.000 1.561
1185.000 1.284
1190.000 1.183
1195.000 1.020
1200.000 0.906
1205.000 0.861
1210.000 0.793
1215.000 0.767
1220.000 0.733
1225.000 0.712
1230.000 0.696
1235.000 0.682
1240.000 0.674
1245.000 0.662
1250.000 0.655
1255.000 0.655
1260.000 0.654
1265.000 0.649
1270.000 0.651
1275.000 0.656
1280.000 0.657
1285.000 0.664
1290.000 0.667
1295.000 0.675
1300.000 0.691
1305.000 0.698
1310.000 0.716
1315.000 0.728
1320.000 0.755
1325.000 0.780
1330.000 0.793
1335.000 0.831
1340.000 0.854
1345.000 0.902
1350.000 0.961
1355.000 0.996
1360.000 1.073
1365.000 1.109
1370.000 1.228
1375.000 1.372
1380.000 1.461
1385.000 1.722
1390.000 1.866
1395.000 2.295
1400.000 2.982
1405.000 3.475
1410.000 4.868
1415.000 5.799
1420.000 8.319
1425.000 11.282
1430.000 12.066
1435.000 10.333
1440.000 8.348
1445.000 5.472
1450.000 3.824
1455.000 3.275
1460.000 2.507
1465.000 2.231
1470.000 1.828
1475.000 1.542
1480.000 1.432
1485.000 1.268
1490.000 1.208
1495.000 1.115
1500.000 1.041
1505.000 1.011
1510.000 0.955
1515.000 0.934
1520.000 0.897
1525.000 0.856
1530.000 0.839
1535.000 0.811
1540.000 0.802
1545.000 0.777
1550.000 0.766
1555.000 0.762
1560.000 0.918
1565.000 1.052
1570.000 1.295
1575.000 1.130
1580.000 1.072
1585.000 1.005
1590.000 0.959
1595.000 0.923
1600.000 0.899
1605.000 0.899
1610.000 0.903
1615.000 0.927
1620.000 0.959
1625.000 0.999
1630.000 1.039
1635.000 1.068
1640.000 1.107
1645.000 1.183
1650.000 1.236
1655.000 1.363
1660.000 1.557
1665.000 1.695
1670.000 2.088
1675.000 2.373
1680.000 3.263
1685.000 4.675
1690.000 5.617
1695.000 7.935
1700.000 9.254
1705.000 11.569
1710.000 11.565
1715.000 10.432
1720.000 7.925
1725.000 6.898
1730.000 5.393
1735.000 4.317
1740.000 3.907
1745.000 3.296
1750.000 3.055
1755.000 2.749
1760.000 2.458
1765.000 2.341
1770.000 2.178
1775.000 2.115
1780.000 2.063
1785.000 1.993
1790.000 1.971
1795.000 1.927
1800.000 1.906
1805.000 1.874
1810.000 1.890
1815.000 1.890
1820.000 1.884
1825.000 1.881
1830.000 1.886
1835.000 1.903
1840.000 1.910
1845.000 1.954
1850.000 1.961
1855.000 2.010
1860.000 2.068
1865.000 2.102
1870.000 2.177
1875.000 2.218
1880.000 2.314
1885.000 2.434
1890.000 2.502
1895.000 2.664
1900.000 2.749
1905.000 2.957
1910.000 3.225
1915.000 3.388
1920.000 3.790
1925.000 4.050
1930.000 4.717
1935.000 5.679
1940.000 6.369
1945.000 8.053
1950.000 9.151
1955.000 11.867
1960.000 13.362
1965.000 15.970
1970.000 16.668
1975.000 15.859
1980.000 12.709
1985.000 11.055
1990.000 8.297
1995.000 6.376
2000.000 5.654
2005.000 4.588
2010.000 4.167
2015.000 3.539
2020.000 3.099
2025.000 2.942
2030.000 2.680
2035.000 2.564
2040.000 2.387
2045.000 2.225
2050.000 2.154
2055.000 2.038
2060.000 1.981
2065.000 1.887
2070.000 1.816
2075.000 1.783
2080.000 1.723
2085.000 1.697
2090.000 1.664
2095.000 1.633
2100.000 1.624
2105.000 1.617
2110.000 1.623
2115.000 1.628
2120.000 1.639
2125.000 1.656
2130.000 1.680
2135.000 1.744
2140.000 1.763
2145.000 1.826
2150.000 1.870
2155.000 1.957
2160.000 2.057
2165.000 2.180
2170.000 2.366
2175.000 2.489
2180.000 2.818
2185.000 3.313
2190.000 3.638
2195.000 4.530
2200.000 5.138
2205.000 6.772
2210.000 8.836
2215.000 9.926
2220.000 11.528
2225.000 11.708
2230.000 10.070
2235.000 8.559
2240.000 6.146
2245.000 4.531
2250.000 3.956
2255.000 3.121
2260.000 2.812
2265.000 2.329
2270.000 1.999
2275.000 1.882
2280.000 1.708
2285.000 1.636
2290.000 1.515
2295.000 1.416
2300.000 1.376
2305.000 1.295
2310.000 1.256
2315.000 1.177
2320.000 1.107
2325.000 1.080
2330.000 1.038
2335.000 1.019
2340.000 0.994
2345.000 0.979
2350.000 0.973
2355.000 0.979
2360.000 0.986
2365.000 1.016
2370.000 1.060
2375.000 1.090
2380.000 1.168
2385.000 1.226
2390.000 1.341
2395.000 1.502
2400.000 1.614
2405.000 1.930
2410.000 2.176
2415.000 2.732
2420.000 3.139
2425.000 3.037
2430.000 2.194
2435.000 1.942
2440.000 1.416
2445.000 0.909
2450.000 0.735
2455.000 0.501
2460.000 0.419
2465.000 0.309
2470.000 0.237
2475.000 0.210
2480.000 0.168
2485.000 0.168
2490.000 0.143
2495.000 0.132
2500.000 0.131
2505.000 0.129
2510.000 0.126
2515.000 0.127
2520.000 0.128
2525.000 0.129
2530.000 0.130
2535.000 0.132
2540.000 0.134
2545.000 0.135
2550.000 0.138
2555.000 0.139
2560.000 0.142
2565.000 0.143
2570.000 0.144
2575.000 0.147
2580.000 0.148
2585.000 0.148
2590.000 0.150
2595.000 0.152
2600.000 0.151
2605.000 0.153
2610.000 0.154
2615.000 0.154
2620.000 0.155
2625.000 0.157
2630.000 0.158
2635.000 0.160
2640.000 0.158
2645.000 0.159
2650.000 0.161
2655.000 0.162
2660.000 0.161
2665.000 0.163
2670.000 0.163
2675.000 0.163
2680.000 0.165
2685.000 0.163
2690.000 0.163
2695.000 0.165
2700.000 0.165
2705.000 0.166
2710.000 0.167
2715.000 0.168
2720.000 0.169
2725.000 0.166
2730.000 0.168
2735.000 0.167
2740.000 0.169
2745.000 0.170
2750.000 0.170
2755.000 0.172
2760.000 0.171
2765.000 0.172
2770.000 0.170
2775.000 0.172
2780.000 0.173
2785.000 0.173
2790.000 0.173
2795.000 0.172
2800.000 0.173
2805.000 0.175
2810.000 0.172
2815.000 0.172
2820.000 0.172
2825.000 0.174
2830.000 0.171
2835.000 0.174
2840.000 0.175
2845.000 0.173
2850.000 0.174
2855.000 0.175
2860.000 0.175
2865.000 0.175
2870.000 0.175
2875.000 0.174
2880.000 0.175
2885.000 0.176
2890.000 0.174
2895.000 0.175
2900.000 0.174
2905.000 0.176
2910.000 0.177
2915.000 0.178
2920.000 0.176
2925.000 0.176
2930.000 0.176
2935.000 0.177
2940.000 0.176
2945.000 0.179
2950.000 0.180
2955.000 0.176
2960.000 0.181
2965.000 0.181
2970.000 0.178
2975.000 0.178
2980.000 0.177
2985.000 0.172
2990.000 0.184
2995.000 0.174
3000.000 0.175
3005.000 0.178
3010.000 0.182
3015.000 0.178
3020.000 0.173
3025.000 0.178
3030.000 0.174
3035.000 0.184
3040.000 0.181
3045.000 0.179
3050.000 0.184
3055.000 0.181
3060.000 0.178
3065.000 0.179
3070.000 0.177
3075.000 0.179
3080.000 0.177
3085.000 0.179
3090.000 0.177
3095.000 0.180
3100.000 0.179
3105.000 0.179
3110.000 0.179
3115.000 0.183
3120.000 0.182
3125.000 0.181
3130.000 0.181
3135.000 0.180
3140.000 0.180
3145.000 0.182
3150.000 0.179
3155.000 0.181
3160.000 0.180
3165.000 0.182
3170.000 0.183
3175.000 0.182
3180.000 0.182
3185.000 0.182
3190.000 0.181
3195.000 0.184
3200.000 0.183
3205.000 0.185
3210.000 0.187
3215.000 0.189
3220.000 0.190
3225.000 0.195
3230.000 0.195
3235.000 0.201
3240.000 0.208
3245.000 0.212
3250.000 0.221
3255.000 0.226
3260.000 0.239
3265.000 0.257
3270.000 0.270
3275.000 0.294
3280.000 0.313
3285.000 0.357
3290.000 0.417
3295.000 0.459
3300.000 0.584
3305.000 0.673
3310.000 0.965
3315.000 1.533
3320.000 1.956
3325.000 3.093
3330.000 3.776
3335.000 5.411
3340.000 7.275
3345.000 8.038
3350.000 8.381
3355.000 7.842
3360.000 6.363
3365.000 5.291
3370.000 4.875
3375.000 4.216
3380.000 3.964
3385.000 3.590
3390.000 3.364
3395.000 3.310
3400.000 3.283
3405.000 3.332
3410.000 3.682
3415.000 4.285
3420.000 4.701
3425.000 5.921
3430.000 6.673
3435.000 8.431
3440.000 9.939
3445.000 10.191
3450.000 8.962
3455.000 7.700
3460.000 5.335
3465.000 3.747
3470.000 3.211
3475.000 2.454
3480.000 2.224
3485.000 1.819
3490.000 1.630
3495.000 1.524
3500.000 1.364
3505.000 1.314
3510.000 1.231
3515.000 1.175
3520.000 1.157
3525.000 1.102
3530.000 1.094
3535.000 1.074
3540.000 1.082
3545.000 1.080
3550.000 1.083
3555.000 1.093
3560.000 1.124
3565.000 1.161
3570.000 1.185
3575.000 1.252
3580.000 1.292
3585.000 1.395
3590.000 1.542
3595.000 1.646
3600.000 2.003
3605.000 2.199
3610.000 2.747
3615.000 3.747
3620.000 4.391
3625.000 6.095
3630.000 7.110
3635.000 8.954
3640.000 9.499
3645.000 8.830
3650.000 6.442
3655.000 5.337
3660.000 3.723
3665.000 2.749
3670.000 2.413
3675.000 1.927
3680.000 1.745
3685.000 1.473
3690.000 1.286
3695.000 1.224
3700.000 1.131
3705.000 1.113
3710.000 1.039
3715.000 0.980
3720.000 0.953
3725.000 0.919
3730.000 0.929
3735.000 0.890
3740.000 0.872
3745.000 0.840
3750.000 0.821
3755.000 0.810
3760.000 0.798
3765.000 0.796
3770.000 0.790
3775.000 0.798
3780.000 0.800
3785.000 0.821
3790.000 0.833
3795.000 0.860
3800.000 0.892
3805.000 0.914
3810.000 0.957
3815.000 0.986
3820.000 1.047
3825.000 1.139
3830.000 1.197
3835.000 1.362
3840.000 1.476
3845.000 1.788
3850.000 2.284
3855.000 2.632
3860.000 3.573
3865.000 4.149
3870.000 5.242
3875.000 5.457
3880.000 5.029
3885.000 3.638
3890.000 3.003
3895.000 2.103
3900.000 1.568
3905.000 1.441
3910.000 1.137
3915.000 1.027
3920.000 0.858
3925.000 0.753
3930.000 0.706
3935.000 0.635
3940.000 0.621
3945.000 0.579
3950.000 0.538
3955.000 0.520
3960.000 0.490
3965.000 0.477
3970.000 0.456
3975.000 0.444
3980.000 0.437
3985.000 0.424
3990.000 0.427
3995.000 0.420
4000.000 0.431
4005.000 0.419
4010.000 0.421
4015.000 0.426
4020.000 0.462
4025.000 0.462
4030.000 0.467
4035.000 0.480
4040.000 0.486
4045.000 0.512
4050.000 0.553
4055.000 0.568
4060.000 0.618
4065.000 0.657
4070.000 0.731
4075.000 0.858
4080.000 0.940
4085.000 1.145
4090.000 1.277
4095.000 1.671
4100.000 2.299
4105.000 2.714
4110.000 3.731
4115.000 4.263
4120.000 4.978
4125.000 4.677
4130.000 4.124
4135.000 2.957
4140.000 2.495
4145.000 1.823
4150.000 1.406
4155.000 1.256
4160.000 1.039
4165.000 0.983
4170.000 0.843
4175.000 0.759
4180.000 0.723
4185.000 0.670
4190.000 0.649
4195.000 0.608
4200.000 0.575
4205.000 0.561
4210.000 0.537
4215.000 0.526
4220.000 0.514
4225.000 0.500
4230.000 0.494
4235.000 0.481
4240.000 0.478
4245.000 0.497
4250.000 0.489
4255.000 0.484
4260.000 0.479
4265.000 0.480
4270.000 0.476
4275.000 0.481
4280.000 0.477
4285.000 0.483
4290.000 0.486
4295.000 0.498
4300.000 0.519
4305.000 0.533
4310.000 0.559
4315.000 0.581
4320.000 0.620
4325.000 0.640
4330.000 0.696
4335.000 0.782
4340.000 0.835
4345.000 0.985
4350.000 1.087
4355.000 1.343
4360.000 1.619
4365.000 1.697
4370.000 1.605
4375.000 1.436
4380.000 1.038
4385.000 0.736
4390.000 0.631
4395.000 0.480
4400.000 0.429
4405.000 0.355
4410.000 0.301
4415.000 0.282
4420.000 0.257
4425.000 0.248
4430.000 0.228
4435.000 0.209
4440.000 0.202
4445.000 0.190
4450.000 0.187
4455.000 0.180
4460.000 0.174
4465.000 0.172
4470.000 0.168
4475.000 0.166
4480.000 0.166
4485.000 0.166
4490.000 0.166
4495.000 0.169
4500.000 0.169
4505.000 0.173
4510.000 0.179
4515.000 0.181
4520.000 0.190
4525.000 0.196
4530.000 0.207
4535.000 0.218
4540.000 0.226
4545.000 0.244
4550.000 0.256
4555.000 0.286
4560.000 0.331
4565.000 0.359
4570.000 0.443
4575.000 0.501
4580.000 0.674
4585.000 0.979
4590.000 1.198
4595.000 1.804
4600.000 2.161
4605.000 2.817
4610.000 3.076
4615.000 2.947
4620.000 2.402
4625.000 2.097
4630.000 1.612
4635.000 1.265
4640.000 1.136
4645.000 0.935
4650.000 0.860
4655.000 0.745
4660.000 0.661
4665.000 0.633
4670.000 0.591
4675.000 0.577
4680.000 0.553
4685.000 0.535
4690.000 0.528
4695.000 0.516
4700.000 0.511
4705.000 0.500
4710.000 0.494
4715.000 0.491
4720.000 0.486
4725.000 0.484
4730.000 0.479
4735.000 0.480
4740.000 0.478
4745.000 0.482
4750.000 0.480
4755.000 0.483
4760.000 0.490
4765.000 0.490
4770.000 0.497
4775.000 0.506
4780.000 0.510
4785.000 0.529
4790.000 0.542
4795.000 0.570
4800.000 0.594
4805.000 0.635
4810.000 0.695
4815.000 0.730
4820.000 0.793
4825.000 0.807
4830.000 0.753
4835.000 0.606
4840.000 0.510
4845.000 0.333
4850.000 0.266
4855.000 0.176
4860.000 0.108
4865.000 0.085
4870.000 0.047
4875.000 0.034
4880.000 0.015
4885.000 0.009
4890.000 0.009
4895.000 0.017
4900.000 0.020
4905.000 0.022
4910.000 0.023
4915.000 0.023
4920.000 0.022
4925.000 0.020
4930.000 0.018
4935.000 0.013
4940.000 0.009
4945.000 0.011
4950.000 0.014
4955.000 0.026
4960.000 0.038
4965.000 0.061
4970.000 0.086
4975.000 0.111
4980.000 0.182
4985.000 0.231
4990.000 0.397
4995.000 0.630
5000.000 0.766
5005.000 1.120
5010.000 1.337
5015.000 1.906
5020.000 2.412
5025.000 2.544
5030.000 2.558
5035.000 2.457
5040.000 2.161
5045.000 1.903
5050.000 1.796
5055.000 1.601
5060.000 1.536
5065.000 1.396
5070.000 1.294
5075.000 1.246
5080.000 1.157
5085.000 1.109
5090.000 1.031
5095.000 0.949
5100.000 0.912
5105.000 0.847
5110.000 0.819
5115.000 0.773
5120.000 0.743
5125.000 0.741
5130.000 0.747
5135.000 0.731
5140.000 0.706
5145.000 0.689
5150.000 0.673
5155.000 0.604
5160.000 0.539
5165.000 0.353
5170.000 0.171
5175.000 0.104
5180.000 0.015
5185.000 0.027
5190.000 0.071
5195.000 0.107
5200.000 0.120
5205.000 0.166
5210.000 0.186
5215.000 0.217
5220.000 0.231
5225.000 0.261
5230.000 0.275
5235.000 0.290
5240.000 0.303
5245.000 0.313
5250.000 0.334
5255.000 0.323
5260.000 0.314
5265.000 0.310
5270.000 0.306
5275.000 0.287
5280.000 0.273
5285.000 0.268
5290.000 0.277
5295.000 0.284
5300.000 0.276
5305.000 0.269
5310.000 0.268
5315.000 0.262
5320.000 0.257
5325.000 0.255
5330.000 0.261
5335.000 0.260
5340.000 0.260
5345.000 0.277
5350.000 0.288
5355.000 0.281
5360.000 0.290
5365.000 0.290
5370.000 0.295
5375.000 0.294
5380.000 0.282
5385.000 0.275
5390.000 0.278
5395.000 0.293
5400.000 0.292
5405.000 0.285
5410.000 0.281
5415.000 0.275
5420.000 0.268
5425.000 0.266
5430.000 0.263
5435.000 0.259
5440.000 0.257
5445.000 0.258
5450.000 0.257
5455.000 0.257
5460.000 0.258
5465.000 0.253
5470.000 0.257
5475.000 0.256
5480.000 0.257
5485.000 0.271
5490.000 0.296
5495.000 0.294
5500.000 0.292
5505.000 0.285
5510.000 0.283
5515.000 0.272
5520.000 0.271
5525.000 0.276
5530.000 0.278
5535.000 0.285
5540.000 0.305
5545.000 0.302
5550.000 0.296
5555.000 0.275
5560.000 0.386
5565.000 0.406
5570.000 0.383
5575.000 0.366
5580.000 0.392
5585.000 0.396
5590.000 0.380
5595.000 0.356
5600.000 0.324
5605.000 0.307
5610.000 0.401
5615.000 0.409
5620.000 0.390
5625.000 0.344
5630.000 0.314
5635.000 0.300
5640.000 0.280
5645.000 0.273
5650.000 0.267
5655.000 0.263
5660.000 0.261
5665.000 0.259
5670.000 0.260
5675.000 0.259
5680.000 0.259
5685.000 0.259
5690.000 0.259
5695.000 0.260
5700.000 0.257
5705.000 0.259
5710.000 0.258
5715.000 0.257
5720.000 0.256
5725.000 0.257
5730.000 0.255
5735.000 0.258
5740.000 0.261
5745.000 0.260
5750.000 0.259
5755.000 0.263
5760.000 0.269
5765.000 0.265
5770.000 0.261
5775.000 0.265
5780.000 0.263
5785.000 0.263
5790.000 0.261
5795.000 0.262
5800.000 0.259
5805.000 0.261
5810.000 0.288
5815.000 0.289
5820.000 0.285
5825.000 0.289
5830.000 0.301
5835.000 0.292
5840.000 0.284
5845.000 0.280
5850.000 0.277
5855.000 0.276
5860.000 0.270
5865.000 0.269
5870.000 0.269
5875.000 0.268
5880.000 0.267
5885.000 0.267
5890.000 0.268
5895.000 0.267
5900.000 0.267
5905.000 0.268
5910.000 0.266
5915.000 0.264
5920.000 0.261
5925.000 0.263
5930.000 0.265
5935.000 0.267
5940.000 0.265
5945.000 0.263
5950.000 0.262
5955.000 0.262
5960.000 0.261
5965.000 0.267
5970.000 0.272
5975.000 0.262
5980.000 0.267
5985.000 0.266
5990.000 0.257
5995.000 0.272
6000.000 0.273
6005.000 0.272
6010.000 0.265
6015.000 0.270
6020.000 0.275
6025.000 0.267
6030.000 0.266
6035.000 0.264
6040.000 0.266
6045.000 0.268
6050.000 0.266
6055.000 0.271
6060.000 0.268
6065.000 0.276
6070.000 0.274
6075.000 0.270
6080.000 0.272
6085.000 0.269
6090.000 0.271
6095.000 0.268
6100.000 0.266
6105.000 0.269
6110.000 0.269
6115.000 0.267
6120.000 0.267
6125.000 0.270
6130.000 0.268
6135.000 0.268
6140.000 0.267
6145.000 0.268
6150.000 0.268
6155.000 0.271
6160.000 0.269
6165.000 0.269
6170.000 0.270
6175.000 0.273
6180.000 0.271
6185.000 0.269
6190.000 0.270
6195.000 0.273
6200.000 0.273
6205.000 0.275
6210.000 0.268
6215.000 0.268
6220.000 0.272
6225.000 0.270
6230.000 0.272
6235.000 0.271
6240.000 0.269
6245.000 0.272
6250.000 0.271
6255.000 0.268
6260.000 0.270
6265.000 0.272
6270.000 0.273
6275.000 0.273
6280.000 0.271
6285.000 0.275
6290.000 0.274
6295.000 0.274
6300.000 0.277
6305.000 0.271
6310.000 0.281
6315.000 0.280
6320.000 0.283
6325.000 0.275
6330.000 0.274
6335.000 0.273
6340.000 0.274
6345.000 0.275
6350.000 0.275
6355.000 0.275
6360.000 0.276
6365.000 0.272
6370.000 0.274
6375.000 0.275
6380.000 0.275
6385.000 0.273
6390.000 0.276
6395.000 0.276
6400.000 0.276
6405.000 0.276
6410.000 0.274
6415.000 0.278
6420.000 0.276
6425.000 0.277
6430.000 0.276
6435.000 0.274
6440.000 0.275
6445.000 0.276
6450.000 0.277
6455.000 0.277
6460.000 0.280
6465.000 0.278
6470.000 0.281
6475.000 0.279
6480.000 0.278
6485.000 0.278
6490.000 0.280
6495.000 0.282
6500.000 0.283
6505.000 0.286
6510.000 0.286
6515.000 0.288
6520.000 0.289
6525.000 0.289
6530.000 0.289
6535.000 0.289
6540.000 0.292
6545.000 0.293
6550.000 0.297
6555.000 0.298
6560.000 0.301
6565.000 0.304
6570.000 0.310
6575.000 0.317
6580.000 0.320
6585.000 0.327
6590.000 0.336
6595.000 0.352
6600.000 0.375
6605.000 0.389
6610.000 0.424
6615.000 0.446
6620.000 0.515
6625.000 0.622
6630.000 0.706
6635.000 0.960
6640.000 1.148
6645.000 1.650
6650.000 2.270
6655.000 2.602
6660.000 3.050
6665.000 3.072
6670.000 2.782
6675.000 2.259
6680.000 2.075
6685.000 1.815
6690.000 1.737
6695.000 1.675
6700.000 1.836
6705.000 1.981
6710.000 2.442
6715.000 2.768
6720.000 3.595
6725.000 4.338
6730.000 4.567
6735.000 4.443
6740.000 4.013
6745.000 3.097
6750.000 2.406
6755.000 2.154
6760.000 1.795
6765.000 1.674
6770.000 1.491
6775.000 1.370
6780.000 1.325
6785.000 1.282
6790.000 1.282
6795.000 1.301
6800.000 1.330
6805.000 1.357
6810.000 1.419
6815.000 1.463
6820.000 1.585
6825.000 1.770
6830.000 1.895
6835.000 2.246
6840.000 2.478
6845.000 3.124
6850.000 4.007
6855.000 4.492
6860.000 5.220
6865.000 5.310
6870.000 4.749
6875.000 3.655
6880.000 3.147
6885.000 2.377
6890.000 2.110
6895.000 1.700
6900.000 1.430
6905.000 1.324
6910.000 1.181
6915.000 1.124
6920.000 1.071
6925.000 1.024
6930.000 0.986
6935.000 0.924
6940.000 0.905
6945.000 0.866
6950.000 0.846
6955.000 0.838
6960.000 0.828
6965.000 0.826
6970.000 0.881
6975.000 0.926
6980.000 0.935
6985.000 0.944
6990.000 0.976
6995.000 1.042
7000.000 1.091
7005.000 1.208
7010.000 1.428
7015.000 1.581
7020.000 1.980
7025.000 2.205
7030.000 2.893
7035.000 3.636
7040.000 3.912
7045.000 4.217
7050.000 4.066
7055.000 3.317
7060.000 2.544
7065.000 2.231
7070.000 1.779
7075.000 1.614
7080.000 1.369
7085.000 1.199
7090.000 1.134
7095.000 1.049
7100.000 1.017
7105.000 0.943
7110.000 0.914
7115.000 0.898
7120.000 0.878
7125.000 0.868
7130.000 0.856
7135.000 0.848
7140.000 0.850
7145.000 0.852
7150.000 0.857
7155.000 0.883
7160.000 0.911
7165.000 0.921
7170.000 0.943
7175.000 0.956
7180.000 1.031
7185.000 1.078
7190.000 1.105
7195.000 1.180
7200.000 1.229
7205.000 1.353
7210.000 1.535
7215.000 1.654
7220.000 1.960
7225.000 2.163
7230.000 2.744
7235.000 3.264
7240.000 3.459
7245.000 3.601
7250.000 3.457
7255.000 2.838
7260.000 2.182
7265.000 1.917
7270.000 1.522
7275.000 1.367
7280.000 1.138
7285.000 0.975
7290.000 0.915
7295.000 0.817
7300.000 0.776
7305.000 0.708
7310.000 0.657
7315.000 0.634
7320.000 0.596
7325.000 0.578
7330.000 0.550
7335.000 0.531
7340.000 0.521
7345.000 0.510
7350.000 0.501
7355.000 0.497
7360.000 0.506
7365.000 0.517
7370.000 0.515
7375.000 0.511
7380.000 0.504
7385.000 0.513
7390.000 0.520
7395.000 0.541
7400.000 0.560
7405.000 0.603
7410.000 0.665
7415.000 0.704
7420.000 0.817
7425.000 0.882
7430.000 1.095
7435.000 1.395
7440.000 1.572
7445.000 1.959
7450.000 2.157
7455.000 2.431
7460.000 2.253
7465.000 2.058
7470.000 1.661
7475.000 1.491
7480.000 1.224
7485.000 1.045
7490.000 0.974
7495.000 0.870
7500.000 0.831
7505.000 0.771
7510.000 0.730
7515.000 0.714
7520.000 0.694
7525.000 0.682
7530.000 0.668
7535.000 0.656
7540.000 0.653
7545.000 0.649
7550.000 0.645
7555.000 0.646
7560.000 0.648
7565.000 0.654
7570.000 0.662
7575.000 0.669
7580.000 0.687
7585.000 0.697
7590.000 0.720
7595.000 0.753
7600.000 0.769
7605.000 0.820
7610.000 0.847
7615.000 0.913
7620.000 0.999
7625.000 1.060
7630.000 1.202
7635.000 1.295
7640.000 1.493
7645.000 1.709
7650.000 1.810
7655.000 1.889
7660.000 1.825
7665.000 1.540
7670.000 1.225
7675.000 1.087
7680.000 0.870
7685.000 0.785
7690.000 0.660
7695.000 0.564
7700.000 0.525
7705.000 0.461
7710.000 0.435
7715.000 0.387
7720.000 0.356
7725.000 0.342
7730.000 0.317
7735.000 0.306
7740.000 0.285
7745.000 0.263
7750.000 0.255
7755.000 0.238
7760.000 0.232
7765.000 0.221
7770.000 0.210
7775.000 0.205
7780.000 0.199
7785.000 0.196
7790.000 0.192
7795.000 0.188
7800.000 0.187
7805.000 0.190
7810.000 0.196
7815.000 0.215
7820.000 0.257
7825.000 0.292
7830.000 0.407
7835.000 0.500
7840.000 0.720
7845.000 0.908
7850.000 0.947
7855.000 0.920
7860.000 0.875
7865.000 0.766
7870.000 0.669
7875.000 0.632
7880.000 0.570
7885.000 0.543
7890.000 0.507
7895.000 0.477
7900.000 0.464
7905.000 0.450
7910.000 0.447
7915.000 0.442
7920.000 0.440
7925.000 0.440
7930.000 0.445
7935.000 0.447
7940.000 0.450
7945.000 0.463
7950.000 0.469
7955.000 0.487
7960.000 0.499
7965.000 0.523
7970.000 0.547
7975.000 0.563
7980.000 0.599
7985.000 0.613
7990.000 0.650
7995.000 0.637
8000.000 0.603
8005.000 0.538
8010.000 0.498
8015.000 0.434
8020.000 0.378
8025.000 0.370
8030.000 0.336
8035.000 0.314
8040.000 0.281
8045.000 0.255
8050.000 0.245
8055.000 0.225
8060.000 0.220
8065.000 0.212
8070.000 0.207
8075.000 0.206
8080.000 0.200
8085.000 0.195
8090.000 0.181
8095.000 0.169
8100.000 0.169
8105.000 0.176
8110.000 0.186
8115.000 0.215
8120.000 0.247
8125.000 0.258
8130.000 0.267
8135.000 0.268
8140.000 0.276
8145.000 0.280
8150.000 0.284
8155.000 0.284
8160.000 0.284
8165.000 0.282
8170.000 0.280
8175.000 0.280
8180.000 0.280
8185.000 0.280
8190.000 0.280
8195.000 0.282
8200.000 0.283
8205.000 0.283
8210.000 0.282
8215.000 0.286
8220.000 0.284
8225.000 0.282
8230.000 0.286
8235.000 0.287
8240.000 0.285
8245.000 0.285
8250.000 0.284
8255.000 0.284
8260.000 0.287
8265.000 0.286
8270.000 0.288
8275.000 0.290
8280.000 0.287
8285.000 0.285
8290.000 0.287
8295.000 0.288
8300.000 0.287
8305.000 0.286
8310.000 0.285
8315.000 0.288
8320.000 0.287
8325.000 0.286
8330.000 0.289
8335.000 0.288
8340.000 0.289
8345.000 0.289
8350.000 0.288
8355.000 0.289
8360.000 0.287
8365.000 0.289
8370.000 0.289
8375.000 0.288
8380.000 0.291
8385.000 0.289
8390.000 0.292
8395.000 0.292
8400.000 0.293
8405.000 0.290
8410.000 0.291
8415.000 0.292
8420.000 0.291
8425.000 0.292
8430.000 0.289
8435.000 0.289
8440.000 0.294
8445.000 0.294
8450.000 0.291
8455.000 0.294
8460.000 0.288
8465.000 0.289
8470.000 0.288
8475.000 0.291
8480.000 0.289
8485.000 0.291
8490.000 0.292
8495.000 0.290
8500.000 0.290
8505.000 0.290
8510.000 0.293
8515.000 0.294
8520.000 0.291
8525.000 0.292
8530.000 0.293
8535.000 0.295
8540.000 0.296
8545.000 0.295
8550.000 0.295
8555.000 0.295
8560.000 0.296
8565.000 0.294
8570.000 0.293
8575.000 0.294
8580.000 0.295
8585.000 0.295
8590.000 0.291
8595.000 0.292
8600.000 0.297
8605.000 0.293
8610.000 0.293
8615.000 0.293
8620.000 0.292
8625.000 0.296
8630.000 0.296
8635.000 0.295
8640.000 0.295
8645.000 0.296
8650.000 0.295
8655.000 0.298
8660.000 0.296
8665.000 0.297
8670.000 0.297
8675.000 0.300
8680.000 0.298
8685.000 0.299
8690.000 0.300
8695.000 0.299
8700.000 0.300
8705.000 0.299
8710.000 0.297
8715.000 0.299
8720.000 0.298
8725.000 0.298
8730.000 0.296
8735.000 0.295
8740.000 0.297
8745.000 0.298
8750.000 0.301
8755.000 0.300
8760.000 0.299
8765.000 0.298
8770.000 0.296
8775.000 0.297
8780.000 0.300
8785.000 0.300
8790.000 0.299
8795.000 0.300
8800.000 0.300
8805.000 0.303
8810.000 0.305
8815.000 0.303
8820.000 0.305
8825.000 0.292
8830.000 0.321
8835.000 0.297
8840.000 0.308
8845.000 0.307
8850.000 0.309
8855.000 0.304
8860.000 0.302
8865.000 0.301
8870.000 0.303
8875.000 0.302
8880.000 0.305
8885.000 0.303
8890.000 0.303
8895.000 0.303
8900.000 0.302
8905.000 0.298
8910.000 0.299
8915.000 0.300
8920.000 0.300
8925.000 0.302
8930.000 0.302
8935.000 0.301
8940.000 0.303
8945.000 0.304
8950.000 0.303
8955.000 0.302
8960.000 0.306
8965.000 0.305
8970.000 0.303
8975.000 0.305
8980.000 0.307
8985.000 0.302
8990.000 0.310
8995.000 0.300
9000.000 0.306
9005.000 0.302
9010.000 0.307
9015.000 0.301
9020.000 0.302
9025.000 0.303
9030.000 0.308
9035.000 0.305
9040.000 0.307
9045.000 0.307
9050.000 0.301
9055.000 0.302
9060.000 0.303
9065.000 0.307
9070.000 0.305
9075.000 0.305
9080.000 0.304
9085.000 0.303
9090.000 0.305
9095.000 0.309
9100.000 0.305
9105.000 0.305
9110.000 0.304
9115.000 0.307
9120.000 0.309
9125.000 0.303
9130.000 0.306
9135.000 0.303
9140.000 0.304
9145.000 0.307
9150.000 0.304
9155.000 0.304
9160.000 0.305
9165.000 0.304
9170.000 0.305
9175.000 0.304
9180.000 0.305
9185.000 0.303
9190.000 0.304
9195.000 0.304
9200.000 0.303
9205.000 0.303
9210.000 0.306
9215.000 0.310
9220.000 0.309
9225.000 0.309
9230.000 0.310
9235.000 0.309
9240.000 0.310
9245.000 0.309
9250.000 0.308
9255.000 0.307
9260.000 0.310
9265.000 0.309
9270.000 0.306
9275.000 0.307
9280.000 0.307
9285.000 0.307
9290.000 0.307
9295.000 0.309
9300.000 0.307
9305.000 0.306
9310.000 0.311
9315.000 0.307
9320.000 0.308
9325.000 0.305
9330.000 0.306
9335.000 0.305
9340.000 0.305
9345.000 0.306
9350.000 0.307
9355.000 0.309
9360.000 0.309
9365.000 0.306
9370.000 0.310
9375.000 0.310
9380.000 0.309
9385.000 0.307
9390.000 0.307
9395.000 0.308
9400.000 0.308
9405.000 0.308
9410.000 0.309
9415.000 0.311
9420.000 0.308
9425.000 0.311
9430.000 0.308
9435.000 0.311
9440.000 0.310
9445.000 0.310
9450.000 0.309
9455.000 0.310
9460.000 0.307
9465.000 0.309
9470.000 0.309
9475.000 0.311
9480.000 0.307
9485.000 0.308
9490.000 0.311
9495.000 0.309
9500.000 0.308
9505.000 0.308
9510.000 0.311
9515.000 0.307
9520.000 0.309
9525.000 0.311
9530.000 0.309
9535.000 0.309
9540.000 0.309
9545.000 0.309
9550.000 0.310
9555.000 0.308
9560.000 0.308
9565.000 0.307
9570.000 0.305
9575.000 0.309
9580.000 0.309
9585.000 0.308
9590.000 0.306
9595.000 0.310
9600.000 0.308
9605.000 0.308
9610.000 0.307
9615.000 0.312
9620.000 0.311
9625.000 0.309
9630.000 0.308
9635.000 0.312
9640.000 0.311
9645.000 0.311
9650.000 0.307
9655.000 0.309
9660.000 0.307
9665.000 0.308
9670.000 0.306
9675.000 0.308
9680.000 0.309
9685.000 0.311
9690.000 0.309
9695.000 0.307
9700.000 0.307
9705.000 0.309
9710.000 0.310
9715.000 0.308
9720.000 0.309
9725.000 0.308
9730.000 0.309
9735.000 0.312
9740.000 0.308
9745.000 0.311
9750.000 0.313
9755.000 0.315
9760.000 0.311
9765.000 0.311
9770.000 0.315
9775.000 0.314
9780.000 0.314
9785.000 0.315
9790.000 0.317
9795.000 0.319
9800.000 0.320
9805.000 0.320
9810.000 0.321
9815.000 0.325
9820.000 0.322
9825.000 0.322
9830.000 0.321
9835.000 0.323
9840.000 0.321
9845.000 0.326
9850.000 0.326
9855.000 0.327
9860.000 0.333
9865.000 0.337
9870.000 0.338
9875.000 0.343
9880.000 0.351
9885.000 0.362
9890.000 0.367
9895.000 0.384
9900.000 0.391
9905.000 0.408
9910.000 0.418
9915.000 0.409
9920.000 0.374
9925.000 0.333
9930.000 0.236
9935.000 0.144
9940.000 0.108
9945.000 0.058
9950.000 0.045
9955.000 0.064
9960.000 0.144
9965.000 0.205
9970.000 0.411
9975.000 0.554
9980.000 0.915
9985.000 1.301
9990.000 1.500
9995.000 1.791
10000.000 1.867
10005.000 1.872
10010.000 1.775
10015.000 1.721
10020.000 1.630
10025.000 1.569
10030.000 1.482
10035.000 1.428
10040.000 1.389
10045.000 1.335
10050.000 1.316
10055.000 1.269
10060.000 1.249
10065.000 1.256
10070.000 1.262
10075.000 1.269
10080.000 1.317
10085.000 1.395
10090.000 1.451
10095.000 1.578
10100.000 1.639
10105.000 1.697
10110.000 1.560
10115.000 1.419
10120.000 1.094
10125.000 0.936
10130.000 0.676
10135.000 0.495
10140.000 0.429
10145.000 0.326
10150.000 0.289
10155.000 0.228
10160.000 0.186
10165.000 0.169
10170.000 0.139
10175.000 0.129
10180.000 0.111
10185.000 0.098
10190.000 0.097
10195.000 0.096
10200.000 0.098
10205.000 0.110
10210.000 0.137
10215.000 0.155
10220.000 0.200
10225.000 0.233
10230.000 0.334
10235.000 0.493
10240.000 0.610
10245.000 0.899
10250.000 1.075
10255.000 1.456
10260.000 1.665
10265.000 1.985
10270.000 2.130
10275.000 2.133
10280.000 2.014
10285.000 1.926
10290.000 1.731
10295.000 1.530
10300.000 1.435
10305.000 1.252
10310.000 1.172
10315.000 1.033
10320.000 0.922
10325.000 0.876
10330.000 0.798
10335.000 0.769
10340.000 0.719
10345.000 0.690
10350.000 0.683
10355.000 0.678
10360.000 0.679
10365.000 0.683
10370.000 0.696
10375.000 0.704
10380.000 0.724
10385.000 0.724
10390.000 0.749
10395.000 0.782
10400.000 0.805
10405.000 0.853
10410.000 0.879
10415.000 0.934
10420.000 0.995
10425.000 1.023
10430.000 1.071
10435.000 1.086
10440.000 1.060
10445.000 0.959
10450.000 0.888
10455.000 0.724
10460.000 0.643
10465.000 0.501
10470.000 0.387
10475.000 0.343
10480.000 0.265
10485.000 0.235
10490.000 0.185
10495.000 0.147
10500.000 0.133
10505.000 0.106
10510.000 0.092
10515.000 0.073
10520.000 0.056
10525.000 0.051
10530.000 0.040
10535.000 0.033
10540.000 0.022
10545.000 0.013
10550.000 0.008
10555.000 0.009
10560.000 0.017
10565.000 0.034
10570.000 0.057
10575.000 0.071
10580.000 0.113
10585.000 0.142
10590.000 0.238
10595.000 0.394
10600.000 0.495
10605.000 0.707
10610.000 0.818
10615.000 1.040
10620.000 1.253
10625.000 1.351
10630.000 1.512
10635.000 1.566
10640.000 1.598
10645.000 1.558
10650.000 1.514
10655.000 1.419
10660.000 1.362
10665.000 1.263
10670.000 1.173
10675.000 1.139
10680.000 1.051
10685.000 1.031
10690.000 0.971
10695.000 0.927
10700.000 0.905
10705.000 0.879
10710.000 0.864
10715.000 0.844
10720.000 0.834
10725.000 0.827
10730.000 0.819
10735.000 0.815
10740.000 0.810
10745.000 0.803
10750.000 0.796
10755.000 0.790
10760.000 0.792
10765.000 0.792
10770.000 0.795
10775.000 0.796
10780.000 0.797
10785.000 0.800
10790.000 0.785
10795.000 0.762
10800.000 0.741
10805.000 0.674
10810.000 0.628
10815.000 0.520
10820.000 0.410
10825.000 0.359
10830.000 0.272
10835.000 0.235
10840.000 0.186
10845.000 0.155
10850.000 0.145
10855.000 0.131
10860.000 0.127
10865.000 0.121
10870.000 0.122
10875.000 0.120
10880.000 0.118
10885.000 0.121
10890.000 0.117
10895.000 0.119
10900.000 0.122
10905.000 0.122
10910.000 0.121
10915.000 0.121
10920.000 0.124
10925.000 0.126
10930.000 0.130
10935.000 0.135
10940.000 0.143
10945.000 0.151
10950.000 0.178
10955.000 0.226
10960.000 0.263
10965.000 0.364
10970.000 0.426
10975.000 0.556
10980.000 0.671
10985.000 0.706
10990.000 0.749
10995.000 0.746
11000.000 0.726
11005.000 0.696
11010.000 0.682
11015.000 0.635
11020.000 0.612
11025.000 0.577
11030.000 0.540
11035.000 0.523
11040.000 0.494
11045.000 0.481
11050.000 0.464
11055.000 0.444
11060.000 0.447
11065.000 0.439
11070.000 0.436
11075.000 0.436
11080.000 0.434
11085.000 0.435
11090.000 0.434
11095.000 0.435
11100.000 0.430
11105.000 0.420
11110.000 0.411
11115.000 0.388
11120.000 0.374
11125.000 0.331
11130.000 0.289
11135.000 0.275
11140.000 0.247
11145.000 0.240
11150.000 0.231
11155.000 0.231
11160.000 0.229
11165.000 0.231
11170.000 0.230
11175.000 0.238
11180.000 0.238
11185.000 0.241
11190.000 0.246
11195.000 0.248
11200.000 0.256
11205.000 0.274
11210.000 0.279
11215.000 0.292
11220.000 0.300
11225.000 0.307
11230.000 0.313
11235.000 0.311
11240.000 0.313
11245.000 0.313
11250.000 0.311
11255.000 0.308
11260.000 0.308
11265.000 0.308
11270.000 0.313
11275.000 0.310
11280.000 0.311
11285.000 0.308
11290.000 0.308
11295.000 0.308
11300.000 0.308
11305.000 0.310
11310.000 0.307
11315.000 0.305
11320.000 0.304
11325.000 0.305
11330.000 0.305
11335.000 0.304
11340.000 0.303
11345.000 0.305
11350.000 0.308
11355.000 0.309
11360.000 0.306
11365.000 0.306
11370.000 0.304
11375.000 0.302
11380.000 0.303
11385.000 0.305
11390.000 0.306
11395.000 0.304
11400.000 0.303
11405.000 0.303
11410.000 0.303
11415.000 0.302
11420.000 0.303
11425.000 0.299
11430.000 0.303
11435.000 0.301
11440.000 0.302
11445.000 0.300
11450.000 0.301
11455.000 0.299
11460.000 0.302
11465.000 0.301
11470.000 0.303
11475.000 0.300
11480.000 0.299
11485.000 0.300
11490.000 0.300
11495.000 0.301
11500.000 0.303
11505.000 0.302
11510.000 0.301
11515.000 0.301
11520.000 0.303
11525.000 0.301
11530.000 0.302
11535.000 0.303
11540.000 0.299
11545.000 0.301
11550.000 0.301
11555.000 0.298
11560.000 0.300
11565.000 0.298
11570.000 0.299
11575.000 0.302
11580.000 0.298
11585.000 0.299
11590.000 0.297
11595.000 0.300
11600.000 0.300
11605.000 0.300
11610.000 0.301
11615.000 0.301
11620.000 0.300
11625.000 0.300
11630.000 0.300
11635.000 0.299
11640.000 0.297
11645.000 0.297
11650.000 0.297
11655.000 0.299
11660.000 0.295
11665.000 0.299
11670.000 0.299
11675.000 0.298
11680.000 0.299
11685.000 0.304
11690.000 0.304
11695.000 0.304
11700.000 0.300
11705.000 0.300
11710.000 0.297
11715.000 0.297
11720.000 0.298
11725.000 0.297
11730.000 0.298
11735.000 0.296
11740.000 0.295
11745.000 0.296
11750.000 0.296
11755.000 0.298
11760.000 0.298
11765.000 0.298
11770.000 0.293
11775.000 0.296
11780.000 0.297
11785.000 0.297
11790.000 0.295
11795.000 0.296
11800.000 0.296
11805.000 0.296
11810.000 0.293
11815.000 0.295
11820.000 0.295
11825.000 0.294
11830.000 0.296
11835.000 0.295
11840.000 0.294
11845.000 0.294
11850.000 0.294
11855.000 0.293
11860.000 0.292
11865.000 0.290
11870.000 0.291
11875.000 0.290
11880.000 0.288
11885.000 0.289
11890.000 0.292
11895.000 0.291
11900.000 0.292
11905.000 0.292
11910.000 0.296
11915.000 0.294
11920.000 0.294
11925.000 0.290
11930.000 0.292
11935.000 0.291
11940.000 0.292
11945.000 0.290
11950.000 0.291
11955.000 0.287
11960.000 0.291
11965.000 0.281
11970.000 0.317
11975.000 0.357
11980.000 0.366
11985.000 0.346
11990.000 0.325
11995.000 0.312
12000.000 0.301
