105.000 0.167
110.000 2.185
115.000 2.707
120.000 3.217
125.000 3.425
130.000 3.678
135.000 3.932
140.000 3.990
145.000 4.642
150.000 5.044
155.000 5.916
160.000 6.570
165.000 7.026
170.000 7.035
175.000 6.977
180.000 7.297
185.000 7.611
190.000 8.020
195.000 8.845
200.000 9.379
205.000 9.842
210.000 10.952
215.000 11.580
220.000 13.005
225.000 13.338
230.000 14.548
235.000 15.237
240.000 15.156
245.000 15.657
250.000 16.542
255.000 19.315
260.000 22.446
265.000 24.568
270.000 27.889
275.000 29.650
280.000 31.091
285.000 29.562
290.000 28.248
295.000 24.553
300.000 23.055
305.000 20.053
310.000 18.468
315.000 17.589
320.000 16.435
325.000 15.658
330.000 14.923
335.000 14.159
340.000 13.833
345.000 13.371
350.000 13.952
355.000 13.305
360.000 13.364
365.000 13.447
370.000 13.636
375.000 13.926
380.000 14.406
385.000 14.700
390.000 14.985
395.000 15.407
400.000 15.940
405.000 16.263
410.000 16.861
415.000 17.350
420.000 17.983
425.000 18.218
430.000 18.790
435.000 19.117
440.000 19.902
445.000 20.042
450.000 20.027
455.000 19.827
460.000 19.579
465.000 19.105
470.000 18.667
475.000 18.225
480.000 17.933
485.000 17.752
490.000 17.803
495.000 17.877
500.000 17.776
505.000 19.191
510.000 19.755
515.000 21.637
520.000 24.293
525.000 25.990
530.000 29.400
535.000 31.717
540.000 33.517
545.000 31.275
550.000 28.448
555.000 21.646
560.000 18.473
565.000 13.659
570.000 11.904
575.000 9.198
580.000 7.305
585.000 6.601
590.000 5.545
595.000 4.879
600.000 4.540
605.000 3.995
610.000 3.406
615.000 3.226
620.000 2.707
625.000 3.017
630.000 2.669
635.000 2.335
640.000 2.214
645.000 2.161
650.000 2.024
655.000 1.878
660.000 1.884
665.000 1.751
670.000 1.675
675.000 1.620
680.000 1.548
685.000 1.650
690.000 1.623
695.000 1.538
700.000 1.519
705.000 1.617
710.000 1.582
715.000 1.555
720.000 1.612
725.000 1.571
730.000 1.619
735.000 1.660
740.000 1.753
745.000 1.876
750.000 1.931
755.000 2.155
760.000 2.288
765.000 2.672
770.000 3.338
775.000 3.688
780.000 4.498
785.000 5.133
790.000 6.341
795.000 7.289
800.000 7.267
805.000 6.190
810.000 5.394
815.000 3.982
820.000 2.950
825.000 2.553
830.000 1.977
835.000 1.733
840.000 1.402
845.000 1.160
850.000 1.057
855.000 0.909
860.000 0.846
865.000 0.726
870.000 0.645
875.000 0.640
880.000 0.654
885.000 0.518
890.000 0.470
895.000 0.451
900.000 0.427
905.000 0.392
910.000 0.380
915.000 0.353
920.000 0.336
925.000 0.334
930.000 0.315
935.000 0.314
940.000 0.311
945.000 0.305
950.000 0.305
955.000 0.304
960.000 0.293
965.000 0.304
970.000 0.299
975.000 0.313
980.000 0.325
985.000 0.327
990.000 0.342
995.000 0.366
1000.000 0.375
1005.000 0.420
1010.000 0.443
1015.000 0.508
1020.000 0.542
1025.000 0.653
1030.000 0.807
1035.000 0.920
1040.000 1.222
1045.000 1.416
1050.000 1.921
1055.000 2.238
1060.000 2.505
1065.000 2.139
1070.000 1.879
1075.000 1.472
1080.000 1.173
1085.000 1.066
1090.000 0.900
1095.000 0.843
1100.000 0.751
1105.000 0.681
1110.000 0.658
1115.000 0.602
1120.000 0.663
1125.000 0.593
1130.000 0.566
1135.000 0.552
1140.000 0.543
1145.000 0.533
1150.000 0.527
1155.000 0.516
1160.000 0.520
1165.000 0.519
1170.000 0.520
1175.000 0.522
1180.000 0.530
1185.000 0.533
1190.000 0.525
1195.000 0.531
1200.000 0.548
1205.000 0.563
1210.000 0.575
1215.000 0.592
1220.000 0.602
1225.000 0.673
1230.000 0.712
1235.000 0.780
1240.000 0.823
1245.000 0.843
1250.000 0.897
1255.000 1.036
1260.000 1.088
1265.000 1.097
1270.000 1.359
1275.000 1.850
1280.000 2.248
1285.000 2.497
1290.000 3.312
1295.000 3.979
1300.000 5.509
1305.000 6.094
1310.000 6.124
1315.000 4.699
1320.000 3.968
1325.000 2.831
1330.000 2.096
1335.000 1.844
1340.000 1.454
1345.000 1.307
1350.000 1.141
1355.000 0.962
1360.000 0.915
1365.000 0.831
1370.000 0.794
1375.000 0.750
1380.000 0.715
1385.000 0.678
1390.000 0.648
1395.000 0.636
1400.000 0.618
1405.000 0.604
1410.000 0.601
1415.000 0.591
1420.000 0.591
1425.000 0.591
1430.000 0.599
1435.000 0.604
1440.000 0.605
1445.000 0.631
1450.000 0.651
1455.000 0.683
1460.000 0.695
1465.000 0.745
1470.000 0.752
1475.000 0.814
1480.000 0.882
1485.000 1.001
1490.000 1.081
1495.000 1.146
1500.000 1.313
1505.000 1.555
1510.000 1.721
1515.000 2.217
1520.000 2.635
1525.000 3.719
1530.000 5.086
1535.000 6.072
1540.000 7.001
1545.000 8.537
1550.000 8.617
1555.000 7.970
1560.000 6.070
1565.000 4.511
1570.000 3.906
1575.000 3.109
1580.000 2.780
1585.000 2.235
1590.000 1.869
1595.000 1.761
1600.000 1.511
1605.000 1.377
1610.000 1.311
1615.000 1.230
1620.000 1.186
1625.000 1.290
1630.000 1.230
1635.000 1.151
1640.000 1.085
1645.000 1.058
1650.000 1.008
1655.000 0.989
1660.000 0.961
1665.000 0.949
1670.000 0.993
1675.000 1.013
1680.000 0.995
1685.000 0.992
1690.000 1.043
1695.000 1.077
1700.000 1.182
1705.000 1.247
1710.000 1.443
1715.000 1.553
1720.000 1.900
1725.000 2.392
1730.000 2.667
1735.000 3.324
1740.000 4.405
1745.000 5.136
1750.000 7.349
1755.000 8.870
1760.000 11.141
1765.000 13.455
1770.000 14.256
1775.000 14.408
1780.000 13.442
1785.000 10.322
1790.000 7.477
1795.000 6.370
1800.000 4.738
1805.000 4.197
1810.000 3.319
1815.000 2.714
1820.000 2.491
1825.000 2.139
1830.000 2.002
1835.000 1.885
1840.000 1.774
1845.000 2.027
1850.000 1.888
1855.000 1.820
1860.000 1.716
1865.000 1.636
1870.000 1.630
1875.000 1.578
1880.000 1.557
1885.000 1.555
1890.000 1.568
1895.000 1.619
1900.000 1.647
1905.000 1.682
1910.000 1.763
1915.000 1.877
1920.000 1.961
1925.000 2.175
1930.000 2.425
1935.000 2.826
1940.000 3.414
1945.000 3.910
1950.000 5.084
1955.000 5.890
1960.000 8.055
1965.000 9.628
1970.000 9.658
1975.000 8.387
1980.000 7.391
1985.000 5.519
1990.000 4.165
1995.000 3.663
2000.000 2.938
2005.000 2.669
2010.000 2.502
2015.000 2.176
2020.000 2.054
2025.000 1.857
2030.000 1.795
2035.000 1.663
2040.000 1.576
2045.000 1.542
2050.000 1.497
2055.000 1.481
2060.000 1.462
2065.000 1.455
2070.000 1.465
2075.000 1.502
2080.000 1.528
2085.000 1.612
2090.000 1.738
2095.000 1.828
2100.000 2.074
2105.000 2.210
2110.000 2.383
2115.000 2.162
2120.000 1.908
2125.000 1.296
2130.000 1.036
2135.000 0.662
2140.000 0.533
2145.000 0.344
2150.000 0.274
2155.000 0.182
2160.000 0.115
2165.000 0.055
2170.000 0.031
2175.000 0.012
2180.000 0.028
2185.000 0.055
2190.000 0.075
2195.000 0.085
2200.000 0.090
2205.000 0.105
2210.000 0.113
2215.000 0.124
2220.000 0.137
2225.000 0.142
2230.000 0.140
2235.000 0.143
2240.000 0.148
2245.000 0.180
2250.000 0.187
2255.000 0.187
2260.000 0.193
2265.000 0.187
2270.000 0.185
2275.000 0.180
2280.000 0.177
2285.000 0.181
2290.000 0.177
2295.000 0.175
2300.000 0.174
2305.000 0.174
2310.000 0.172
2315.000 0.172
2320.000 0.175
2325.000 0.188
2330.000 0.185
2335.000 0.184
2340.000 0.180
2345.000 0.180
2350.000 0.177
2355.000 0.192
2360.000 0.200
2365.000 0.197
2370.000 0.192
2375.000 0.188
2380.000 0.188
2385.000 0.184
2390.000 0.182
2395.000 0.180
2400.000 0.179
2405.000 0.178
2410.000 0.176
2415.000 0.187
2420.000 0.203
2425.000 0.203
2430.000 0.221
2435.000 0.221
2440.000 0.223
2445.000 0.220
2450.000 0.228
2455.000 0.222
2460.000 0.212
2465.000 0.207
2470.000 0.201
2475.000 0.196
2480.000 0.194
2485.000 0.190
2490.000 0.188
2495.000 0.188
2500.000 0.200
2505.000 0.240
2510.000 0.261
2515.000 0.300
2520.000 0.273
2525.000 0.254
2530.000 0.243
2535.000 0.230
2540.000 0.223
2545.000 0.213
2550.000 0.206
2555.000 0.201
2560.000 0.202
2565.000 0.197
2570.000 0.191
2575.000 0.191
2580.000 0.190
2585.000 0.187
2590.000 0.187
2595.000 0.185
2600.000 0.182
2605.000 0.182
2610.000 0.183
2615.000 0.182
2620.000 0.181
2625.000 0.181
2630.000 0.180
2635.000 0.216
2640.000 0.256
2645.000 0.242
2650.000 0.230
2655.000 0.230
2660.000 0.219
2665.000 0.217
2670.000 0.210
2675.000 0.211
2680.000 0.213
2685.000 0.205
2690.000 0.203
2695.000 0.198
2700.000 0.196
2705.000 0.194
2710.000 0.189
2715.000 0.190
2720.000 0.189
2725.000 0.187
2730.000 0.185
2735.000 0.190
2740.000 0.212
2745.000 0.204
2750.000 0.211
2755.000 0.215
2760.000 0.204
2765.000 0.205
2770.000 0.203
2775.000 0.219
2780.000 0.227
2785.000 0.220
2790.000 0.212
2795.000 0.210
2800.000 0.209
2805.000 0.201
2810.000 0.202
2815.000 0.197
2820.000 0.210
2825.000 0.214
2830.000 0.226
2835.000 0.217
2840.000 0.214
2845.000 0.208
2850.000 0.205
2855.000 0.203
2860.000 0.198
2865.000 0.197
2870.000 0.196
2875.000 0.192
2880.000 0.191
2885.000 0.192
2890.000 0.192
2895.000 0.192
2900.000 0.196
2905.000 0.195
2910.000 0.195
2915.000 0.196
2920.000 0.193
2925.000 0.196
2930.000 0.210
2935.000 0.208
2940.000 0.201
2945.000 0.198
2950.000 0.240
2955.000 0.237
2960.000 0.223
2965.000 0.224
2970.000 0.219
2975.000 0.213
2980.000 0.212
2985.000 0.212
2990.000 0.212
2995.000 0.210
3000.000 0.199
3005.000 0.201
3010.000 0.208
3015.000 0.211
3020.000 0.210
3025.000 0.214
3030.000 0.206
3035.000 0.199
3040.000 0.196
3045.000 0.195
3050.000 0.201
3055.000 0.211
3060.000 0.206
3065.000 0.210
3070.000 0.206
3075.000 0.229
3080.000 0.226
3085.000 0.218
3090.000 0.213
3095.000 0.216
3100.000 0.215
3105.000 0.210
3110.000 0.206
3115.000 0.204
3120.000 0.274
3125.000 0.271
3130.000 0.305
3135.000 0.289
3140.000 0.277
3145.000 0.263
3150.000 0.259
3155.000 0.245
3160.000 0.238
3165.000 0.239
3170.000 0.240
3175.000 0.234
3180.000 0.226
3185.000 0.219
3190.000 0.218
3195.000 0.214
3200.000 0.215
3205.000 0.215
3210.000 0.209
3215.000 0.207
3220.000 0.204
3225.000 0.206
3230.000 0.200
3235.000 0.211
3240.000 0.213
3245.000 0.212
3250.000 0.210
3255.000 0.212
3260.000 0.214
3265.000 0.214
3270.000 0.213
3275.000 0.213
3280.000 0.214
3285.000 0.217
3290.000 0.220
3295.000 0.226
3300.000 0.228
3305.000 0.252
3310.000 0.269
3315.000 0.279
3320.000 0.314
3325.000 0.380
3330.000 0.483
3335.000 0.590
3340.000 0.624
3345.000 0.746
3350.000 0.822
3355.000 1.162
3360.000 1.444
3365.000 2.259
3370.000 3.400
3375.000 4.102
3380.000 5.764
3385.000 7.281
3390.000 7.555
3395.000 7.146
3400.000 6.746
3405.000 6.153
3410.000 5.988
3415.000 5.870
3420.000 6.227
3425.000 6.453
3430.000 7.064
3435.000 7.467
3440.000 8.381
3445.000 9.104
3450.000 9.197
3455.000 8.687
3460.000 7.964
3465.000 6.209
3470.000 4.691
3475.000 4.118
3480.000 3.373
3485.000 3.005
3490.000 2.468
3495.000 2.121
3500.000 1.995
3505.000 1.818
3510.000 1.760
3515.000 1.775
3520.000 1.880
3525.000 1.868
3530.000 1.903
3535.000 1.979
3540.000 2.184
3545.000 2.402
3550.000 2.578
3555.000 3.030
3560.000 3.368
3565.000 4.337
3570.000 5.573
3575.000 6.134
3580.000 6.764
3585.000 6.649
3590.000 5.624
3595.000 4.343
3600.000 3.793
3605.000 2.961
3610.000 2.705
3615.000 2.293
3620.000 1.976
3625.000 1.862
3630.000 1.664
3635.000 1.600
3640.000 1.501
3645.000 1.412
3650.000 1.377
3655.000 1.323
3660.000 1.295
3665.000 1.282
3670.000 1.343
3675.000 1.316
3680.000 1.287
3685.000 1.284
3690.000 1.352
3695.000 1.356
3700.000 1.379
3705.000 1.475
3710.000 1.535
3715.000 1.616
3720.000 1.672
3725.000 1.913
3730.000 2.204
3735.000 2.400
3740.000 2.905
3745.000 3.225
3750.000 3.879
3755.000 4.142
3760.000 3.987
3765.000 3.338
3770.000 2.948
3775.000 2.261
3780.000 1.770
3785.000 1.603
3790.000 1.344
3795.000 1.253
3800.000 1.182
3805.000 1.192
3810.000 1.063
3815.000 0.950
3820.000 0.911
3825.000 0.837
3830.000 0.784
3835.000 0.768
3840.000 0.757
3845.000 0.738
3850.000 0.773
3855.000 0.778
3860.000 0.770
3865.000 0.758
3870.000 0.768
3875.000 0.775
3880.000 0.818
3885.000 0.828
3890.000 0.877
3895.000 0.905
3900.000 0.985
3905.000 1.092
3910.000 1.163
3915.000 1.413
3920.000 1.797
3925.000 1.967
3930.000 2.422
3935.000 2.768
3940.000 3.671
3945.000 4.537
3950.000 4.764
3955.000 4.499
3960.000 4.064
3965.000 3.097
3970.000 2.366
3975.000 2.070
3980.000 1.624
3985.000 1.466
3990.000 1.225
3995.000 1.121
4000.000 0.994
4005.000 0.923
4010.000 0.888
4015.000 0.828
4020.000 0.806
4025.000 0.771
4030.000 0.732
4035.000 0.726
4040.000 0.708
4045.000 0.701
4050.000 0.676
4055.000 0.673
4060.000 0.666
4065.000 0.674
4070.000 0.670
4075.000 0.681
4080.000 0.702
4085.000 0.706
4090.000 0.736
4095.000 0.746
4100.000 0.788
4105.000 0.842
4110.000 0.875
4115.000 0.974
4120.000 1.062
4125.000 1.299
4130.000 1.482
4135.000 1.603
4140.000 1.788
4145.000 1.847
4150.000 1.703
4155.000 1.377
4160.000 1.202
4165.000 0.971
4170.000 0.865
4175.000 0.693
4180.000 0.629
4185.000 0.539
4190.000 0.507
4195.000 0.475
4200.000 0.432
4205.000 0.394
4210.000 0.387
4215.000 0.373
4220.000 0.359
4225.000 0.349
4230.000 0.335
4235.000 0.336
4240.000 0.336
4245.000 0.342
4250.000 0.377
4255.000 0.413
4260.000 0.459
4265.000 0.452
4270.000 0.447
4275.000 0.460
4280.000 0.492
4285.000 0.506
4290.000 0.532
4295.000 0.559
4300.000 0.634
4305.000 0.689
4310.000 0.823
4315.000 1.023
4320.000 1.152
4325.000 1.496
4330.000 1.649
4335.000 1.858
4340.000 1.757
4345.000 1.618
4350.000 1.256
4355.000 1.104
4360.000 0.881
4365.000 0.729
4370.000 0.675
4375.000 0.600
4380.000 0.576
4385.000 0.647
4390.000 0.595
4395.000 0.568
4400.000 0.522
4405.000 0.506
4410.000 0.498
4415.000 0.500
4420.000 0.492
4425.000 0.515
4430.000 0.503
4435.000 0.479
4440.000 0.495
4445.000 0.510
4450.000 0.501
4455.000 0.497
4460.000 0.495
4465.000 0.497
4470.000 0.548
4475.000 0.612
4480.000 0.617
4485.000 0.631
4490.000 0.643
4495.000 0.636
4500.000 0.581
4505.000 0.537
4510.000 0.406
4515.000 0.270
4520.000 0.216
4525.000 0.139
4530.000 0.114
4535.000 0.085
4540.000 0.077
4545.000 0.080
4550.000 0.087
4555.000 0.091
4560.000 0.096
4565.000 0.106
4570.000 0.108
4575.000 0.117
4580.000 0.121
4585.000 0.132
4590.000 0.144
4595.000 0.151
4600.000 0.171
4605.000 0.183
4610.000 0.218
4615.000 0.272
4620.000 0.315
4625.000 0.436
4630.000 0.517
4635.000 0.703
4640.000 0.797
4645.000 1.084
4650.000 0.970
4655.000 0.877
4660.000 0.707
4665.000 0.591
4670.000 0.540
4675.000 0.509
4680.000 0.533
4685.000 0.465
4690.000 0.431
4695.000 0.412
4700.000 0.389
4705.000 0.379
4710.000 0.367
4715.000 0.382
4720.000 0.345
4725.000 0.293
4730.000 0.263
4735.000 0.211
4740.000 0.186
4745.000 0.189
4750.000 0.197
4755.000 0.204
4760.000 0.234
4765.000 0.269
4770.000 0.267
4775.000 0.263
4780.000 0.260
4785.000 0.254
4790.000 0.248
4795.000 0.246
4800.000 0.242
4805.000 0.242
4810.000 0.260
4815.000 0.256
4820.000 0.252
4825.000 0.254
4830.000 0.292
4835.000 0.298
4840.000 0.300
4845.000 0.291
4850.000 0.278
4855.000 0.275
4860.000 0.269
4865.000 0.265
4870.000 0.261
4875.000 0.277
4880.000 0.275
4885.000 0.264
4890.000 0.264
4895.000 0.272
4900.000 0.272
4905.000 0.305
4910.000 0.295
4915.000 0.285
4920.000 0.275
4925.000 0.268
4930.000 0.259
4935.000 0.255
4940.000 0.284
4945.000 0.286
4950.000 0.271
4955.000 0.267
4960.000 0.261
4965.000 0.262
4970.000 0.259
4975.000 0.296
4980.000 0.306
4985.000 0.289
4990.000 0.280
4995.000 0.279
5000.000 0.287
5005.000 0.275
5010.000 0.268
5015.000 0.255
5020.000 0.277
5025.000 0.278
5030.000 0.269
5035.000 0.264
5040.000 0.259
5045.000 0.253
5050.000 0.286
5055.000 0.288
5060.000 0.293
5065.000 0.294
5070.000 0.294
5075.000 0.289
5080.000 0.286
5085.000 0.278
5090.000 0.271
5095.000 0.270
5100.000 0.261
5105.000 0.261
5110.000 0.260
5115.000 0.259
5120.000 0.259
5125.000 0.258
5130.000 0.253
5135.000 0.252
5140.000 0.250
5145.000 0.266
5150.000 0.295
5155.000 0.300
5160.000 0.286
5165.000 0.281
5170.000 0.286
5175.000 0.283
5180.000 0.278
5185.000 0.278
5190.000 0.292
5195.000 0.281
5200.000 0.279
5205.000 0.274
5210.000 0.271
5215.000 0.267
5220.000 0.265
5225.000 0.303
5230.000 0.296
5235.000 0.292
5240.000 0.286
5245.000 0.279
5250.000 0.274
5255.000 0.267
5260.000 0.265
5265.000 0.260
5270.000 0.303
5275.000 0.299
5280.000 0.291
5285.000 0.281
5290.000 0.279
5295.000 0.272
5300.000 0.264
5305.000 0.269
5310.000 0.271
5315.000 0.269
5320.000 0.270
5325.000 0.286
5330.000 0.281
5335.000 0.277
5340.000 0.275
5345.000 0.301
5350.000 0.297
5355.000 0.302
5360.000 0.296
5365.000 0.291
5370.000 0.281
5375.000 0.275
5380.000 0.272
5385.000 0.269
5390.000 0.267
5395.000 0.265
5400.000 0.261
5405.000 0.263
5410.000 0.296
5415.000 0.300
5420.000 0.294
5425.000 0.287
5430.000 0.286
5435.000 0.295
5440.000 0.294
5445.000 0.291
5450.000 0.279
5455.000 0.276
5460.000 0.275
5465.000 0.280
5470.000 0.274
5475.000 0.271
5480.000 0.268
5485.000 0.265
5490.000 0.263
5495.000 0.264
5500.000 0.264
5505.000 0.264
5510.000 0.261
5515.000 0.263
5520.000 0.282
5525.000 0.285
5530.000 0.283
5535.000 0.272
5540.000 0.270
5545.000 0.272
5550.000 0.274
5555.000 0.286
5560.000 0.285
5565.000 0.279
5570.000 0.273
5575.000 0.274
5580.000 0.278
5585.000 0.302
5590.000 0.291
5595.000 0.298
5600.000 0.292
5605.000 0.290
5610.000 0.286
5615.000 0.306
5620.000 0.305
5625.000 0.298
5630.000 0.291
5635.000 0.286
5640.000 0.284
5645.000 0.284
5650.000 0.288
5655.000 0.295
5660.000 0.287
5665.000 0.286
5670.000 0.277
5675.000 0.278
5680.000 0.294
5685.000 0.291
5690.000 0.289
5695.000 0.277
5700.000 0.277
5705.000 0.270
5710.000 0.268
5715.000 0.269
5720.000 0.297
5725.000 0.306
5730.000 0.301
5735.000 0.295
5740.000 0.289
5745.000 0.285
5750.000 0.281
5755.000 0.279
5760.000 0.280
5765.000 0.277
5770.000 0.274
5775.000 0.277
5780.000 0.295
5785.000 0.294
5790.000 0.305
5795.000 0.306
5800.000 0.301
5805.000 0.296
5810.000 0.294
5815.000 0.288
5820.000 0.283
5825.000 0.284
5830.000 0.280
5835.000 0.277
5840.000 0.289
5845.000 0.311
5850.000 0.312
5855.000 0.315
5860.000 0.312
5865.000 0.308
5870.000 0.300
5875.000 0.298
5880.000 0.292
5885.000 0.291
5890.000 0.287
5895.000 0.283
5900.000 0.282
5905.000 0.281
5910.000 0.275
5915.000 0.275
5920.000 0.275
5925.000 0.276
5930.000 0.274
5935.000 0.291
5940.000 0.303
5945.000 0.310
5950.000 0.302
5955.000 0.301
5960.000 0.292
5965.000 0.284
5970.000 0.289
5975.000 0.285
5980.000 0.296
5985.000 0.418
5990.000 0.445
5995.000 0.452
6000.000 0.478
6005.000 0.430
6010.000 0.376
6015.000 0.362
6020.000 0.333
6025.000 0.313
6030.000 0.298
6035.000 0.295
6040.000 0.295
6045.000 0.287
6050.000 0.287
6055.000 0.326
6060.000 0.315
6065.000 0.309
6070.000 0.296
6075.000 0.302
6080.000 0.306
6085.000 0.321
6090.000 0.310
6095.000 0.300
6100.000 0.300
6105.000 0.293
6110.000 0.291
6115.000 0.286
6120.000 0.286
6125.000 0.280
6130.000 0.303
6135.000 0.319
6140.000 0.311
6145.000 0.306
6150.000 0.301
6155.000 0.296
6160.000 0.296
6165.000 0.290
6170.000 0.283
6175.000 0.289
6180.000 0.286
6185.000 0.285
6190.000 0.282
6195.000 0.283
6200.000 0.281
6205.000 0.297
6210.000 0.309
6215.000 0.302
6220.000 0.299
6225.000 0.298
6230.000 0.308
6235.000 0.303
6240.000 0.298
6245.000 0.294
6250.000 0.293
6255.000 0.291
6260.000 0.288
6265.000 0.290
6270.000 0.304
6275.000 0.301
6280.000 0.299
6285.000 0.302
6290.000 0.300
6295.000 0.293
6300.000 0.292
6305.000 0.294
6310.000 0.290
6315.000 0.334
6320.000 0.325
6325.000 0.324
6330.000 0.309
6335.000 0.304
6340.000 0.297
6345.000 0.296
6350.000 0.292
6355.000 0.292
6360.000 0.290
6365.000 0.291
6370.000 0.287
6375.000 0.286
6380.000 0.283
6385.000 0.284
6390.000 0.287
6395.000 0.285
6400.000 0.285
6405.000 0.286
6410.000 0.289
6415.000 0.284
6420.000 0.283
6425.000 0.282
6430.000 0.283
6435.000 0.286
6440.000 0.309
6445.000 0.311
6450.000 0.308
6455.000 0.309
6460.000 0.306
6465.000 0.299
6470.000 0.295
6475.000 0.294
6480.000 0.293
6485.000 0.297
6490.000 0.322
6495.000 0.315
6500.000 0.315
6505.000 0.322
6510.000 0.321
6515.000 0.310
6520.000 0.306
6525.000 0.303
6530.000 0.303
6535.000 0.300
6540.000 0.300
6545.000 0.294
6550.000 0.291
6555.000 0.289
6560.000 0.289
6565.000 0.286
6570.000 0.291
6575.000 0.288
6580.000 0.286
6585.000 0.291
6590.000 0.291
6595.000 0.289
6600.000 0.288
6605.000 0.289
6610.000 0.289
6615.000 0.291
6620.000 0.291
6625.000 0.295
6630.000 0.310
6635.000 0.322
6640.000 0.318
6645.000 0.313
6650.000 0.320
6655.000 0.317
6660.000 0.315
6665.000 0.320
6670.000 0.332
6675.000 0.358
6680.000 0.363
6685.000 0.369
6690.000 0.383
6695.000 0.403
6700.000 0.449
6705.000 0.506
6710.000 0.550
6715.000 0.697
6720.000 0.811
6725.000 1.152
6730.000 1.680
6735.000 2.007
6740.000 2.566
6745.000 2.772
6750.000 2.762
6755.000 2.605
6760.000 2.589
6765.000 2.821
6770.000 3.013
6775.000 3.530
6780.000 4.069
6785.000 4.369
6790.000 4.593
6795.000 4.413
6800.000 3.740
6805.000 3.154
6810.000 2.928
6815.000 2.599
6820.000 2.489
6825.000 2.419
6830.000 2.422
6835.000 2.484
6840.000 2.724
6845.000 2.906
6850.000 3.408
6855.000 4.045
6860.000 4.356
6865.000 4.709
6870.000 4.682
6875.000 4.141
6880.000 3.557
6885.000 3.159
6890.000 2.503
6895.000 2.249
6900.000 1.879
6905.000 1.625
6910.000 1.557
6915.000 1.493
6920.000 1.445
6925.000 1.392
6930.000 1.392
6935.000 1.386
6940.000 1.387
6945.000 1.424
6950.000 1.513
6955.000 1.643
6960.000 1.753
6965.000 2.047
6970.000 2.225
6975.000 2.666
6980.000 2.885
6985.000 3.133
6990.000 3.145
6995.000 2.861
7000.000 2.386
7005.000 2.209
7010.000 1.861
7015.000 1.638
7020.000 1.550
7025.000 1.430
7030.000 1.365
7035.000 1.350
7040.000 1.290
7045.000 1.268
7050.000 1.294
7055.000 1.321
7060.000 1.308
7065.000 1.319
7070.000 1.331
7075.000 1.371
7080.000 1.445
7085.000 1.489
7090.000 1.616
7095.000 1.698
7100.000 1.928
7105.000 2.245
7110.000 2.436
7115.000 2.843
7120.000 3.019
7125.000 3.184
7130.000 2.976
7135.000 2.820
7140.000 2.341
7145.000 2.105
7150.000 1.714
7155.000 1.441
7160.000 1.362
7165.000 1.256
7170.000 1.182
7175.000 1.055
7180.000 0.964
7185.000 0.927
7190.000 0.872
7195.000 0.845
7200.000 0.812
7205.000 0.803
7210.000 0.837
7215.000 0.823
7220.000 0.820
7225.000 0.842
7230.000 0.852
7235.000 0.912
7240.000 0.980
7245.000 1.023
7250.000 1.148
7255.000 1.245
7260.000 1.464
7265.000 1.715
7270.000 1.860
7275.000 2.012
7280.000 1.992
7285.000 1.759
7290.000 1.512
7295.000 1.389
7300.000 1.187
7305.000 1.118
7310.000 1.017
7315.000 0.944
7320.000 0.918
7325.000 0.881
7330.000 0.866
7335.000 0.840
7340.000 0.838
7345.000 0.838
7350.000 0.861
7355.000 0.866
7360.000 0.917
7365.000 0.981
7370.000 1.019
7375.000 1.086
7380.000 1.105
7385.000 1.160
7390.000 1.258
7395.000 1.335
7400.000 1.404
7405.000 1.558
7410.000 1.701
7415.000 1.748
7420.000 1.711
7425.000 1.513
7430.000 1.385
7435.000 1.156
7440.000 0.987
7445.000 0.899
7450.000 0.786
7455.000 0.732
7460.000 0.638
7465.000 0.577
7470.000 0.546
7475.000 0.496
7480.000 0.475
7485.000 0.440
7490.000 0.412
7495.000 0.414
7500.000 0.416
7505.000 0.399
7510.000 0.385
7515.000 0.392
7520.000 0.393
7525.000 0.404
7530.000 0.411
7535.000 0.452
7540.000 0.520
7545.000 0.570
7550.000 0.676
7555.000 0.696
7560.000 0.676
7565.000 0.648
7570.000 0.591
7575.000 0.549
7580.000 0.537
7585.000 0.519
7590.000 0.526
7595.000 0.536
7600.000 0.534
7605.000 0.531
7610.000 0.549
7615.000 0.555
7620.000 0.572
7625.000 0.592
7630.000 0.607
7635.000 0.637
7640.000 0.648
7645.000 0.666
7650.000 0.663
7655.000 0.633
7660.000 0.566
7665.000 0.525
7670.000 0.442
7675.000 0.375
7680.000 0.348
7685.000 0.306
7690.000 0.286
7695.000 0.251
7700.000 0.216
7705.000 0.202
7710.000 0.185
7715.000 0.178
7720.000 0.171
7725.000 0.189
7730.000 0.203
7735.000 0.228
7740.000 0.244
7745.000 0.258
7750.000 0.270
7755.000 0.276
7760.000 0.288
7765.000 0.292
7770.000 0.297
7775.000 0.296
7780.000 0.294
7785.000 0.289
7790.000 0.288
7795.000 0.286
7800.000 0.291
7805.000 0.293
7810.000 0.295
7815.000 0.292
7820.000 0.295
7825.000 0.295
7830.000 0.298
7835.000 0.294
7840.000 0.299
7845.000 0.295
7850.000 0.287
7855.000 0.285
7860.000 0.284
7865.000 0.283
7870.000 0.283
7875.000 0.283
7880.000 0.282
7885.000 0.281
7890.000 0.281
7895.000 0.287
7900.000 0.284
7905.000 0.285
7910.000 0.282
7915.000 0.281
7920.000 0.280
7925.000 0.290
7930.000 0.295
7935.000 0.290
7940.000 0.292
7945.000 0.288
7950.000 0.285
7955.000 0.286
7960.000 0.286
7965.000 0.280
7970.000 0.284
7975.000 0.281
7980.000 0.278
7985.000 0.290
7990.000 0.289
7995.000 0.292
8000.000 0.283
8005.000 0.306
8010.000 0.309
8015.000 0.303
8020.000 0.288
8025.000 0.288
8030.000 0.299
8035.000 0.288
8040.000 0.286
8045.000 0.288
8050.000 0.290
8055.000 0.290
8060.000 0.293
8065.000 0.297
8070.000 0.289
8075.000 0.286
8080.000 0.287
8085.000 0.290
8090.000 0.291
8095.000 0.297
8100.000 0.301
8105.000 0.301
8110.000 0.292
8115.000 0.290
8120.000 0.287
8125.000 0.286
8130.000 0.286
8135.000 0.283
8140.000 0.285
8145.000 0.282
8150.000 0.285
8155.000 0.281
8160.000 0.281
8165.000 0.283
8170.000 0.282
8175.000 0.283
8180.000 0.283
8185.000 0.282
8190.000 0.283
8195.000 0.284
8200.000 0.283
8205.000 0.397
8210.000 0.430
8215.000 0.430
8220.000 0.381
8225.000 0.364
8230.000 0.332
8235.000 0.325
8240.000 0.315
8245.000 0.302
8250.000 0.299
8255.000 0.297
8260.000 0.299
8265.000 0.298
8270.000 0.297
8275.000 0.295
8280.000 0.296
8285.000 0.292
8290.000 0.293
8295.000 0.291
8300.000 0.294
8305.000 0.303
8310.000 0.299
8315.000 0.299
8320.000 0.305
8325.000 0.303
8330.000 0.303
8335.000 0.302
8340.000 0.298
8345.000 0.299
8350.000 0.295
8355.000 0.295
8360.000 0.291
8365.000 0.291
8370.000 0.293
8375.000 0.295
8380.000 0.300
8385.000 0.298
8390.000 0.294
8395.000 0.295
8400.000 0.303
8405.000 0.302
8410.000 0.298
8415.000 0.298
8420.000 0.294
8425.000 0.295
8430.000 0.294
8435.000 0.296
8440.000 0.305
8445.000 0.308
8450.000 0.310
8455.000 0.300
8460.000 0.296
8465.000 0.298
8470.000 0.297
8475.000 0.297
8480.000 0.296
8485.000 0.296
8490.000 0.294
8495.000 0.303
8500.000 0.304
8505.000 0.300
8510.000 0.297
8515.000 0.298
8520.000 0.300
8525.000 0.298
8530.000 0.300
8535.000 0.299
8540.000 0.300
8545.000 0.298
8550.000 0.298
8555.000 0.294
8560.000 0.295
8565.000 0.295
8570.000 0.302
8575.000 0.301
8580.000 0.298
8585.000 0.312
8590.000 0.309
8595.000 0.306
8600.000 0.304
8605.000 0.305
8610.000 0.304
8615.000 0.302
8620.000 0.297
8625.000 0.299
8630.000 0.300
8635.000 0.304
8640.000 0.304
8645.000 0.312
8650.000 0.313
8655.000 0.312
8660.000 0.313
8665.000 0.310
8670.000 0.307
8675.000 0.307
8680.000 0.303
8685.000 0.305
8690.000 0.302
8695.000 0.310
8700.000 0.308
8705.000 0.302
8710.000 0.301
8715.000 0.300
8720.000 0.302
8725.000 0.300
8730.000 0.302
8735.000 0.302
8740.000 0.300
8745.000 0.304
8750.000 0.303
8755.000 0.302
8760.000 0.301
8765.000 0.310
8770.000 0.311
8775.000 0.312
8780.000 0.313
8785.000 0.315
8790.000 0.310
8795.000 0.308
8800.000 0.310
8805.000 0.305
8810.000 0.309
8815.000 0.305
8820.000 0.316
8825.000 0.326
8830.000 0.299
8835.000 0.309
8840.000 0.323
8845.000 0.309
8850.000 0.310
8855.000 0.306
8860.000 0.311
8865.000 0.315
8870.000 0.321
8875.000 0.321
8880.000 0.318
8885.000 0.410
8890.000 0.452
8895.000 0.426
8900.000 0.412
8905.000 0.374
8910.000 0.359
8915.000 0.335
8920.000 0.320
8925.000 0.317
8930.000 0.311
8935.000 0.313
8940.000 0.305
8945.000 0.303
8950.000 0.304
8955.000 0.308
8960.000 0.305
8965.000 0.306
8970.000 0.302
8975.000 0.302
8980.000 0.300
8985.000 0.304
8990.000 0.308
8995.000 0.308
9000.000 0.310
9005.000 0.303
9010.000 0.303
9015.000 0.302
9020.000 0.311
9025.000 0.304
9030.000 0.305
9035.000 0.308
9040.000 0.309
9045.000 0.306
9050.000 0.306
9055.000 0.308
9060.000 0.306
9065.000 0.310
9070.000 0.301
9075.000 0.303
9080.000 0.305
9085.000 0.304
9090.000 0.306
9095.000 0.302
9100.000 0.304
9105.000 0.305
9110.000 0.309
9115.000 0.307
9120.000 0.305
9125.000 0.304
9130.000 0.305
9135.000 0.306
9140.000 0.305
9145.000 0.305
9150.000 0.307
9155.000 0.313
9160.000 0.311
9165.000 0.308
9170.000 0.316
9175.000 0.312
9180.000 0.324
9185.000 0.321
9190.000 0.315
9195.000 0.313
9200.000 0.311
9205.000 0.312
9210.000 0.317
9215.000 0.316
9220.000 0.313
9225.000 0.312
9230.000 0.314
9235.000 0.311
9240.000 0.309
9245.000 0.314
9250.000 0.310
9255.000 0.311
9260.000 0.310
9265.000 0.302
9270.000 0.302
9275.000 0.301
9280.000 0.303
9285.000 0.304
9290.000 0.302
9295.000 0.311
9300.000 0.312
9305.000 0.311
9310.000 0.314
9315.000 0.314
9320.000 0.312
9325.000 0.314
9330.000 0.313
9335.000 0.308
9340.000 0.308
9345.000 0.309
9350.000 0.306
9355.000 0.305
9360.000 0.306
9365.000 0.304
9370.000 0.306
9375.000 0.303
9380.000 0.306
9385.000 0.305
9390.000 0.305
9395.000 0.304
9400.000 0.301
9405.000 0.303
9410.000 0.302
9415.000 0.304
9420.000 0.305
9425.000 0.309
9430.000 0.308
9435.000 0.306
9440.000 0.305
9445.000 0.303
9450.000 0.304
9455.000 0.303
9460.000 0.303
9465.000 0.303
9470.000 0.302
9475.000 0.305
9480.000 0.307
9485.000 0.304
9490.000 0.305
9495.000 0.305
9500.000 0.304
9505.000 0.302
9510.000 0.305
9515.000 0.301
9520.000 0.304
9525.000 0.306
9530.000 0.315
9535.000 0.314
9540.000 0.309
9545.000 0.311
9550.000 0.308
9555.000 0.315
9560.000 0.318
9565.000 0.310
9570.000 0.309
9575.000 0.307
9580.000 0.307
9585.000 0.306
9590.000 0.308
9595.000 0.306
9600.000 0.304
9605.000 0.304
9610.000 0.307
9615.000 0.306
9620.000 0.305
9625.000 0.304
9630.000 0.429
9635.000 0.440
9640.000 0.426
9645.000 0.408
9650.000 0.371
9655.000 0.343
9660.000 0.337
9665.000 0.324
9670.000 0.321
9675.000 0.315
9680.000 0.309
9685.000 0.309
9690.000 0.312
9695.000 0.317
9700.000 0.311
9705.000 0.312
9710.000 0.309
9715.000 0.305
9720.000 0.306
9725.000 0.304
9730.000 0.302
9735.000 0.304
9740.000 0.307
9745.000 0.305
9750.000 0.307
9755.000 0.303
9760.000 0.303
9765.000 0.302
9770.000 0.305
9775.000 0.302
9780.000 0.301
9785.000 0.308
9790.000 0.302
9795.000 0.304
9800.000 0.302
9805.000 0.300
9810.000 0.303
9815.000 0.303
9820.000 0.302
9825.000 0.304
9830.000 0.306
9835.000 0.303
9840.000 0.305
9845.000 0.305
9850.000 0.304
9855.000 0.300
9860.000 0.304
9865.000 0.301
9870.000 0.304
9875.000 0.302
9880.000 0.300
9885.000 0.302
9890.000 0.307
9895.000 0.306
9900.000 0.303
9905.000 0.301
9910.000 0.302
9915.000 0.301
9920.000 0.307
9925.000 0.307
9930.000 0.306
9935.000 0.307
9940.000 0.304
9945.000 0.304
9950.000 0.306
9955.000 0.307
9960.000 0.311
9965.000 0.313
9970.000 0.309
9975.000 0.309
9980.000 0.311
9985.000 0.309
9990.000 0.312
9995.000 0.309
10000.000 0.325
10005.000 0.323
10010.000 0.325
10015.000 0.332
10020.000 0.338
10025.000 0.334
10030.000 0.332
10035.000 0.328
10040.000 0.300
10045.000 0.274
10050.000 0.193
10055.000 0.142
10060.000 0.040
10065.000 0.085
10070.000 0.165
10075.000 0.440
10080.000 0.622
10085.000 1.012
10090.000 1.374
10095.000 1.522
10100.000 1.711
10105.000 1.741
10110.000 1.785
10115.000 1.761
10120.000 1.747
10125.000 1.737
10130.000 1.741
10135.000 1.772
10140.000 1.832
10145.000 1.863
10150.000 1.943
10155.000 1.983
10160.000 2.015
10165.000 1.933
10170.000 1.824
10175.000 1.478
10180.000 1.295
10185.000 0.926
10190.000 0.652
10195.000 0.555
10200.000 0.412
10205.000 0.365
10210.000 0.296
10215.000 0.263
10220.000 0.258
10225.000 0.270
10230.000 0.288
10235.000 0.341
10240.000 0.446
10245.000 0.533
10250.000 0.769
10255.000 0.918
10260.000 1.259
10265.000 1.579
10270.000 1.688
10275.000 1.757
10280.000 1.725
10285.000 1.592
10290.000 1.417
10295.000 1.328
10300.000 1.173
10305.000 1.106
10310.000 0.996
10315.000 0.927
10320.000 0.894
10325.000 0.844
10330.000 0.826
10335.000 0.816
10340.000 0.829
10345.000 0.837
10350.000 0.872
10355.000 0.893
10360.000 0.964
10365.000 1.000
10370.000 1.040
10375.000 1.080
10380.000 1.092
10385.000 1.071
10390.000 0.979
10395.000 0.935
10400.000 0.764
10405.000 0.683
10410.000 0.538
10415.000 0.424
10420.000 0.376
10425.000 0.301
10430.000 0.269
10435.000 0.220
10440.000 0.184
10445.000 0.168
10450.000 0.145
10455.000 0.142
10460.000 0.136
10465.000 0.149
10470.000 0.161
10475.000 0.176
10480.000 0.227
10485.000 0.320
10490.000 0.469
10495.000 0.571
10500.000 0.830
10505.000 0.962
10510.000 1.235
10515.000 1.436
10520.000 1.496
10525.000 1.535
10530.000 1.514
10535.000 1.418
10540.000 1.357
10545.000 1.231
10550.000 1.104
10555.000 1.045
10560.000 0.946
10565.000 0.923
10570.000 0.844
10575.000 0.782
10580.000 0.758
10585.000 0.725
10590.000 0.707
10595.000 0.691
10600.000 0.690
10605.000 0.701
10610.000 0.713
10615.000 0.717
10620.000 0.724
10625.000 0.722
10630.000 0.721
10635.000 0.691
10640.000 0.664
10645.000 0.594
10650.000 0.494
10655.000 0.439
10660.000 0.339
10665.000 0.297
10670.000 0.280
10675.000 0.193
10680.000 0.209
10685.000 0.134
10690.000 0.118
10695.000 0.088
10700.000 0.074
10705.000 0.070
10710.000 0.060
10715.000 0.059
10720.000 0.067
10725.000 0.087
10730.000 0.104
10735.000 0.169
10740.000 0.224
10745.000 0.366
10750.000 0.531
10755.000 0.604
10760.000 0.731
10765.000 0.790
10770.000 0.851
10775.000 0.878
10780.000 0.867
10785.000 0.835
10790.000 0.818
10795.000 0.772
10800.000 0.735
10805.000 0.718
10810.000 0.679
10815.000 0.673
10820.000 0.641
10825.000 0.627
10830.000 0.596
10835.000 0.560
10840.000 0.537
10845.000 0.481
10850.000 0.520
10855.000 0.471
10860.000 0.372
10865.000 0.332
10870.000 0.276
10875.000 0.260
10880.000 0.239
10885.000 0.230
10890.000 0.228
10895.000 0.231
10900.000 0.236
10905.000 0.248
10910.000 0.269
10915.000 0.275
10920.000 0.283
10925.000 0.283
10930.000 0.286
10935.000 0.287
10940.000 0.288
10945.000 0.294
10950.000 0.296
10955.000 0.316
10960.000 0.382
10965.000 0.397
10970.000 0.371
10975.000 0.360
10980.000 0.333
10985.000 0.310
10990.000 0.307
10995.000 0.295
11000.000 0.289
11005.000 0.291
11010.000 0.288
11015.000 0.287
11020.000 0.286
11025.000 0.285
11030.000 0.289
11035.000 0.295
11040.000 0.293
11045.000 0.298
11050.000 0.290
11055.000 0.371
11060.000 0.389
11065.000 0.391
11070.000 0.359
11075.000 0.344
11080.000 0.323
11085.000 0.307
11090.000 0.297
11095.000 0.290
11100.000 0.286
11105.000 0.284
11110.000 0.282
11115.000 0.284
11120.000 0.284
11125.000 0.284
11130.000 0.284
11135.000 0.282
11140.000 0.280
11145.000 0.287
11150.000 0.288
11155.000 0.287
11160.000 0.287
11165.000 0.286
11170.000 0.291
11175.000 0.289
11180.000 0.288
11185.000 0.286
11190.000 0.287
11195.000 0.284
11200.000 0.282
11205.000 0.280
11210.000 0.283
11215.000 0.282
11220.000 0.282
11225.000 0.284
11230.000 0.282
11235.000 0.283
11240.000 0.282
11245.000 0.283
11250.000 0.283
11255.000 0.287
11260.000 0.286
11265.000 0.288
11270.000 0.284
11275.000 0.287
11280.000 0.289
11285.000 0.285
11290.000 0.283
11295.000 0.285
11300.000 0.284
11305.000 0.282
11310.000 0.284
11315.000 0.283
11320.000 0.281
11325.000 0.281
11330.000 0.281
11335.000 0.280
11340.000 0.278
11345.000 0.279
11350.000 0.276
11355.000 0.279
11360.000 0.281
11365.000 0.281
11370.000 0.284
11375.000 0.282
11380.000 0.283
11385.000 0.284
11390.000 0.282
11395.000 0.278
11400.000 0.282
11405.000 0.281
11410.000 0.281
11415.000 0.280
11420.000 0.276
11425.000 0.274
11430.000 0.273
11435.000 0.276
11440.000 0.275
11445.000 0.276
11450.000 0.276
11455.000 0.277
11460.000 0.277
11465.000 0.276
11470.000 0.276
11475.000 0.274
11480.000 0.278
11485.000 0.276
11490.000 0.281
11495.000 0.282
11500.000 0.280
11505.000 0.278
11510.000 0.279
11515.000 0.279
11520.000 0.282
11525.000 0.286
11530.000 0.282
11535.000 0.281
11540.000 0.280
11545.000 0.277
11550.000 0.277
11555.000 0.273
11560.000 0.277
11565.000 0.273
11570.000 0.273
11575.000 0.273
11580.000 0.272
11585.000 0.272
11590.000 0.273
11595.000 0.271
11600.000 0.277
11605.000 0.274
11610.000 0.275
11615.000 0.275
11620.000 0.274
11625.000 0.276
11630.000 0.274
11635.000 0.275
11640.000 0.272
11645.000 0.275
11650.000 0.275
11655.000 0.274
11660.000 0.270
11665.000 0.270
11670.000 0.270
11675.000 0.271
11680.000 0.271
11685.000 0.269
11690.000 0.264
11695.000 0.266
11700.000 0.270
11705.000 0.274
11710.000 0.274
11715.000 0.262
11720.000 0.266
11725.000 0.266
11730.000 0.268
11735.000 0.269
11740.000 0.271
11745.000 0.269
11750.000 0.270
11755.000 0.271
11760.000 0.269
11765.000 0.269
11770.000 0.267
11775.000 0.268
11780.000 0.269
11785.000 0.266
11790.000 0.252
11795.000 0.257
11800.000 0.259
11805.000 0.262
11810.000 0.261
11815.000 0.256
11820.000 0.262
11825.000 0.259
11830.000 0.262
11835.000 0.262
11840.000 0.260
11845.000 0.260
11850.000 0.260
11855.000 0.260
11860.000 0.260
11865.000 0.265
11870.000 0.262
11875.000 0.263
11880.000 0.266
11885.000 0.266
11890.000 0.267
11895.000 0.267
11900.000 0.265
11905.000 0.264
11910.000 0.264
11915.000 0.231
11920.000 0.251
11925.000 0.246
11930.000 0.239
11935.000 0.235
11940.000 0.239
11945.000 0.238
11950.000 0.237
11955.000 0.238
11960.000 0.232
11965.000 0.236
11970.000 0.236
11975.000 0.241
11980.000 0.240
11985.000 0.237
11990.000 0.239
11995.000 0.240
12000.000 0.241
