105.000 0.046
110.000 0.059
115.000 2.816
120.000 4.646
125.000 5.028
130.000 5.383
135.000 5.661
140.000 5.844
145.000 6.039
150.000 6.315
155.000 6.340
160.000 6.455
165.000 6.585
170.000 6.488
175.000 6.635
180.000 6.910
185.000 7.060
190.000 8.302
195.000 9.061
200.000 10.784
205.000 11.943
210.000 15.053
215.000 16.878
220.000 20.904
225.000 24.516
230.000 25.358
235.000 27.084
240.000 27.381
245.000 26.961
250.000 26.089
255.000 25.454
260.000 23.865
265.000 21.117
270.000 20.348
275.000 17.478
280.000 16.788
285.000 14.880
290.000 13.404
295.000 12.843
300.000 11.883
305.000 11.489
310.000 10.773
315.000 10.598
320.000 10.323
325.000 10.140
330.000 10.111
335.000 10.217
340.000 10.330
345.000 10.671
350.000 11.153
355.000 11.427
360.000 12.088
365.000 13.011
370.000 13.650
375.000 15.039
380.000 15.979
385.000 18.224
390.000 19.597
395.000 22.208
400.000 25.576
405.000 26.858
410.000 29.834
415.000 31.328
420.000 34.620
425.000 37.722
430.000 38.961
435.000 41.933
440.000 43.679
445.000 46.759
450.000 48.732
455.000 51.188
460.000 54.381
465.000 55.723
470.000 58.295
475.000 60.047
480.000 60.262
485.000 58.589
490.000 55.369
495.000 47.248
500.000 42.946
505.000 36.384
510.000 29.488
515.000 27.239
520.000 22.924
525.000 19.154
530.000 17.160
535.000 14.497
540.000 11.948
545.000 11.539
550.000 9.395
555.000 8.714
560.000 7.545
565.000 6.649
570.000 6.428
575.000 5.360
580.000 5.279
585.000 4.780
590.000 4.568
595.000 4.216
600.000 4.121
605.000 3.898
610.000 3.656
615.000 3.524
620.000 3.372
625.000 3.238
630.000 3.180
635.000 3.118
640.000 3.090
645.000 3.113
650.000 3.128
655.000 3.274
660.000 3.395
665.000 3.508
670.000 3.857
675.000 4.082
680.000 4.722
685.000 6.046
690.000 5.812
695.000 7.234
700.000 7.524
705.000 8.080
710.000 6.936
715.000 6.236
720.000 4.771
725.000 3.727
730.000 3.375
735.000 2.550
740.000 2.164
745.000 1.811
750.000 1.759
755.000 1.472
760.000 1.292
765.000 1.173
770.000 1.047
775.000 0.993
780.000 0.895
785.000 0.811
790.000 0.774
795.000 0.711
800.000 0.677
805.000 0.634
810.000 0.608
815.000 0.606
820.000 0.600
825.000 0.596
830.000 0.499
835.000 0.600
840.000 0.588
845.000 0.577
850.000 0.595
855.000 0.608
860.000 0.608
865.000 0.631
870.000 0.656
875.000 0.676
880.000 0.727
885.000 0.816
890.000 0.816
895.000 0.898
900.000 0.984
905.000 1.129
910.000 1.332
915.000 1.435
920.000 1.612
925.000 1.678
930.000 1.655
935.000 1.439
940.000 1.314
945.000 1.080
950.000 0.894
955.000 0.826
960.000 0.717
965.000 0.678
970.000 0.600
975.000 0.584
980.000 0.535
985.000 0.486
990.000 0.476
995.000 0.448
1000.000 0.411
1005.000 0.436
1010.000 0.408
1015.000 0.400
1020.000 0.398
1025.000 0.391
1030.000 0.382
1035.000 0.382
1040.000 0.379
1045.000 0.381
1050.000 0.382
1055.000 0.386
1060.000 0.397
1065.000 0.404
1070.000 0.418
1075.000 0.425
1080.000 0.452
1085.000 0.464
1090.000 0.495
1095.000 0.540
1100.000 0.566
1105.000 0.635
1110.000 0.720
1115.000 0.780
1120.000 0.913
1125.000 0.991
1130.000 1.165
1135.000 1.237
1140.000 1.263
1145.000 1.078
1150.000 0.993
1155.000 0.799
1160.000 0.715
1165.000 0.590
1170.000 0.500
1175.000 0.440
1180.000 0.411
1185.000 0.397
1190.000 0.351
1195.000 0.329
1200.000 0.318
1205.000 0.307
1210.000 0.289
1215.000 0.281
1220.000 0.276
1225.000 0.276
1230.000 0.271
1235.000 0.280
1240.000 0.278
1245.000 0.280
1250.000 0.290
1255.000 0.307
1260.000 0.307
1265.000 0.319
1270.000 0.358
1275.000 0.362
1280.000 0.383
1285.000 0.405
1290.000 0.458
1295.000 0.522
1300.000 0.566
1305.000 0.677
1310.000 0.842
1315.000 0.963
1320.000 1.321
1325.000 1.866
1330.000 2.170
1335.000 2.408
1340.000 2.506
1345.000 2.118
1350.000 1.860
1355.000 1.480
1360.000 1.333
1365.000 1.105
1370.000 1.022
1375.000 0.893
1380.000 0.741
1385.000 0.782
1390.000 0.701
1395.000 0.677
1400.000 0.643
1405.000 0.622
1410.000 0.610
1415.000 0.599
1420.000 0.586
1425.000 0.595
1430.000 0.602
1435.000 0.611
1440.000 0.636
1445.000 0.649
1450.000 0.700
1455.000 0.886
1460.000 0.965
1465.000 0.983
1470.000 1.015
1475.000 1.105
1480.000 1.254
1485.000 1.360
1490.000 1.701
1495.000 2.165
1500.000 2.416
1505.000 2.922
1510.000 3.070
1515.000 2.975
1520.000 2.706
1525.000 2.024
1530.000 1.489
1535.000 1.299
1540.000 1.009
1545.000 0.904
1550.000 0.745
1555.000 0.638
1560.000 0.558
1565.000 0.524
1570.000 0.463
1575.000 0.440
1580.000 0.408
1585.000 0.374
1590.000 0.372
1595.000 0.357
1600.000 0.352
1605.000 0.346
1610.000 0.347
1615.000 0.357
1620.000 0.365
1625.000 0.395
1630.000 0.454
1635.000 0.504
1640.000 0.615
1645.000 0.719
1650.000 0.973
1655.000 1.165
1660.000 1.159
1665.000 0.992
1670.000 0.767
1675.000 0.678
1680.000 0.542
1685.000 0.464
1690.000 0.435
1695.000 0.413
1700.000 0.391
1705.000 0.390
1710.000 0.391
1715.000 0.393
1720.000 0.415
1725.000 0.430
1730.000 0.481
1735.000 0.524
1740.000 0.654
1745.000 0.728
1750.000 0.864
1755.000 0.879
1760.000 0.695
1765.000 0.579
1770.000 0.476
1775.000 0.337
1780.000 0.252
1785.000 0.206
1790.000 0.187
1795.000 0.173
1800.000 0.156
1805.000 0.144
1810.000 0.135
1815.000 0.133
1820.000 0.130
1825.000 0.129
1830.000 0.127
1835.000 0.124
1840.000 0.124
1845.000 0.127
1850.000 0.125
1855.000 0.125
1860.000 0.124
1865.000 0.123
1870.000 0.126
1875.000 0.122
1880.000 0.124
1885.000 0.124
1890.000 0.124
1895.000 0.125
1900.000 0.123
1905.000 0.124
1910.000 0.124
1915.000 0.126
1920.000 0.124
1925.000 0.125
1930.000 0.124
1935.000 0.126
1940.000 0.123
1945.000 0.123
1950.000 0.123
1955.000 0.122
1960.000 0.124
1965.000 0.125
1970.000 0.125
1975.000 0.122
1980.000 0.124
1985.000 0.123
1990.000 0.128
1995.000 0.122
2000.000 0.126
2005.000 0.124
2010.000 0.130
2015.000 0.127
2020.000 0.137
2025.000 0.141
2030.000 0.140
2035.000 0.141
2040.000 0.135
2045.000 0.137
2050.000 0.139
2055.000 0.145
2060.000 0.153
2065.000 0.147
2070.000 0.148
2075.000 0.145
2080.000 0.142
2085.000 0.139
2090.000 0.140
2095.000 0.139
2100.000 0.138
2105.000 0.136
2110.000 0.135
2115.000 0.133
2120.000 0.136
2125.000 0.135
2130.000 0.135
2135.000 0.134
2140.000 0.134
2145.000 0.133
2150.000 0.134
2155.000 0.134
2160.000 0.136
2165.000 0.135
2170.000 0.134
2175.000 0.135
2180.000 0.135
2185.000 0.135
2190.000 0.134
2195.000 0.134
2200.000 0.135
2205.000 0.134
2210.000 0.136
2215.000 0.137
2220.000 0.136
2225.000 0.137
2230.000 0.136
2235.000 0.135
2240.000 0.135
2245.000 0.136
2250.000 0.134
2255.000 0.136
2260.000 0.136
2265.000 0.134
2270.000 0.137
2275.000 0.139
2280.000 0.139
2285.000 0.138
2290.000 0.137
2295.000 0.140
2300.000 0.143
2305.000 0.140
2310.000 0.141
2315.000 0.140
2320.000 0.138
2325.000 0.138
2330.000 0.143
2335.000 0.156
2340.000 0.151
2345.000 0.150
2350.000 0.151
2355.000 0.148
2360.000 0.146
2365.000 0.156
2370.000 0.174
2375.000 0.168
2380.000 0.162
2385.000 0.159
2390.000 0.155
2395.000 0.153
2400.000 0.151
2405.000 0.149
2410.000 0.148
2415.000 0.147
2420.000 0.147
2425.000 0.145
2430.000 0.146
2435.000 0.146
2440.000 0.147
2445.000 0.148
2450.000 0.148
2455.000 0.149
2460.000 0.151
2465.000 0.177
2470.000 0.180
2475.000 0.173
2480.000 0.168
2485.000 0.167
2490.000 0.180
2495.000 0.191
2500.000 0.182
2505.000 0.181
2510.000 0.192
2515.000 0.204
2520.000 0.206
2525.000 0.197
2530.000 0.187
2535.000 0.183
2540.000 0.183
2545.000 0.177
2550.000 0.189
2555.000 0.207
2560.000 0.196
2565.000 0.190
2570.000 0.184
2575.000 0.178
2580.000 0.176
2585.000 0.173
2590.000 0.172
2595.000 0.167
2600.000 0.173
2605.000 0.170
2610.000 0.169
2615.000 0.169
2620.000 0.168
2625.000 0.168
2630.000 0.170
2635.000 0.169
2640.000 0.170
2645.000 0.180
2650.000 0.216
2655.000 0.216
2660.000 0.202
2665.000 0.193
2670.000 0.189
2675.000 0.181
2680.000 0.193
2685.000 0.189
2690.000 0.187
2695.000 0.182
2700.000 0.177
2705.000 0.178
2710.000 0.176
2715.000 0.173
2720.000 0.178
2725.000 0.177
2730.000 0.197
2735.000 0.209
2740.000 0.204
2745.000 0.199
2750.000 0.190
2755.000 0.185
2760.000 0.183
2765.000 0.183
2770.000 0.180
2775.000 0.183
2780.000 0.179
2785.000 0.181
2790.000 0.180
2795.000 0.181
2800.000 0.183
2805.000 0.182
2810.000 0.182
2815.000 0.183
2820.000 0.185
2825.000 0.185
2830.000 0.185
2835.000 0.205
2840.000 0.243
2845.000 0.236
2850.000 0.289
2855.000 0.283
2860.000 0.255
2865.000 0.245
2870.000 0.228
2875.000 0.251
2880.000 0.254
2885.000 0.235
2890.000 0.230
2895.000 0.224
2900.000 0.224
2905.000 0.217
2910.000 0.211
2915.000 0.207
2920.000 0.201
2925.000 0.200
2930.000 0.210
2935.000 0.225
2940.000 0.242
2945.000 0.240
2950.000 0.227
2955.000 0.223
2960.000 0.212
2965.000 0.245
2970.000 0.237
2975.000 0.249
2980.000 0.244
2985.000 0.223
2990.000 0.235
2995.000 0.241
3000.000 0.222
3005.000 0.220
3010.000 0.217
3015.000 0.211
3020.000 0.199
3025.000 0.199
3030.000 0.198
3035.000 0.198
3040.000 0.208
3045.000 0.217
3050.000 0.202
3055.000 0.199
3060.000 0.195
3065.000 0.223
3070.000 0.226
3075.000 0.212
3080.000 0.210
3085.000 0.204
3090.000 0.205
3095.000 0.206
3100.000 0.204
3105.000 0.202
3110.000 0.202
3115.000 0.200
3120.000 0.199
3125.000 0.198
3130.000 0.198
3135.000 0.200
3140.000 0.198
3145.000 0.196
3150.000 0.198
3155.000 0.196
3160.000 0.194
3165.000 0.197
3170.000 0.222
3175.000 0.238
3180.000 0.260
3185.000 0.240
3190.000 0.233
3195.000 0.229
3200.000 0.223
3205.000 0.217
3210.000 0.212
3215.000 0.207
3220.000 0.204
3225.000 0.203
3230.000 0.199
3235.000 0.198
3240.000 0.206
3245.000 0.211
3250.000 0.207
3255.000 0.201
3260.000 0.217
3265.000 0.263
3270.000 0.257
3275.000 0.248
3280.000 0.237
3285.000 0.244
3290.000 0.236
3295.000 0.234
3300.000 0.229
3305.000 0.220
3310.000 0.223
3315.000 0.227
3320.000 0.227
3325.000 0.221
3330.000 0.215
3335.000 0.217
3340.000 0.213
3345.000 0.217
3350.000 0.223
3355.000 0.228
3360.000 0.239
3365.000 0.251
3370.000 0.265
3375.000 0.297
3380.000 0.322
3385.000 0.408
3390.000 0.481
3395.000 0.730
3400.000 1.223
3405.000 1.576
3410.000 2.628
3415.000 3.382
3420.000 4.982
3425.000 5.607
3430.000 6.086
3435.000 6.150
3440.000 6.135
3445.000 6.449
3450.000 6.693
3455.000 7.341
3460.000 7.722
3465.000 7.694
3470.000 7.208
3475.000 6.671
3480.000 5.638
3485.000 4.815
3490.000 4.493
3495.000 4.028
3500.000 3.796
3505.000 3.835
3510.000 3.945
3515.000 4.114
3520.000 4.638
3525.000 5.008
3530.000 5.889
3535.000 6.767
3540.000 7.074
3545.000 7.074
3550.000 6.134
3555.000 5.457
3560.000 4.198
3565.000 3.693
3570.000 2.899
3575.000 2.615
3580.000 2.301
3585.000 2.017
3590.000 1.917
3595.000 1.785
3600.000 1.742
3605.000 1.707
3610.000 1.735
3615.000 1.831
3620.000 1.917
3625.000 1.955
3630.000 2.113
3635.000 2.368
3640.000 2.543
3645.000 2.978
3650.000 3.212
3655.000 3.544
3660.000 3.410
3665.000 3.193
3670.000 2.631
3675.000 2.137
3680.000 1.954
3685.000 1.717
3690.000 1.600
3695.000 1.419
3700.000 1.350
3705.000 1.239
3710.000 1.172
3715.000 1.145
3720.000 1.123
3725.000 1.122
3730.000 1.126
3735.000 1.138
3740.000 1.185
3745.000 1.298
3750.000 1.397
3755.000 1.470
3760.000 1.591
3765.000 1.862
3770.000 2.313
3775.000 2.583
3780.000 3.252
3785.000 3.904
3790.000 4.095
3795.000 3.988
3800.000 3.317
3805.000 2.933
3810.000 2.280
3815.000 2.047
3820.000 1.693
3825.000 1.561
3830.000 1.358
3835.000 1.288
3840.000 1.178
3845.000 1.102
3850.000 1.071
3855.000 1.069
3860.000 1.059
3865.000 1.021
3870.000 1.009
3875.000 1.006
3880.000 1.019
3885.000 1.046
3890.000 1.095
3895.000 1.180
3900.000 1.211
3905.000 1.310
3910.000 1.476
3915.000 1.588
3920.000 1.800
3925.000 1.879
3930.000 1.892
3935.000 1.806
3940.000 1.545
3945.000 1.260
3950.000 1.147
3955.000 0.959
3960.000 0.884
3965.000 0.769
3970.000 0.711
3975.000 0.691
3980.000 0.647
3985.000 0.607
3990.000 0.600
3995.000 0.589
4000.000 0.606
4005.000 0.621
4010.000 0.623
4015.000 0.662
4020.000 0.731
4025.000 0.767
4030.000 0.868
4035.000 0.946
4040.000 1.133
4045.000 1.420
4050.000 1.602
4055.000 1.945
4060.000 2.097
4065.000 2.176
4070.000 1.892
4075.000 1.686
4080.000 1.322
4085.000 1.180
4090.000 0.956
4095.000 0.817
4100.000 0.767
4105.000 0.694
4110.000 0.672
4115.000 0.631
4120.000 0.607
4125.000 0.597
4130.000 0.616
4135.000 0.632
4140.000 0.615
4145.000 0.601
4150.000 0.642
4155.000 0.676
4160.000 0.669
4165.000 0.663
4170.000 0.646
4175.000 0.624
4180.000 0.553
4185.000 0.442
4190.000 0.381
4195.000 0.291
4200.000 0.269
4205.000 0.247
4210.000 0.238
4215.000 0.234
4220.000 0.238
4225.000 0.250
4230.000 0.258
4235.000 0.268
4240.000 0.299
4245.000 0.356
4250.000 0.375
4255.000 0.421
4260.000 0.458
4265.000 0.582
4270.000 0.698
4275.000 0.707
4280.000 0.636
4285.000 0.524
4290.000 0.476
4295.000 0.406
4300.000 0.379
4305.000 0.370
4310.000 0.355
4315.000 0.332
4320.000 0.295
4325.000 0.269
4330.000 0.228
4335.000 0.212
4340.000 0.206
4345.000 0.210
4350.000 0.217
4355.000 0.222
4360.000 0.225
4365.000 0.228
4370.000 0.227
4375.000 0.228
4380.000 0.229
4385.000 0.230
4390.000 0.232
4395.000 0.229
4400.000 0.232
4405.000 0.230
4410.000 0.231
4415.000 0.232
4420.000 0.233
4425.000 0.235
4430.000 0.234
4435.000 0.233
4440.000 0.234
4445.000 0.232
4450.000 0.231
4455.000 0.233
4460.000 0.233
4465.000 0.231
4470.000 0.239
4475.000 0.239
4480.000 0.239
4485.000 0.246
4490.000 0.246
4495.000 0.242
4500.000 0.240
4505.000 0.263
4510.000 0.259
4515.000 0.254
4520.000 0.252
4525.000 0.249
4530.000 0.248
4535.000 0.249
4540.000 0.251
4545.000 0.249
4550.000 0.245
4555.000 0.257
4560.000 0.270
4565.000 0.287
4570.000 0.277
4575.000 0.271
4580.000 0.264
4585.000 0.257
4590.000 0.257
4595.000 0.251
4600.000 0.250
4605.000 0.250
4610.000 0.246
4615.000 0.248
4620.000 0.244
4625.000 0.243
4630.000 0.241
4635.000 0.240
4640.000 0.242
4645.000 0.242
4650.000 0.241
4655.000 0.240
4660.000 0.240
4665.000 0.243
4670.000 0.240
4675.000 0.241
4680.000 0.240
4685.000 0.242
4690.000 0.240
4695.000 0.240
4700.000 0.241
4705.000 0.242
4710.000 0.251
4715.000 0.301
4720.000 0.298
4725.000 0.293
4730.000 0.284
4735.000 0.279
4740.000 0.274
4745.000 0.270
4750.000 0.264
4755.000 0.262
4760.000 0.260
4765.000 0.256
4770.000 0.255
4775.000 0.254
4780.000 0.252
4785.000 0.250
4790.000 0.251
4795.000 0.248
4800.000 0.247
4805.000 0.246
4810.000 0.248
4815.000 0.248
4820.000 0.247
4825.000 0.246
4830.000 0.245
4835.000 0.244
4840.000 0.245
4845.000 0.246
4850.000 0.252
4855.000 0.258
4860.000 0.256
4865.000 0.258
4870.000 0.259
4875.000 0.256
4880.000 0.258
4885.000 0.295
4890.000 0.289
4895.000 0.284
4900.000 0.280
4905.000 0.273
4910.000 0.276
4915.000 0.289
4920.000 0.288
4925.000 0.277
4930.000 0.276
4935.000 0.271
4940.000 0.271
4945.000 0.287
4950.000 0.298
4955.000 0.289
4960.000 0.287
4965.000 0.279
4970.000 0.281
4975.000 0.264
4980.000 0.268
4985.000 0.292
4990.000 0.302
4995.000 0.296
5000.000 0.297
5005.000 0.278
5010.000 0.276
5015.000 0.266
5020.000 0.280
5025.000 0.264
5030.000 0.262
5035.000 0.263
5040.000 0.267
5045.000 0.266
5050.000 0.263
5055.000 0.299
5060.000 0.306
5065.000 0.300
5070.000 0.289
5075.000 0.282
5080.000 0.276
5085.000 0.277
5090.000 0.273
5095.000 0.274
5100.000 0.269
5105.000 0.269
5110.000 0.267
5115.000 0.263
5120.000 0.262
5125.000 0.264
5130.000 0.281
5135.000 0.324
5140.000 0.310
5145.000 0.307
5150.000 0.294
5155.000 0.290
5160.000 0.293
5165.000 0.286
5170.000 0.285
5175.000 0.278
5180.000 0.278
5185.000 0.273
5190.000 0.269
5195.000 0.271
5200.000 0.270
5205.000 0.270
5210.000 0.285
5215.000 0.282
5220.000 0.277
5225.000 0.274
5230.000 0.280
5235.000 0.276
5240.000 0.279
5245.000 0.286
5250.000 0.282
5255.000 0.280
5260.000 0.282
5265.000 0.278
5270.000 0.276
5275.000 0.278
5280.000 0.274
5285.000 0.271
5290.000 0.269
5295.000 0.270
5300.000 0.269
5305.000 0.272
5310.000 0.269
5315.000 0.272
5320.000 0.267
5325.000 0.271
5330.000 0.281
5335.000 0.312
5340.000 0.315
5345.000 0.308
5350.000 0.301
5355.000 0.301
5360.000 0.311
5365.000 0.300
5370.000 0.296
5375.000 0.291
5380.000 0.286
5385.000 0.283
5390.000 0.286
5395.000 0.317
5400.000 0.308
5405.000 0.300
5410.000 0.296
5415.000 0.290
5420.000 0.286
5425.000 0.296
5430.000 0.297
5435.000 0.297
5440.000 0.291
5445.000 0.292
5450.000 0.293
5455.000 0.291
5460.000 0.292
5465.000 0.290
5470.000 0.285
5475.000 0.284
5480.000 0.286
5485.000 0.282
5490.000 0.282
5495.000 0.282
5500.000 0.281
5505.000 0.283
5510.000 0.282
5515.000 0.279
5520.000 0.278
5525.000 0.297
5530.000 0.298
5535.000 0.291
5540.000 0.286
5545.000 0.284
5550.000 0.287
5555.000 0.286
5560.000 0.283
5565.000 0.280
5570.000 0.282
5575.000 0.285
5580.000 0.285
5585.000 0.306
5590.000 0.300
5595.000 0.296
5600.000 0.293
5605.000 0.290
5610.000 0.297
5615.000 0.295
5620.000 0.288
5625.000 0.290
5630.000 0.290
5635.000 0.289
5640.000 0.290
5645.000 0.288
5650.000 0.293
5655.000 0.293
5660.000 0.289
5665.000 0.292
5670.000 0.288
5675.000 0.323
5680.000 0.326
5685.000 0.320
5690.000 0.314
5695.000 0.309
5700.000 0.305
5705.000 0.301
5710.000 0.296
5715.000 0.291
5720.000 0.296
5725.000 0.323
5730.000 0.327
5735.000 0.324
5740.000 0.321
5745.000 0.315
5750.000 0.307
5755.000 0.305
5760.000 0.303
5765.000 0.299
5770.000 0.298
5775.000 0.293
5780.000 0.293
5785.000 0.295
5790.000 0.295
5795.000 0.292
5800.000 0.296
5805.000 0.292
5810.000 0.310
5815.000 0.337
5820.000 0.328
5825.000 0.329
5830.000 0.322
5835.000 0.317
5840.000 0.317
5845.000 0.310
5850.000 0.304
5855.000 0.312
5860.000 0.341
5865.000 0.340
5870.000 0.329
5875.000 0.323
5880.000 0.317
5885.000 0.314
5890.000 0.307
5895.000 0.305
5900.000 0.307
5905.000 0.304
5910.000 0.300
5915.000 0.301
5920.000 0.307
5925.000 0.329
5930.000 0.342
5935.000 0.342
5940.000 0.341
5945.000 0.333
5950.000 0.329
5955.000 0.324
5960.000 0.349
5965.000 0.341
5970.000 0.331
5975.000 0.322
5980.000 0.322
5985.000 0.314
5990.000 0.315
5995.000 0.313
6000.000 0.310
6005.000 0.310
6010.000 0.304
6015.000 0.303
6020.000 0.320
6025.000 0.309
6030.000 0.309
6035.000 0.308
6040.000 0.302
6045.000 0.305
6050.000 0.305
6055.000 0.308
6060.000 0.309
6065.000 0.310
6070.000 0.309
6075.000 0.315
6080.000 0.316
6085.000 0.314
6090.000 0.313
6095.000 0.308
6100.000 0.310
6105.000 0.326
6110.000 0.325
6115.000 0.322
6120.000 0.324
6125.000 0.324
6130.000 0.319
6135.000 0.320
6140.000 0.317
6145.000 0.316
6150.000 0.313
6155.000 0.315
6160.000 0.317
6165.000 0.316
6170.000 0.316
6175.000 0.333
6180.000 0.325
6185.000 0.321
6190.000 0.329
6195.000 0.323
6200.000 0.319
6205.000 0.332
6210.000 0.327
6215.000 0.324
6220.000 0.324
6225.000 0.318
6230.000 0.318
6235.000 0.319
6240.000 0.322
6245.000 0.338
6250.000 0.349
6255.000 0.341
6260.000 0.336
6265.000 0.334
6270.000 0.330
6275.000 0.329
6280.000 0.323
6285.000 0.318
6290.000 0.322
6295.000 0.327
6300.000 0.322
6305.000 0.323
6310.000 0.332
6315.000 0.355
6320.000 0.347
6325.000 0.341
6330.000 0.335
6335.000 0.325
6340.000 0.322
6345.000 0.320
6350.000 0.326
6355.000 0.357
6360.000 0.357
6365.000 0.352
6370.000 0.341
6375.000 0.339
6380.000 0.327
6385.000 0.327
6390.000 0.326
6395.000 0.323
6400.000 0.323
6405.000 0.321
6410.000 0.321
6415.000 0.319
6420.000 0.316
6425.000 0.320
6430.000 0.318
6435.000 0.319
6440.000 0.322
6445.000 0.320
6450.000 0.323
6455.000 0.322
6460.000 0.322
6465.000 0.331
6470.000 0.355
6475.000 0.349
6480.000 0.345
6485.000 0.348
6490.000 0.347
6495.000 0.338
6500.000 0.336
6505.000 0.351
6510.000 0.354
6515.000 0.348
6520.000 0.342
6525.000 0.339
6530.000 0.338
6535.000 0.343
6540.000 0.343
6545.000 0.338
6550.000 0.333
6555.000 0.332
6560.000 0.329
6565.000 0.326
6570.000 0.328
6575.000 0.331
6580.000 0.325
6585.000 0.324
6590.000 0.326
6595.000 0.325
6600.000 0.332
6605.000 0.339
6610.000 0.333
6615.000 0.332
6620.000 0.330
6625.000 0.329
6630.000 0.325
6635.000 0.324
6640.000 0.325
6645.000 0.325
6650.000 0.322
6655.000 0.322
6660.000 0.321
6665.000 0.318
6670.000 0.320
6675.000 0.321
6680.000 0.321
6685.000 0.319
6690.000 0.326
6695.000 0.323
6700.000 0.326
6705.000 0.325
6710.000 0.323
6715.000 0.322
6720.000 0.326
6725.000 0.325
6730.000 0.328
6735.000 0.340
6740.000 0.340
6745.000 0.336
6750.000 0.341
6755.000 0.371
6760.000 0.373
6765.000 0.378
6770.000 0.386
6775.000 0.391
6780.000 0.443
6785.000 0.475
6790.000 0.535
6795.000 0.669
6800.000 0.770
6805.000 1.115
6810.000 1.372
6815.000 2.034
6820.000 2.490
6825.000 2.687
6830.000 3.188
6835.000 3.476
6840.000 4.244
6845.000 4.987
6850.000 5.148
6855.000 5.106
6860.000 5.095
6865.000 5.181
6870.000 5.541
6875.000 5.794
6880.000 6.356
6885.000 6.764
6890.000 6.797
6895.000 6.743
6900.000 6.302
6905.000 5.069
6910.000 4.494
6915.000 3.615
6920.000 3.043
6925.000 2.834
6930.000 2.567
6935.000 2.503
6940.000 2.470
6945.000 2.556
6950.000 2.737
6955.000 3.057
6960.000 3.177
6965.000 3.337
6970.000 3.024
6975.000 2.782
6980.000 2.391
6985.000 2.254
6990.000 2.067
6995.000 1.966
7000.000 1.914
7005.000 1.913
7010.000 1.937
7015.000 2.131
7020.000 2.161
7025.000 2.324
7030.000 2.570
7035.000 2.712
7040.000 3.064
7045.000 3.264
7050.000 3.261
7055.000 3.018
7060.000 2.787
7065.000 2.343
7070.000 1.992
7075.000 1.843
7080.000 1.621
7085.000 1.562
7090.000 1.492
7095.000 1.443
7100.000 1.362
7105.000 1.332
7110.000 1.338
7115.000 1.357
7120.000 1.392
7125.000 1.497
7130.000 1.686
7135.000 1.898
7140.000 1.978
7145.000 2.039
7150.000 1.979
7155.000 1.730
7160.000 1.609
7165.000 1.418
7170.000 1.374
7175.000 1.325
7180.000 1.247
7185.000 1.222
7190.000 1.200
7195.000 1.204
7200.000 1.238
7205.000 1.298
7210.000 1.392
7215.000 1.482
7220.000 1.583
7225.000 1.753
7230.000 1.880
7235.000 1.899
7240.000 1.875
7245.000 1.631
7250.000 1.484
7255.000 1.217
7260.000 1.110
7265.000 0.933
7270.000 0.867
7275.000 0.765
7280.000 0.692
7285.000 0.659
7290.000 0.604
7295.000 0.588
7300.000 0.566
7305.000 0.557
7310.000 0.563
7315.000 0.589
7320.000 0.614
7325.000 0.647
7330.000 0.667
7335.000 0.656
7340.000 0.631
7345.000 0.627
7350.000 0.652
7355.000 0.699
7360.000 0.701
7365.000 0.743
7370.000 0.801
7375.000 0.805
7380.000 0.777
7385.000 0.748
7390.000 0.662
7395.000 0.545
7400.000 0.487
7405.000 0.388
7410.000 0.349
7415.000 0.277
7420.000 0.254
7425.000 0.209
7430.000 0.206
7435.000 0.214
7440.000 0.235
7445.000 0.261
7450.000 0.280
7455.000 0.285
7460.000 0.286
7465.000 0.286
7470.000 0.286
7475.000 0.302
7480.000 0.301
7485.000 0.300
7490.000 0.298
7495.000 0.295
7500.000 0.293
7505.000 0.288
7510.000 0.288
7515.000 0.289
7520.000 0.286
7525.000 0.290
7530.000 0.290
7535.000 0.288
7540.000 0.288
7545.000 0.287
7550.000 0.289
7555.000 0.288
7560.000 0.288
7565.000 0.288
7570.000 0.286
7575.000 0.286
7580.000 0.287
7585.000 0.290
7590.000 0.288
7595.000 0.287
7600.000 0.288
7605.000 0.289
7610.000 0.290
7615.000 0.289
7620.000 0.289
7625.000 0.289
7630.000 0.292
7635.000 0.310
7640.000 0.310
7645.000 0.305
7650.000 0.302
7655.000 0.304
7660.000 0.301
7665.000 0.311
7670.000 0.313
7675.000 0.309
7680.000 0.306
7685.000 0.308
7690.000 0.311
7695.000 0.305
7700.000 0.307
7705.000 0.319
7710.000 0.317
7715.000 0.312
7720.000 0.308
7725.000 0.308
7730.000 0.308
7735.000 0.309
7740.000 0.307
7745.000 0.318
7750.000 0.318
7755.000 0.319
7760.000 0.318
7765.000 0.316
7770.000 0.318
7775.000 0.311
7780.000 0.311
7785.000 0.311
7790.000 0.306
7795.000 0.310
7800.000 0.311
7805.000 0.314
7810.000 0.311
7815.000 0.312
7820.000 0.308
7825.000 0.311
7830.000 0.312
7835.000 0.311
7840.000 0.313
7845.000 0.314
7850.000 0.312
7855.000 0.310
7860.000 0.310
7865.000 0.306
7870.000 0.307
7875.000 0.303
7880.000 0.303
7885.000 0.306
7890.000 0.305
7895.000 0.307
7900.000 0.304
7905.000 0.302
7910.000 0.303
7915.000 0.301
7920.000 0.299
7925.000 0.302
7930.000 0.303
7935.000 0.302
7940.000 0.304
7945.000 0.304
7950.000 0.305
7955.000 0.300
7960.000 0.300
7965.000 0.304
7970.000 0.303
7975.000 0.321
7980.000 0.321
7985.000 0.315
7990.000 0.309
7995.000 0.312
8000.000 0.304
8005.000 0.317
8010.000 0.312
8015.000 0.314
8020.000 0.304
8025.000 0.316
8030.000 0.309
8035.000 0.312
8040.000 0.310
8045.000 0.308
8050.000 0.316
8055.000 0.304
8060.000 0.310
8065.000 0.308
8070.000 0.316
8075.000 0.312
8080.000 0.310
8085.000 0.306
8090.000 0.301
8095.000 0.300
8100.000 0.299
8105.000 0.300
8110.000 0.308
8115.000 0.304
8120.000 0.304
8125.000 0.305
8130.000 0.303
8135.000 0.302
8140.000 0.312
8145.000 0.314
8150.000 0.307
8155.000 0.309
8160.000 0.308
8165.000 0.305
8170.000 0.302
8175.000 0.304
8180.000 0.308
8185.000 0.303
8190.000 0.304
8195.000 0.303
8200.000 0.302
8205.000 0.303
8210.000 0.310
8215.000 0.309
8220.000 0.310
8225.000 0.315
8230.000 0.316
8235.000 0.309
8240.000 0.308
8245.000 0.310
8250.000 0.306
8255.000 0.302
8260.000 0.300
8265.000 0.303
8270.000 0.301
8275.000 0.306
8280.000 0.305
8285.000 0.307
8290.000 0.304
8295.000 0.304
8300.000 0.302
8305.000 0.307
8310.000 0.306
8315.000 0.311
8320.000 0.305
8325.000 0.307
8330.000 0.319
8335.000 0.321
8340.000 0.319
8345.000 0.317
8350.000 0.311
8355.000 0.317
8360.000 0.317
8365.000 0.313
8370.000 0.311
8375.000 0.319
8380.000 0.313
8385.000 0.319
8390.000 0.316
8395.000 0.313
8400.000 0.308
8405.000 0.307
8410.000 0.306
8415.000 0.308
8420.000 0.302
8425.000 0.305
8430.000 0.307
8435.000 0.304
8440.000 0.305
8445.000 0.304
8450.000 0.307
8455.000 0.306
8460.000 0.305
8465.000 0.304
8470.000 0.302
8475.000 0.302
8480.000 0.302
8485.000 0.302
8490.000 0.309
8495.000 0.322
8500.000 0.322
8505.000 0.322
8510.000 0.318
8515.000 0.315
8520.000 0.318
8525.000 0.314
8530.000 0.309
8535.000 0.311
8540.000 0.312
8545.000 0.311
8550.000 0.313
8555.000 0.309
8560.000 0.323
8565.000 0.324
8570.000 0.321
8575.000 0.319
8580.000 0.319
8585.000 0.317
8590.000 0.314
8595.000 0.312
8600.000 0.321
8605.000 0.319
8610.000 0.316
8615.000 0.318
8620.000 0.324
8625.000 0.326
8630.000 0.322
8635.000 0.322
8640.000 0.320
8645.000 0.319
8650.000 0.319
8655.000 0.314
8660.000 0.325
8665.000 0.324
8670.000 0.319
8675.000 0.320
8680.000 0.318
8685.000 0.316
8690.000 0.314
8695.000 0.314
8700.000 0.315
8705.000 0.311
8710.000 0.312
8715.000 0.309
8720.000 0.310
8725.000 0.312
8730.000 0.309
8735.000 0.310
8740.000 0.310
8745.000 0.309
8750.000 0.312
8755.000 0.310
8760.000 0.314
8765.000 0.315
8770.000 0.319
8775.000 0.316
8780.000 0.317
8785.000 0.329
8790.000 0.331
8795.000 0.332
8800.000 0.328
8805.000 0.324
8810.000 0.323
8815.000 0.322
8820.000 0.329
8825.000 0.313
8830.000 0.305
8835.000 0.328
8840.000 0.324
8845.000 0.320
8850.000 0.317
8855.000 0.318
8860.000 0.316
8865.000 0.317
8870.000 0.312
8875.000 0.313
8880.000 0.312
8885.000 0.313
8890.000 0.313
8895.000 0.309
8900.000 0.312
8905.000 0.311
8910.000 0.318
8915.000 0.316
8920.000 0.315
8925.000 0.316
8930.000 0.323
8935.000 0.320
8940.000 0.320
8945.000 0.318
8950.000 0.320
8955.000 0.320
8960.000 0.315
8965.000 0.318
8970.000 0.317
8975.000 0.321
8980.000 0.334
8985.000 0.326
8990.000 0.321
8995.000 0.319
9000.000 0.329
9005.000 0.317
9010.000 0.317
9015.000 0.314
9020.000 0.324
9025.000 0.316
9030.000 0.324
9035.000 0.319
9040.000 0.319
9045.000 0.320
9050.000 0.316
9055.000 0.319
9060.000 0.319
9065.000 0.322
9070.000 0.323
9075.000 0.322
9080.000 0.315
9085.000 0.319
9090.000 0.318
9095.000 0.323
9100.000 0.331
9105.000 0.334
9110.000 0.328
9115.000 0.327
9120.000 0.326
9125.000 0.323
9130.000 0.323
9135.000 0.321
9140.000 0.318
9145.000 0.321
9150.000 0.317
9155.000 0.316
9160.000 0.316
9165.000 0.318
9170.000 0.315
9175.000 0.318
9180.000 0.320
9185.000 0.322
9190.000 0.324
9195.000 0.320
9200.000 0.320
9205.000 0.320
9210.000 0.323
9215.000 0.321
9220.000 0.322
9225.000 0.321
9230.000 0.321
9235.000 0.323
9240.000 0.321
9245.000 0.323
9250.000 0.322
9255.000 0.320
9260.000 0.322
9265.000 0.322
9270.000 0.334
9275.000 0.334
9280.000 0.327
9285.000 0.329
9290.000 0.324
9295.000 0.323
9300.000 0.326
9305.000 0.324
9310.000 0.329
9315.000 0.330
9320.000 0.332
9325.000 0.328
9330.000 0.325
9335.000 0.326
9340.000 0.323
9345.000 0.324
9350.000 0.324
9355.000 0.319
9360.000 0.318
9365.000 0.316
9370.000 0.320
9375.000 0.322
9380.000 0.318
9385.000 0.322
9390.000 0.331
9395.000 0.328
9400.000 0.328
9405.000 0.325
9410.000 0.326
9415.000 0.328
9420.000 0.329
9425.000 0.325
9430.000 0.330
9435.000 0.329
9440.000 0.331
9445.000 0.326
9450.000 0.325
9455.000 0.325
9460.000 0.322
9465.000 0.331
9470.000 0.334
9475.000 0.334
9480.000 0.333
9485.000 0.332
9490.000 0.326
9495.000 0.326
9500.000 0.326
9505.000 0.322
9510.000 0.323
9515.000 0.319
9520.000 0.321
9525.000 0.321
9530.000 0.319
9535.000 0.318
9540.000 0.317
9545.000 0.317
9550.000 0.319
9555.000 0.320
9560.000 0.321
9565.000 0.319
9570.000 0.319
9575.000 0.316
9580.000 0.317
9585.000 0.316
9590.000 0.316
9595.000 0.317
9600.000 0.317
9605.000 0.319
9610.000 0.317
9615.000 0.318
9620.000 0.317
9625.000 0.317
9630.000 0.317
9635.000 0.317
9640.000 0.318
9645.000 0.319
9650.000 0.318
9655.000 0.320
9660.000 0.316
9665.000 0.319
9670.000 0.320
9675.000 0.321
9680.000 0.318
9685.000 0.315
9690.000 0.317
9695.000 0.320
9700.000 0.320
9705.000 0.316
9710.000 0.318
9715.000 0.317
9720.000 0.316
9725.000 0.316
9730.000 0.314
9735.000 0.317
9740.000 0.319
9745.000 0.316
9750.000 0.314
9755.000 0.315
9760.000 0.314
9765.000 0.315
9770.000 0.316
9775.000 0.315
9780.000 0.318
9785.000 0.319
9790.000 0.319
9795.000 0.316
9800.000 0.314
9805.000 0.320
9810.000 0.324
9815.000 0.335
9820.000 0.332
9825.000 0.327
9830.000 0.325
9835.000 0.322
9840.000 0.319
9845.000 0.318
9850.000 0.327
9855.000 0.327
9860.000 0.326
9865.000 0.324
9870.000 0.323
9875.000 0.321
9880.000 0.321
9885.000 0.323
9890.000 0.318
9895.000 0.322
9900.000 0.315
9905.000 0.316
9910.000 0.322
9915.000 0.327
9920.000 0.325
9925.000 0.323
9930.000 0.320
9935.000 0.322
9940.000 0.317
9945.000 0.319
9950.000 0.316
9955.000 0.316
9960.000 0.318
9965.000 0.322
9970.000 0.321
9975.000 0.322
9980.000 0.320
9985.000 0.319
9990.000 0.316
9995.000 0.321
10000.000 0.322
10005.000 0.318
10010.000 0.316
10015.000 0.320
10020.000 0.325
10025.000 0.319
10030.000 0.320
10035.000 0.317
10040.000 0.324
10045.000 0.319
10050.000 0.320
10055.000 0.328
10060.000 0.320
10065.000 0.324
10070.000 0.325
10075.000 0.327
10080.000 0.321
10085.000 0.321
10090.000 0.321
10095.000 0.320
10100.000 0.318
10105.000 0.322
10110.000 0.322
10115.000 0.321
10120.000 0.322
10125.000 0.321
10130.000 0.322
10135.000 0.322
10140.000 0.323
10145.000 0.322
10150.000 0.322
10155.000 0.321
10160.000 0.322
10165.000 0.297
10170.000 0.277
10175.000 0.211
10180.000 0.101
10185.000 0.077
10190.000 0.262
10195.000 0.495
10200.000 1.053
10205.000 1.488
10210.000 1.645
10215.000 1.832
10220.000 1.933
10225.000 1.991
10230.000 2.038
10235.000 2.045
10240.000 2.008
10245.000 1.853
10250.000 1.718
10255.000 1.356
10260.000 1.157
10265.000 0.829
10270.000 0.705
10275.000 0.568
10280.000 0.535
10285.000 0.536
10290.000 0.609
10295.000 0.699
10300.000 1.025
10305.000 1.217
10310.000 1.542
10315.000 1.688
10320.000 1.676
10325.000 1.604
10330.000 1.542
10335.000 1.407
10340.000 1.296
10345.000 1.214
10350.000 1.190
10355.000 1.163
10360.000 1.133
10365.000 1.114
10370.000 1.102
10375.000 1.094
10380.000 1.070
10385.000 0.973
10390.000 0.804
10395.000 0.711
10400.000 0.564
10405.000 0.441
10410.000 0.387
10415.000 0.310
10420.000 0.270
10425.000 0.264
10430.000 0.266
10435.000 0.298
10440.000 0.374
10445.000 0.442
10450.000 0.666
10455.000 0.819
10460.000 1.123
10465.000 1.345
10470.000 1.399
10475.000 1.399
10480.000 1.358
10485.000 1.244
10490.000 1.129
10495.000 1.080
10500.000 0.991
10505.000 0.963
10510.000 0.917
10515.000 0.872
10520.000 0.852
10525.000 0.814
10530.000 0.799
10535.000 0.758
10540.000 0.681
10545.000 0.619
10550.000 0.488
10555.000 0.366
10560.000 0.310
10565.000 0.212
10570.000 0.171
10575.000 0.101
10580.000 0.068
10585.000 0.009
10590.000 0.059
10595.000 0.096
10600.000 0.237
10605.000 0.365
10610.000 0.645
10615.000 0.829
10620.000 0.883
10625.000 0.955
10630.000 0.971
10635.000 0.981
10640.000 0.980
10645.000 0.975
10650.000 0.956
10655.000 0.949
10660.000 0.905
10665.000 0.808
10670.000 0.739
10675.000 0.603
10680.000 0.534
10685.000 0.430
10690.000 0.372
10695.000 0.356
10700.000 0.346
10705.000 0.358
10710.000 0.366
10715.000 0.376
10720.000 0.377
10725.000 0.378
10730.000 0.376
10735.000 0.363
10740.000 0.351
10745.000 0.343
10750.000 0.331
10755.000 0.325
10760.000 0.316
10765.000 0.315
10770.000 0.312
10775.000 0.315
10780.000 0.314
10785.000 0.315
10790.000 0.313
10795.000 0.315
10800.000 0.313
10805.000 0.314
10810.000 0.315
10815.000 0.316
10820.000 0.316
10825.000 0.315
10830.000 0.313
10835.000 0.317
10840.000 0.316
10845.000 0.318
10850.000 0.319
10855.000 0.317
10860.000 0.321
10865.000 0.317
10870.000 0.317
10875.000 0.315
10880.000 0.320
10885.000 0.321
10890.000 0.317
10895.000 0.320
10900.000 0.325
10905.000 0.322
10910.000 0.320
10915.000 0.322
10920.000 0.319
10925.000 0.317
10930.000 0.317
10935.000 0.318
10940.000 0.317
10945.000 0.318
10950.000 0.313
10955.000 0.314
10960.000 0.312
10965.000 0.316
10970.000 0.313
10975.000 0.316
10980.000 0.315
10985.000 0.312
10990.000 0.309
10995.000 0.315
11000.000 0.311
11005.000 0.317
11010.000 0.318
11015.000 0.319
11020.000 0.314
11025.000 0.319
11030.000 0.317
11035.000 0.327
11040.000 0.327
11045.000 0.326
11050.000 0.321
11055.000 0.316
11060.000 0.314
11065.000 0.313
11070.000 0.312
11075.000 0.314
11080.000 0.312
11085.000 0.313
11090.000 0.313
11095.000 0.316
11100.000 0.312
11105.000 0.312
11110.000 0.311
11115.000 0.313
11120.000 0.314
11125.000 0.314
11130.000 0.312
11135.000 0.312
11140.000 0.312
11145.000 0.304
11150.000 0.311
11155.000 0.311
11160.000 0.310
11165.000 0.311
11170.000 0.313
11175.000 0.311
11180.000 0.305
11185.000 0.300
11190.000 0.304
11195.000 0.307
11200.000 0.306
11205.000 0.306
11210.000 0.306
11215.000 0.307
11220.000 0.306
11225.000 0.304
11230.000 0.308
11235.000 0.306
11240.000 0.308
11245.000 0.309
11250.000 0.310
11255.000 0.311
11260.000 0.307
11265.000 0.310
11270.000 0.312
11275.000 0.310
11280.000 0.310
11285.000 0.311
11290.000 0.311
11295.000 0.309
11300.000 0.313
11305.000 0.310
11310.000 0.313
11315.000 0.313
11320.000 0.313
11325.000 0.310
11330.000 0.308
11335.000 0.307
11340.000 0.304
11345.000 0.306
11350.000 0.307
11355.000 0.304
11360.000 0.305
11365.000 0.307
11370.000 0.308
11375.000 0.308
11380.000 0.307
11385.000 0.307
11390.000 0.306
11395.000 0.308
11400.000 0.305
11405.000 0.305
11410.000 0.311
11415.000 0.305
11420.000 0.303
11425.000 0.303
11430.000 0.303
11435.000 0.306
11440.000 0.306
11445.000 0.306
11450.000 0.306
11455.000 0.307
11460.000 0.307
11465.000 0.308
11470.000 0.308
11475.000 0.305
11480.000 0.302
11485.000 0.309
11490.000 0.310
11495.000 0.306
11500.000 0.309
11505.000 0.308
11510.000 0.308
11515.000 0.305
11520.000 0.305
11525.000 0.306
11530.000 0.304
11535.000 0.304
11540.000 0.302
11545.000 0.306
11550.000 0.305
11555.000 0.302
11560.000 0.302
11565.000 0.304
11570.000 0.306
11575.000 0.305
11580.000 0.310
11585.000 0.309
11590.000 0.308
11595.000 0.306
11600.000 0.305
11605.000 0.301
11610.000 0.303
11615.000 0.301
11620.000 0.309
11625.000 0.306
11630.000 0.304
11635.000 0.305
11640.000 0.304
11645.000 0.303
11650.000 0.304
11655.000 0.303
11660.000 0.304
11665.000 0.308
11670.000 0.304
11675.000 0.304
11680.000 0.305
11685.000 0.301
11690.000 0.303
11695.000 0.303
11700.000 0.302
11705.000 0.307
11710.000 0.304
11715.000 0.305
11720.000 0.308
11725.000 0.306
11730.000 0.307
11735.000 0.309
11740.000 0.296
11745.000 0.301
11750.000 0.299
11755.000 0.296
11760.000 0.297
11765.000 0.298
11770.000 0.306
11775.000 0.303
11780.000 0.299
11785.000 0.299
11790.000 0.295
11795.000 0.297
11800.000 0.295
11805.000 0.297
11810.000 0.293
11815.000 0.296
11820.000 0.292
11825.000 0.293
11830.000 0.296
11835.000 0.296
11840.000 0.296
11845.000 0.298
11850.000 0.297
11855.000 0.298
11860.000 0.295
11865.000 0.297
11870.000 0.296
11875.000 0.297
11880.000 0.295
11885.000 0.292
11890.000 0.291
11895.000 0.294
11900.000 0.295
11905.000 0.294
11910.000 0.295
11915.000 0.296
11920.000 0.292
11925.000 0.296
11930.000 0.295
11935.000 0.296
11940.000 0.293
11945.000 0.293
11950.000 0.294
11955.000 0.289
11960.000 0.291
11965.000 0.295
11970.000 0.298
11975.000 0.296
11980.000 0.298
11985.000 0.297
11990.000 0.292
11995.000 0.294
12000.000 0.299
