105.000 0.084
110.000 1.233
115.000 5.628
120.000 7.413
125.000 8.186
130.000 8.645
135.000 9.141
140.000 9.248
145.000 9.709
150.000 10.277
155.000 10.798
160.000 11.501
165.000 11.426
170.000 11.298
175.000 11.178
180.000 11.167
185.000 11.241
190.000 11.404
195.000 11.748
200.000 11.860
205.000 12.234
210.000 13.548
215.000 13.541
220.000 12.994
225.000 12.979
230.000 11.571
235.000 10.513
240.000 10.368
245.000 10.142
250.000 9.803
255.000 9.830
260.000 9.899
265.000 9.907
270.000 10.177
275.000 10.288
280.000 10.367
285.000 10.641
290.000 10.724
295.000 10.832
300.000 11.027
305.000 11.028
310.000 11.316
315.000 11.434
320.000 11.577
325.000 11.759
330.000 12.110
335.000 12.492
340.000 12.687
345.000 12.700
350.000 13.804
355.000 14.187
360.000 15.039
365.000 15.509
370.000 16.445
375.000 17.256
380.000 18.496
385.000 19.257
390.000 20.559
395.000 22.085
400.000 22.857
405.000 24.249
410.000 24.885
415.000 26.093
420.000 27.137
425.000 27.604
430.000 28.326
435.000 28.659
440.000 28.942
445.000 29.121
450.000 28.897
455.000 28.579
460.000 27.663
465.000 27.129
470.000 25.947
475.000 24.643
480.000 24.104
485.000 23.331
490.000 22.056
495.000 20.585
500.000 19.954
505.000 18.693
510.000 18.073
515.000 16.677
520.000 15.079
525.000 13.541
530.000 12.929
535.000 11.669
540.000 10.915
545.000 9.760
550.000 8.508
555.000 8.109
560.000 7.770
565.000 6.995
570.000 6.236
575.000 5.933
580.000 5.372
585.000 5.123
590.000 4.682
595.000 4.255
600.000 4.033
605.000 3.807
610.000 3.646
615.000 3.374
620.000 3.144
625.000 3.098
630.000 2.910
635.000 2.805
640.000 2.624
645.000 2.441
650.000 2.366
655.000 2.289
660.000 2.217
665.000 2.083
670.000 1.990
675.000 1.937
680.000 1.841
685.000 1.808
690.000 1.758
695.000 1.685
700.000 1.632
705.000 1.559
710.000 1.475
715.000 1.430
720.000 1.365
725.000 1.333
730.000 1.280
735.000 1.256
740.000 1.204
745.000 1.140
750.000 1.130
755.000 1.302
760.000 1.219
765.000 1.134
770.000 1.073
775.000 1.045
780.000 0.983
785.000 0.957
790.000 0.904
795.000 0.869
800.000 0.871
805.000 0.847
810.000 0.834
815.000 0.829
820.000 0.878
825.000 0.878
830.000 0.839
835.000 0.814
840.000 0.817
845.000 0.787
850.000 0.776
855.000 0.743
860.000 0.729
865.000 0.697
870.000 0.754
875.000 0.738
880.000 0.701
885.000 0.669
890.000 0.655
895.000 0.630
900.000 0.622
905.000 0.626
910.000 0.603
915.000 0.593
920.000 0.572
925.000 0.567
930.000 0.550
935.000 0.545
940.000 0.540
945.000 0.553
950.000 0.564
955.000 0.556
960.000 0.528
965.000 0.516
970.000 0.518
975.000 0.505
980.000 0.499
985.000 0.491
990.000 0.516
995.000 0.510
1000.000 0.502
1005.000 0.478
1010.000 0.478
1015.000 0.465
1020.000 0.461
1025.000 0.443
1030.000 0.455
1035.000 0.455
1040.000 0.455
1045.000 0.455
1050.000 0.457
1055.000 0.463
1060.000 0.462
1065.000 0.465
1070.000 0.470
1075.000 0.482
1080.000 0.507
1085.000 0.508
1090.000 0.529
1095.000 0.536
1100.000 0.538
1105.000 0.578
1110.000 0.589
1115.000 0.595
1120.000 0.598
1125.000 0.628
1130.000 0.641
1135.000 0.659
1140.000 0.673
1145.000 0.685
1150.000 0.756
1155.000 0.783
1160.000 0.869
1165.000 0.878
1170.000 0.889
1175.000 0.925
1180.000 0.992
1185.000 1.027
1190.000 1.127
1195.000 1.586
1200.000 1.593
1205.000 1.625
1210.000 1.652
1215.000 1.733
1220.000 1.772
1225.000 1.849
1230.000 2.237
1235.000 2.302
1240.000 2.410
1245.000 2.537
1250.000 2.670
1255.000 2.844
1260.000 2.978
1265.000 3.391
1270.000 3.842
1275.000 4.083
1280.000 4.337
1285.000 5.047
1290.000 5.627
1295.000 6.002
1300.000 6.727
1305.000 7.048
1310.000 7.473
1315.000 7.933
1320.000 7.706
1325.000 7.089
1330.000 6.366
1335.000 5.994
1340.000 5.297
1345.000 5.021
1350.000 4.512
1355.000 4.070
1360.000 3.897
1365.000 3.614
1370.000 3.470
1375.000 3.369
1380.000 3.146
1385.000 2.948
1390.000 2.812
1395.000 2.761
1400.000 2.512
1405.000 2.502
1410.000 2.486
1415.000 3.419
1420.000 3.329
1425.000 3.059
1430.000 2.643
1435.000 2.469
1440.000 2.196
1445.000 2.061
1450.000 1.947
1455.000 1.801
1460.000 1.749
1465.000 1.711
1470.000 1.693
1475.000 1.587
1480.000 1.633
1485.000 1.568
1490.000 1.498
1495.000 1.592
1500.000 1.531
1505.000 1.447
1510.000 1.415
1515.000 1.347
1520.000 1.310
1525.000 1.303
1530.000 1.287
1535.000 1.254
1540.000 1.231
1545.000 1.200
1550.000 1.246
1555.000 1.240
1560.000 1.208
1565.000 1.169
1570.000 1.141
1575.000 1.090
1580.000 1.065
1585.000 1.027
1590.000 0.979
1595.000 0.964
1600.000 0.933
1605.000 0.914
1610.000 0.884
1615.000 0.853
1620.000 0.836
1625.000 0.805
1630.000 0.783
1635.000 0.767
1640.000 0.775
1645.000 0.779
1650.000 0.800
1655.000 0.757
1660.000 0.741
1665.000 0.784
1670.000 0.757
1675.000 0.714
1680.000 0.706
1685.000 0.714
1690.000 0.901
1695.000 0.878
1700.000 0.940
1705.000 0.967
1710.000 1.000
1715.000 0.968
1720.000 0.966
1725.000 0.968
1730.000 0.984
1735.000 1.053
1740.000 1.050
1745.000 1.043
1750.000 1.069
1755.000 1.073
1760.000 1.077
1765.000 1.066
1770.000 1.109
1775.000 1.104
1780.000 1.098
1785.000 1.086
1790.000 1.185
1795.000 1.153
1800.000 1.145
1805.000 1.142
1810.000 1.137
1815.000 1.180
1820.000 1.157
1825.000 1.149
1830.000 1.138
1835.000 1.130
1840.000 1.128
1845.000 1.143
1850.000 1.158
1855.000 1.146
1860.000 1.249
1865.000 1.531
1870.000 1.454
1875.000 1.339
1880.000 1.290
1885.000 1.213
1890.000 1.192
1895.000 1.167
1900.000 1.152
1905.000 1.145
1910.000 1.132
1915.000 1.124
1920.000 1.118
1925.000 1.176
1930.000 1.163
1935.000 1.152
1940.000 1.141
1945.000 1.140
1950.000 1.128
1955.000 1.119
1960.000 1.144
1965.000 1.149
1970.000 1.136
1975.000 1.122
1980.000 1.108
1985.000 1.125
1990.000 1.133
1995.000 1.119
2000.000 1.099
2005.000 1.134
2010.000 1.113
2015.000 1.105
2020.000 1.098
2025.000 1.093
2030.000 1.105
2035.000 1.076
2040.000 1.069
2045.000 1.057
2050.000 1.047
2055.000 1.068
2060.000 1.101
2065.000 1.093
2070.000 1.074
2075.000 1.048
2080.000 1.024
2085.000 1.013
2090.000 0.997
2095.000 0.986
2100.000 0.969
2105.000 0.961
2110.000 0.968
2115.000 1.015
2120.000 0.988
2125.000 0.969
2130.000 0.948
2135.000 0.938
2140.000 0.941
2145.000 0.937
2150.000 1.087
2155.000 1.050
2160.000 0.984
2165.000 0.952
2170.000 0.886
2175.000 0.941
2180.000 0.978
2185.000 0.988
2190.000 0.973
2195.000 0.940
2200.000 1.124
2205.000 1.059
2210.000 0.949
2215.000 0.873
2220.000 0.842
2225.000 0.822
2230.000 0.820
2235.000 0.792
2240.000 0.770
2245.000 0.736
2250.000 0.745
2255.000 0.739
2260.000 0.724
2265.000 0.826
2270.000 0.872
2275.000 0.800
2280.000 0.770
2285.000 0.722
2290.000 0.711
2295.000 0.690
2300.000 0.677
2305.000 0.699
2310.000 0.895
2315.000 0.826
2320.000 0.787
2325.000 0.723
2330.000 0.698
2335.000 0.658
2340.000 0.638
2345.000 0.660
2350.000 0.645
2355.000 0.630
2360.000 0.628
2365.000 0.621
2370.000 0.624
2375.000 0.673
2380.000 0.677
2385.000 0.655
2390.000 0.642
2395.000 0.628
2400.000 0.611
2405.000 0.602
2410.000 0.592
2415.000 0.587
2420.000 0.576
2425.000 0.615
2430.000 0.605
2435.000 0.596
2440.000 0.580
2445.000 0.577
2450.000 0.570
2455.000 0.556
2460.000 0.550
2465.000 0.545
2470.000 0.542
2475.000 0.538
2480.000 0.573
2485.000 0.756
2490.000 0.726
2495.000 0.662
2500.000 0.633
2505.000 0.590
2510.000 0.558
2515.000 0.558
2520.000 0.574
2525.000 0.561
2530.000 0.547
2535.000 0.536
2540.000 0.592
2545.000 0.622
2550.000 0.579
2555.000 0.560
2560.000 0.573
2565.000 0.580
2570.000 0.562
2575.000 0.557
2580.000 0.580
2585.000 0.545
2590.000 0.532
2595.000 0.526
2600.000 0.517
2605.000 0.508
2610.000 0.503
2615.000 0.498
2620.000 0.537
2625.000 0.606
2630.000 0.590
2635.000 0.554
2640.000 0.545
2645.000 0.596
2650.000 0.573
2655.000 0.538
2660.000 0.578
2665.000 0.580
2670.000 0.557
2675.000 0.541
2680.000 0.517
2685.000 0.505
2690.000 0.597
2695.000 0.627
2700.000 0.858
2705.000 0.896
2710.000 0.824
2715.000 0.764
2720.000 0.666
2725.000 0.631
2730.000 0.572
2735.000 0.576
2740.000 0.571
2745.000 0.534
2750.000 0.523
2755.000 0.510
2760.000 0.514
2765.000 0.511
2770.000 0.501
2775.000 0.495
2780.000 0.554
2785.000 0.533
2790.000 0.520
2795.000 0.520
2800.000 0.596
2805.000 0.559
2810.000 0.582
2815.000 0.563
2820.000 0.534
2825.000 0.538
2830.000 0.526
2835.000 0.527
2840.000 0.517
2845.000 0.507
2850.000 0.516
2855.000 0.504
2860.000 0.543
2865.000 0.532
2870.000 0.515
2875.000 0.509
2880.000 0.506
2885.000 0.507
2890.000 0.508
2895.000 0.516
2900.000 0.514
2905.000 0.514
2910.000 0.645
2915.000 0.635
2920.000 0.603
2925.000 0.586
2930.000 0.563
2935.000 0.564
2940.000 0.558
2945.000 0.556
2950.000 0.558
2955.000 0.674
2960.000 0.636
2965.000 0.629
2970.000 0.597
2975.000 0.605
2980.000 0.615
2985.000 0.595
2990.000 0.589
2995.000 0.663
3000.000 0.677
3005.000 0.634
3010.000 0.621
3015.000 0.612
3020.000 0.842
3025.000 0.858
3030.000 0.782
3035.000 0.764
3040.000 0.711
3045.000 0.684
3050.000 0.696
3055.000 0.681
3060.000 0.674
3065.000 0.664
3070.000 0.661
3075.000 0.669
3080.000 0.682
3085.000 0.697
3090.000 0.695
3095.000 0.724
3100.000 0.754
3105.000 0.754
3110.000 0.762
3115.000 0.769
3120.000 0.800
3125.000 0.790
3130.000 0.838
3135.000 0.866
3140.000 0.842
3145.000 0.832
3150.000 0.849
3155.000 0.923
3160.000 0.912
3165.000 0.898
3170.000 0.894
3175.000 0.894
3180.000 0.905
3185.000 0.914
3190.000 0.927
3195.000 0.947
3200.000 0.955
3205.000 0.977
3210.000 0.990
3215.000 1.012
3220.000 1.036
3225.000 1.132
3230.000 1.141
3235.000 1.153
3240.000 1.163
3245.000 1.194
3250.000 1.208
3255.000 1.247
3260.000 1.262
3265.000 1.352
3270.000 1.389
3275.000 1.411
3280.000 1.451
3285.000 1.472
3290.000 1.716
3295.000 1.705
3300.000 1.704
3305.000 1.820
3310.000 1.874
3315.000 1.896
3320.000 1.955
3325.000 2.115
3330.000 2.166
3335.000 2.214
3340.000 2.340
3345.000 2.518
3350.000 2.562
3355.000 2.699
3360.000 2.790
3365.000 2.997
3370.000 3.250
3375.000 3.402
3380.000 3.753
3385.000 3.995
3390.000 4.579
3395.000 5.182
3400.000 5.538
3405.000 6.621
3410.000 7.073
3415.000 8.066
3420.000 9.067
3425.000 9.571
3430.000 10.195
3435.000 10.290
3440.000 9.939
3445.000 8.993
3450.000 8.435
3455.000 7.633
3460.000 6.576
3465.000 6.092
3470.000 5.387
3475.000 5.108
3480.000 4.581
3485.000 4.125
3490.000 3.953
3495.000 3.655
3500.000 3.644
3505.000 3.382
3510.000 3.246
3515.000 3.034
3520.000 2.868
3525.000 2.803
3530.000 2.609
3535.000 2.542
3540.000 2.402
3545.000 2.269
3550.000 2.200
3555.000 2.096
3560.000 2.002
3565.000 1.958
3570.000 1.879
3575.000 1.848
3580.000 1.777
3585.000 1.744
3590.000 1.773
3595.000 1.707
3600.000 1.675
3605.000 1.660
3610.000 1.620
3615.000 1.620
3620.000 1.547
3625.000 1.512
3630.000 1.461
3635.000 1.440
3640.000 1.442
3645.000 1.423
3650.000 1.372
3655.000 1.331
3660.000 1.310
3665.000 1.268
3670.000 1.250
3675.000 1.221
3680.000 1.260
3685.000 1.237
3690.000 1.217
3695.000 1.196
3700.000 1.167
3705.000 1.200
3710.000 1.154
3715.000 1.135
3720.000 1.115
3725.000 1.081
3730.000 1.106
3735.000 1.086
3740.000 1.057
3745.000 1.044
3750.000 1.027
3755.000 1.010
3760.000 1.005
3765.000 0.994
3770.000 0.989
3775.000 0.980
3780.000 0.970
3785.000 0.967
3790.000 1.012
3795.000 1.005
3800.000 0.987
3805.000 0.989
3810.000 0.986
3815.000 0.977
3820.000 0.969
3825.000 0.954
3830.000 0.946
3835.000 0.945
3840.000 0.946
3845.000 0.940
3850.000 0.940
3855.000 0.934
3860.000 0.938
3865.000 0.935
3870.000 0.934
3875.000 0.937
3880.000 0.940
3885.000 0.942
3890.000 0.945
3895.000 0.969
3900.000 1.010
3905.000 1.163
3910.000 1.248
3915.000 1.217
3920.000 1.182
3925.000 1.137
3930.000 1.103
3935.000 1.090
3940.000 1.065
3945.000 1.053
3950.000 1.045
3955.000 1.118
3960.000 1.163
3965.000 1.242
3970.000 1.221
3975.000 1.198
3980.000 1.193
3985.000 1.198
3990.000 1.209
3995.000 1.185
4000.000 1.199
4005.000 1.216
4010.000 1.225
4015.000 1.243
4020.000 1.249
4025.000 1.330
4030.000 1.324
4035.000 1.355
4040.000 1.380
4045.000 1.378
4050.000 1.468
4055.000 1.510
4060.000 1.515
4065.000 1.510
4070.000 1.519
4075.000 1.532
4080.000 1.574
4085.000 1.596
4090.000 1.656
4095.000 1.719
4100.000 1.755
4105.000 1.828
4110.000 1.870
4115.000 1.961
4120.000 2.127
4125.000 2.231
4130.000 2.350
4135.000 2.424
4140.000 2.760
4145.000 2.901
4150.000 3.180
4155.000 3.387
4160.000 3.523
4165.000 3.887
4170.000 4.140
4175.000 4.689
4180.000 5.170
4185.000 5.339
4190.000 5.484
4195.000 5.197
4200.000 4.963
4205.000 4.351
4210.000 4.081
4215.000 3.609
4220.000 3.430
4225.000 3.012
4230.000 2.817
4235.000 2.454
4240.000 2.158
4245.000 2.039
4250.000 1.806
4255.000 1.625
4260.000 1.540
4265.000 1.406
4270.000 1.338
4275.000 1.225
4280.000 1.172
4285.000 1.082
4290.000 0.993
4295.000 0.939
4300.000 0.847
4305.000 0.777
4310.000 0.749
4315.000 0.684
4320.000 0.647
4325.000 0.568
4330.000 0.549
4335.000 0.504
4340.000 0.457
4345.000 0.434
4350.000 0.399
4355.000 0.382
4360.000 0.353
4365.000 0.329
4370.000 0.318
4375.000 0.300
4380.000 0.290
4385.000 0.272
4390.000 0.259
4395.000 0.251
4400.000 0.239
4405.000 0.234
4410.000 0.223
4415.000 0.214
4420.000 0.217
4425.000 0.210
4430.000 0.204
4435.000 0.201
4440.000 0.208
4445.000 0.194
4450.000 0.189
4455.000 0.184
4460.000 0.177
4465.000 0.170
4470.000 0.165
4475.000 0.162
4480.000 0.170
4485.000 0.164
4490.000 0.156
4495.000 0.149
4500.000 0.145
4505.000 0.144
4510.000 0.138
4515.000 0.136
4520.000 0.134
4525.000 0.130
4530.000 0.126
4535.000 0.123
4540.000 0.125
4545.000 0.139
4550.000 0.130
4555.000 0.128
4560.000 0.125
4565.000 0.121
4570.000 0.118
4575.000 0.114
4580.000 0.112
4585.000 0.112
4590.000 0.109
4595.000 0.107
4600.000 0.110
4605.000 0.110
4610.000 0.107
4615.000 0.106
4620.000 0.107
4625.000 0.105
4630.000 0.105
4635.000 0.103
4640.000 0.105
4645.000 0.103
4650.000 0.104
4655.000 0.103
4660.000 0.103
4665.000 0.103
4670.000 0.104
4675.000 0.114
4680.000 0.115
4685.000 0.114
4690.000 0.115
4695.000 0.115
4700.000 0.122
4705.000 0.121
4710.000 0.121
4715.000 0.120
4720.000 0.123
4725.000 0.122
4730.000 0.126
4735.000 0.127
4740.000 0.129
4745.000 0.128
4750.000 0.132
4755.000 0.134
4760.000 0.132
4765.000 0.134
4770.000 0.134
4775.000 0.138
4780.000 0.139
4785.000 0.139
4790.000 0.140
4795.000 0.141
4800.000 0.142
4805.000 0.141
4810.000 0.141
4815.000 0.142
4820.000 0.144
4825.000 0.143
4830.000 0.141
4835.000 0.140
4840.000 0.141
4845.000 0.140
4850.000 0.138
4855.000 0.137
4860.000 0.135
4865.000 0.134
4870.000 0.130
4875.000 0.128
4880.000 0.125
4885.000 0.123
4890.000 0.121
4895.000 0.119
4900.000 0.117
4905.000 0.116
4910.000 0.112
4915.000 0.110
4920.000 0.111
4925.000 0.109
4930.000 0.107
4935.000 0.102
4940.000 0.098
4945.000 0.097
4950.000 0.093
4955.000 0.089
4960.000 0.089
4965.000 0.080
4970.000 0.078
4975.000 0.072
4980.000 0.066
4985.000 0.065
4990.000 0.084
4995.000 0.071
5000.000 0.070
5005.000 0.057
5010.000 0.052
5015.000 0.048
5020.000 0.049
5025.000 0.037
5030.000 0.043
5035.000 0.032
5040.000 0.033
5045.000 0.032
5050.000 0.030
5055.000 0.036
5060.000 0.038
5065.000 0.035
5070.000 0.043
5075.000 0.047
5080.000 0.049
5085.000 0.053
5090.000 0.058
5095.000 0.066
5100.000 0.071
5105.000 0.074
5110.000 0.108
5115.000 0.107
5120.000 0.113
5125.000 0.115
5130.000 0.126
5135.000 0.133
5140.000 0.137
5145.000 0.153
5150.000 0.155
5155.000 0.161
5160.000 0.166
5165.000 0.172
5170.000 0.179
5175.000 0.205
5180.000 0.224
5185.000 0.225
5190.000 0.245
5195.000 0.258
5200.000 0.265
5205.000 0.268
5210.000 0.270
5215.000 0.267
5220.000 0.269
5225.000 0.268
5230.000 0.268
5235.000 0.269
5240.000 0.268
5245.000 0.269
5250.000 0.312
5255.000 0.399
5260.000 0.467
5265.000 0.452
5270.000 0.407
5275.000 0.391
5280.000 0.374
5285.000 0.341
5290.000 0.329
5295.000 0.318
5300.000 0.311
5305.000 0.309
5310.000 0.304
5315.000 0.301
5320.000 0.303
5325.000 0.300
5330.000 0.300
5335.000 0.298
5340.000 0.296
5345.000 0.299
5350.000 0.298
5355.000 0.302
5360.000 0.302
5365.000 0.316
5370.000 0.330
5375.000 0.344
5380.000 0.342
5385.000 0.339
5390.000 0.334
5395.000 0.327
5400.000 0.323
5405.000 0.322
5410.000 0.324
5415.000 0.327
5420.000 0.323
5425.000 0.324
5430.000 0.319
5435.000 0.316
5440.000 0.317
5445.000 0.319
5450.000 0.316
5455.000 0.318
5460.000 0.318
5465.000 0.317
5470.000 0.333
5475.000 0.384
5480.000 0.388
5485.000 0.374
5490.000 0.367
5495.000 0.360
5500.000 0.355
5505.000 0.347
5510.000 0.343
5515.000 0.338
5520.000 0.341
5525.000 0.340
5530.000 0.558
5535.000 0.565
5540.000 0.540
5545.000 0.469
5550.000 0.454
5555.000 0.436
5560.000 0.392
5565.000 0.375
5570.000 0.357
5575.000 0.387
5580.000 0.376
5585.000 0.359
5590.000 0.355
5595.000 0.358
5600.000 0.377
5605.000 0.373
5610.000 0.363
5615.000 0.359
5620.000 0.349
5625.000 0.344
5630.000 0.342
5635.000 0.342
5640.000 0.335
5645.000 0.339
5650.000 0.339
5655.000 0.343
5660.000 0.368
5665.000 0.365
5670.000 0.354
5675.000 0.355
5680.000 0.349
5685.000 0.343
5690.000 0.344
5695.000 0.343
5700.000 0.341
5705.000 0.337
5710.000 0.334
5715.000 0.338
5720.000 0.341
5725.000 0.340
5730.000 0.338
5735.000 0.339
5740.000 0.340
5745.000 0.338
5750.000 0.338
5755.000 0.340
5760.000 0.337
5765.000 0.336
5770.000 0.337
5775.000 0.338
5780.000 0.339
5785.000 0.338
5790.000 0.339
5795.000 0.339
5800.000 0.336
5805.000 0.339
5810.000 0.338
5815.000 0.338
5820.000 0.358
5825.000 0.364
5830.000 0.365
5835.000 0.390
5840.000 0.520
5845.000 0.519
5850.000 0.487
5855.000 0.438
5860.000 0.418
5865.000 0.372
5870.000 0.470
5875.000 0.503
5880.000 0.491
5885.000 0.437
5890.000 0.416
5895.000 0.382
5900.000 0.359
5905.000 0.356
5910.000 0.346
5915.000 0.342
5920.000 0.343
5925.000 0.343
5930.000 0.341
5935.000 0.346
5940.000 0.348
5945.000 0.344
5950.000 0.354
5955.000 0.357
5960.000 0.352
5965.000 0.352
5970.000 0.349
5975.000 0.348
5980.000 0.353
5985.000 0.351
5990.000 0.358
5995.000 0.350
6000.000 0.354
6005.000 0.358
6010.000 0.357
6015.000 0.356
6020.000 0.370
6025.000 0.359
6030.000 0.358
6035.000 0.361
6040.000 0.365
6045.000 0.367
6050.000 0.364
6055.000 0.359
6060.000 0.361
6065.000 0.359
6070.000 0.371
6075.000 0.376
6080.000 0.377
6085.000 0.392
6090.000 0.421
6095.000 0.423
6100.000 0.419
6105.000 0.404
6110.000 0.401
6115.000 0.394
6120.000 0.393
6125.000 0.393
6130.000 0.393
6135.000 0.389
6140.000 0.388
6145.000 0.416
6150.000 0.418
6155.000 0.412
6160.000 0.404
6165.000 0.405
6170.000 0.403
6175.000 0.402
6180.000 0.429
6185.000 0.426
6190.000 0.427
6195.000 0.420
6200.000 0.417
6205.000 0.430
6210.000 0.436
6215.000 0.426
6220.000 0.431
6225.000 0.427
6230.000 0.423
6235.000 0.424
6240.000 0.422
6245.000 0.421
6250.000 0.422
6255.000 0.442
6260.000 0.466
6265.000 0.459
6270.000 0.453
6275.000 0.451
6280.000 0.447
6285.000 0.446
6290.000 0.449
6295.000 0.448
6300.000 0.450
6305.000 0.452
6310.000 0.468
6315.000 0.469
6320.000 0.480
6325.000 0.478
6330.000 0.472
6335.000 0.469
6340.000 0.463
6345.000 0.471
6350.000 0.469
6355.000 0.488
6360.000 0.499
6365.000 0.495
6370.000 0.493
6375.000 0.493
6380.000 0.493
6385.000 0.490
6390.000 0.493
6395.000 0.499
6400.000 0.500
6405.000 0.513
6410.000 0.512
6415.000 0.518
6420.000 0.518
6425.000 0.529
6430.000 0.543
6435.000 0.544
6440.000 0.553
6445.000 0.551
6450.000 0.553
6455.000 0.555
6460.000 0.560
6465.000 0.569
6470.000 0.572
6475.000 0.580
6480.000 0.591
6485.000 0.594
6490.000 0.608
6495.000 0.612
6500.000 0.619
6505.000 0.625
6510.000 0.638
6515.000 0.645
6520.000 0.658
6525.000 0.668
6530.000 0.675
6535.000 0.709
6540.000 0.767
6545.000 0.777
6550.000 0.784
6555.000 0.784
6560.000 0.783
6565.000 0.805
6570.000 0.839
6575.000 0.848
6580.000 0.864
6585.000 0.869
6590.000 0.871
6595.000 0.880
6600.000 0.888
6605.000 0.902
6610.000 0.912
6615.000 0.941
6620.000 0.967
6625.000 0.998
6630.000 1.015
6635.000 1.028
6640.000 1.064
6645.000 1.076
6650.000 1.115
6655.000 1.161
6660.000 1.182
6665.000 1.231
6670.000 1.251
6675.000 1.306
6680.000 1.370
6685.000 1.407
6690.000 1.484
6695.000 1.524
6700.000 1.601
6705.000 1.684
6710.000 1.736
6715.000 1.840
6720.000 1.899
6725.000 2.025
6730.000 2.179
6735.000 2.313
6740.000 2.690
6745.000 2.789
6750.000 3.030
6755.000 3.457
6760.000 3.699
6765.000 4.209
6770.000 4.847
6775.000 5.231
6780.000 6.182
6785.000 6.761
6790.000 8.184
6795.000 8.991
6800.000 10.858
6805.000 11.992
6810.000 12.313
6815.000 12.007
6820.000 11.375
6825.000 9.603
6830.000 7.886
6835.000 7.074
6840.000 5.761
6845.000 5.233
6850.000 4.543
6855.000 3.979
6860.000 3.728
6865.000 3.359
6870.000 3.313
6875.000 3.079
6880.000 2.815
6885.000 2.710
6890.000 2.512
6895.000 2.338
6900.000 2.289
6905.000 2.160
6910.000 2.096
6915.000 1.989
6920.000 1.901
6925.000 1.874
6930.000 1.837
6935.000 1.760
6940.000 1.706
6945.000 1.724
6950.000 1.678
6955.000 1.610
6960.000 1.572
6965.000 1.510
6970.000 1.570
6975.000 1.556
6980.000 1.522
6985.000 1.465
6990.000 1.454
6995.000 1.425
7000.000 1.409
7005.000 1.347
7010.000 1.324
7015.000 1.288
7020.000 1.281
7025.000 1.246
7030.000 1.242
7035.000 1.204
7040.000 1.185
7045.000 1.180
7050.000 1.156
7055.000 1.143
7060.000 1.127
7065.000 1.120
7070.000 1.113
7075.000 1.109
7080.000 1.107
7085.000 1.106
7090.000 1.109
7095.000 1.109
7100.000 1.111
7105.000 1.110
7110.000 1.119
7115.000 1.124
7120.000 1.126
7125.000 1.136
7130.000 1.141
7135.000 1.144
7140.000 1.156
7145.000 1.161
7150.000 1.198
7155.000 1.201
7160.000 1.214
7165.000 1.225
7170.000 1.233
7175.000 1.247
7180.000 1.257
7185.000 1.298
7190.000 1.328
7195.000 1.343
7200.000 1.371
7205.000 1.402
7210.000 1.423
7215.000 1.465
7220.000 1.488
7225.000 1.537
7230.000 1.563
7235.000 1.627
7240.000 1.694
7245.000 1.728
7250.000 1.807
7255.000 1.906
7260.000 1.953
7265.000 2.079
7270.000 2.194
7275.000 2.321
7280.000 2.393
7285.000 2.557
7290.000 2.768
7295.000 2.884
7300.000 3.178
7305.000 3.353
7310.000 3.775
7315.000 4.287
7320.000 4.587
7325.000 5.230
7330.000 5.830
7335.000 6.133
7340.000 6.408
7345.000 6.346
7350.000 5.880
7355.000 5.536
7360.000 4.859
7365.000 4.176
7370.000 3.998
7375.000 3.525
7380.000 3.317
7385.000 3.087
7390.000 2.729
7395.000 2.570
7400.000 2.309
7405.000 2.192
7410.000 1.999
7415.000 1.922
7420.000 1.847
7425.000 1.695
7430.000 1.619
7435.000 1.502
7440.000 1.424
7445.000 1.380
7450.000 1.295
7455.000 1.216
7460.000 1.183
7465.000 1.124
7470.000 1.096
7475.000 1.039
7480.000 1.083
7485.000 1.042
7490.000 1.012
7495.000 0.996
7500.000 0.943
7505.000 0.918
7510.000 0.866
7515.000 0.875
7520.000 0.844
7525.000 0.806
7530.000 0.786
7535.000 0.744
7540.000 0.724
7545.000 0.689
7550.000 0.660
7555.000 0.642
7560.000 0.632
7565.000 0.618
7570.000 0.599
7575.000 0.580
7580.000 0.602
7585.000 0.592
7590.000 0.579
7595.000 0.557
7600.000 0.555
7605.000 0.547
7610.000 0.528
7615.000 0.512
7620.000 0.503
7625.000 0.491
7630.000 0.480
7635.000 0.474
7640.000 0.468
7645.000 0.460
7650.000 0.451
7655.000 0.471
7660.000 0.461
7665.000 0.453
7670.000 0.440
7675.000 0.430
7680.000 0.421
7685.000 0.416
7690.000 0.409
7695.000 0.406
7700.000 0.401
7705.000 0.396
7710.000 0.391
7715.000 0.389
7720.000 0.383
7725.000 0.377
7730.000 0.374
7735.000 0.372
7740.000 0.368
7745.000 0.365
7750.000 0.360
7755.000 0.361
7760.000 0.357
7765.000 0.356
7770.000 0.353
7775.000 0.376
7780.000 0.376
7785.000 0.373
7790.000 0.370
7795.000 0.365
7800.000 0.358
7805.000 0.366
7810.000 0.361
7815.000 0.358
7820.000 0.351
7825.000 0.346
7830.000 0.341
7835.000 0.339
7840.000 0.335
7845.000 0.335
7850.000 0.332
7855.000 0.332
7860.000 0.329
7865.000 0.331
7870.000 0.347
7875.000 0.340
7880.000 0.338
7885.000 0.332
7890.000 0.330
7895.000 0.323
7900.000 0.322
7905.000 0.320
7910.000 0.320
7915.000 0.322
7920.000 0.332
7925.000 0.332
7930.000 0.327
7935.000 0.324
7940.000 0.322
7945.000 0.316
7950.000 0.324
7955.000 0.325
7960.000 0.316
7965.000 0.321
7970.000 0.315
7975.000 0.317
7980.000 0.318
7985.000 0.323
7990.000 0.316
7995.000 0.315
8000.000 0.306
8005.000 0.313
8010.000 0.314
8015.000 0.307
8020.000 0.299
8025.000 0.308
8030.000 0.310
8035.000 0.308
8040.000 0.306
8045.000 0.304
8050.000 0.305
8055.000 0.305
8060.000 0.305
8065.000 0.307
8070.000 0.302
8075.000 0.307
8080.000 0.305
8085.000 0.319
8090.000 0.319
8095.000 0.315
8100.000 0.311
8105.000 0.308
8110.000 0.306
8115.000 0.303
8120.000 0.305
8125.000 0.304
8130.000 0.301
8135.000 0.300
8140.000 0.304
8145.000 0.301
8150.000 0.303
8155.000 0.304
8160.000 0.303
8165.000 0.303
8170.000 0.302
8175.000 0.303
8180.000 0.302
8185.000 0.303
8190.000 0.323
8195.000 0.319
8200.000 0.325
8205.000 0.324
8210.000 0.322
8215.000 0.323
8220.000 0.327
8225.000 0.324
8230.000 0.322
8235.000 0.318
8240.000 0.314
8245.000 0.313
8250.000 0.312
8255.000 0.314
8260.000 0.310
8265.000 0.311
8270.000 0.310
8275.000 0.311
8280.000 0.310
8285.000 0.308
8290.000 0.311
8295.000 0.334
8300.000 0.329
8305.000 0.328
8310.000 0.321
8315.000 0.320
8320.000 0.321
8325.000 0.315
8330.000 0.318
8335.000 0.316
8340.000 0.316
8345.000 0.316
8350.000 0.315
8355.000 0.312
8360.000 0.314
8365.000 0.313
8370.000 0.324
8375.000 0.331
8380.000 0.334
8385.000 0.332
8390.000 0.328
8395.000 0.334
8400.000 0.334
8405.000 0.331
8410.000 0.330
8415.000 0.327
8420.000 0.326
8425.000 0.324
8430.000 0.323
8435.000 0.322
8440.000 0.322
8445.000 0.320
8450.000 0.320
8455.000 0.322
8460.000 0.323
8465.000 0.322
8470.000 0.320
8475.000 0.335
8480.000 0.339
8485.000 0.337
8490.000 0.333
8495.000 0.332
8500.000 0.331
8505.000 0.329
8510.000 0.329
8515.000 0.330
8520.000 0.342
8525.000 0.341
8530.000 0.336
8535.000 0.335
8540.000 0.336
8545.000 0.335
8550.000 0.332
8555.000 0.333
8560.000 0.334
8565.000 0.352
8570.000 0.347
8575.000 0.343
8580.000 0.344
8585.000 0.345
8590.000 0.342
8595.000 0.350
8600.000 0.348
8605.000 0.347
8610.000 0.345
8615.000 0.343
8620.000 0.341
8625.000 0.342
8630.000 0.343
8635.000 0.343
8640.000 0.341
8645.000 0.341
8650.000 0.340
8655.000 0.343
8660.000 0.345
8665.000 0.345
8670.000 0.344
8675.000 0.344
8680.000 0.343
8685.000 0.345
8690.000 0.344
8695.000 0.347
8700.000 0.345
8705.000 0.344
8710.000 0.344
8715.000 0.347
8720.000 0.345
8725.000 0.345
8730.000 0.347
8735.000 0.349
8740.000 0.347
8745.000 0.345
8750.000 0.347
8755.000 0.341
8760.000 0.343
8765.000 0.344
8770.000 0.347
8775.000 0.347
8780.000 0.347
8785.000 0.347
8790.000 0.347
8795.000 0.346
8800.000 0.347
8805.000 0.346
8810.000 0.350
8815.000 0.360
8820.000 0.365
8825.000 0.353
8830.000 0.356
8835.000 0.355
8840.000 0.358
8845.000 0.361
8850.000 0.357
8855.000 0.355
8860.000 0.353
8865.000 0.353
8870.000 0.353
8875.000 0.351
8880.000 0.352
8885.000 0.354
8890.000 0.350
8895.000 0.355
8900.000 0.355
8905.000 0.354
8910.000 0.351
8915.000 0.352
8920.000 0.353
8925.000 0.356
8930.000 0.353
8935.000 0.353
8940.000 0.352
8945.000 0.358
8950.000 0.357
8955.000 0.353
8960.000 0.357
8965.000 0.358
8970.000 0.356
8975.000 0.359
8980.000 0.356
8985.000 0.361
8990.000 0.355
8995.000 0.354
9000.000 0.361
9005.000 0.350
9010.000 0.354
9015.000 0.354
9020.000 0.363
9025.000 0.361
9030.000 0.357
9035.000 0.367
9040.000 0.358
9045.000 0.356
9050.000 0.361
9055.000 0.359
9060.000 0.363
9065.000 0.363
9070.000 0.370
9075.000 0.365
9080.000 0.365
9085.000 0.364
9090.000 0.371
9095.000 0.370
9100.000 0.367
9105.000 0.368
9110.000 0.366
9115.000 0.376
9120.000 0.376
9125.000 0.377
9130.000 0.370
9135.000 0.368
9140.000 0.367
9145.000 0.374
9150.000 0.370
9155.000 0.372
9160.000 0.372
9165.000 0.376
9170.000 0.375
9175.000 0.377
9180.000 0.379
9185.000 0.374
9190.000 0.373
9195.000 0.372
9200.000 0.368
9205.000 0.368
9210.000 0.367
9215.000 0.365
9220.000 0.368
9225.000 0.366
9230.000 0.378
9235.000 0.374
9240.000 0.374
9245.000 0.376
9250.000 0.378
9255.000 0.374
9260.000 0.371
9265.000 0.373
9270.000 0.373
9275.000 0.374
9280.000 0.371
9285.000 0.370
9290.000 0.366
9295.000 0.371
9300.000 0.371
9305.000 0.370
9310.000 0.380
9315.000 0.379
9320.000 0.374
9325.000 0.374
9330.000 0.387
9335.000 0.387
9340.000 0.381
9345.000 0.382
9350.000 0.379
9355.000 0.378
9360.000 0.376
9365.000 0.376
9370.000 0.373
9375.000 0.373
9380.000 0.374
9385.000 0.375
9390.000 0.378
9395.000 0.375
9400.000 0.374
9405.000 0.373
9410.000 0.374
9415.000 0.376
9420.000 0.375
9425.000 0.377
9430.000 0.376
9435.000 0.378
9440.000 0.383
9445.000 0.380
9450.000 0.379
9455.000 0.382
9460.000 0.382
9465.000 0.381
9470.000 0.383
9475.000 0.382
9480.000 0.382
9485.000 0.384
9490.000 0.382
9495.000 0.380
9500.000 0.386
9505.000 0.383
9510.000 0.383
9515.000 0.384
9520.000 0.385
9525.000 0.385
9530.000 0.390
9535.000 0.389
9540.000 0.403
9545.000 0.405
9550.000 0.402
9555.000 0.399
9560.000 0.398
9565.000 0.397
9570.000 0.396
9575.000 0.395
9580.000 0.397
9585.000 0.398
9590.000 0.401
9595.000 0.418
9600.000 0.419
9605.000 0.413
9610.000 0.412
9615.000 0.412
9620.000 0.412
9625.000 0.423
9630.000 0.420
9635.000 0.419
9640.000 0.416
9645.000 0.416
9650.000 0.411
9655.000 0.414
9660.000 0.414
9665.000 0.414
9670.000 0.414
9675.000 0.417
9680.000 0.421
9685.000 0.433
9690.000 0.433
9695.000 0.430
9700.000 0.429
9705.000 0.428
9710.000 0.425
9715.000 0.425
9720.000 0.427
9725.000 0.429
9730.000 0.429
9735.000 0.431
9740.000 0.446
9745.000 0.441
9750.000 0.440
9755.000 0.441
9760.000 0.439
9765.000 0.443
9770.000 0.455
9775.000 0.456
9780.000 0.459
9785.000 0.460
9790.000 0.461
9795.000 0.466
9800.000 0.465
9805.000 0.464
9810.000 0.468
9815.000 0.474
9820.000 0.473
9825.000 0.473
9830.000 0.473
9835.000 0.471
9840.000 0.494
9845.000 0.492
9850.000 0.492
9855.000 0.493
9860.000 0.495
9865.000 0.500
9870.000 0.495
9875.000 0.501
9880.000 0.504
9885.000 0.505
9890.000 0.511
9895.000 0.513
9900.000 0.530
9905.000 0.536
9910.000 0.543
9915.000 0.542
9920.000 0.544
9925.000 0.547
9930.000 0.553
9935.000 0.557
9940.000 0.564
9945.000 0.568
9950.000 0.572
9955.000 0.582
9960.000 0.585
9965.000 0.610
9970.000 0.622
9975.000 0.629
9980.000 0.634
9985.000 0.649
9990.000 0.651
9995.000 0.662
10000.000 0.680
10005.000 0.684
10010.000 0.693
10015.000 0.717
10020.000 0.733
10025.000 0.748
10030.000 0.758
10035.000 0.772
10040.000 0.813
10045.000 0.826
10050.000 0.859
10055.000 0.884
10060.000 0.925
10065.000 0.962
10070.000 0.976
10075.000 1.019
10080.000 1.044
10085.000 1.098
10090.000 1.153
10095.000 1.187
10100.000 1.264
10105.000 1.309
10110.000 1.409
10115.000 1.523
10120.000 1.593
10125.000 1.763
10130.000 1.975
10135.000 2.128
10140.000 2.446
10145.000 2.585
10150.000 2.858
10155.000 2.966
10160.000 3.026
10165.000 2.963
10170.000 2.708
10175.000 2.374
10180.000 2.215
10185.000 1.899
10190.000 1.782
10195.000 1.554
10200.000 1.359
10205.000 1.276
10210.000 1.127
10215.000 1.064
10220.000 0.947
10225.000 0.851
10230.000 0.808
10235.000 0.737
10240.000 0.710
10245.000 0.656
10250.000 0.623
10255.000 0.577
10260.000 0.561
10265.000 0.552
10270.000 0.513
10275.000 0.480
10280.000 0.452
10285.000 0.440
10290.000 0.428
10295.000 0.408
10300.000 0.394
10305.000 0.378
10310.000 0.369
10315.000 0.348
10320.000 0.338
10325.000 0.317
10330.000 0.308
10335.000 0.292
10340.000 0.287
10345.000 0.278
10350.000 0.268
10355.000 0.262
10360.000 0.255
10365.000 0.249
10370.000 0.243
10375.000 0.240
10380.000 0.238
10385.000 0.239
10390.000 0.229
10395.000 0.233
10400.000 0.235
10405.000 0.231
10410.000 0.233
10415.000 0.231
10420.000 0.236
10425.000 0.243
10430.000 0.243
10435.000 0.246
10440.000 0.253
10445.000 0.256
10450.000 0.270
10455.000 0.279
10460.000 0.286
10465.000 0.292
10470.000 0.303
10475.000 0.322
10480.000 0.330
10485.000 0.346
10490.000 0.356
10495.000 0.368
10500.000 0.387
10505.000 0.402
10510.000 0.425
10515.000 0.445
10520.000 0.460
10525.000 0.498
10530.000 0.517
10535.000 0.547
10540.000 0.567
10545.000 0.611
10550.000 0.674
10555.000 0.706
10560.000 0.780
10565.000 0.823
10570.000 0.923
10575.000 1.051
10580.000 1.134
10585.000 1.332
10590.000 1.414
10595.000 1.606
10600.000 1.844
10605.000 1.964
10610.000 2.202
10615.000 2.375
10620.000 2.419
10625.000 2.393
10630.000 2.327
10635.000 2.127
10640.000 2.013
10645.000 1.783
10650.000 1.581
10655.000 1.494
10660.000 1.344
10665.000 1.237
10670.000 1.188
10675.000 1.128
10680.000 1.093
10685.000 1.032
10690.000 1.011
10695.000 0.970
10700.000 0.935
10705.000 0.922
10710.000 0.902
10715.000 0.886
10720.000 0.853
10725.000 0.819
10730.000 0.806
10735.000 0.773
10740.000 0.761
10745.000 0.732
10750.000 0.711
10755.000 0.696
10760.000 0.675
10765.000 0.662
10770.000 0.645
10775.000 0.625
10780.000 0.617
10785.000 0.605
10790.000 0.593
10795.000 0.580
10800.000 0.574
10805.000 0.563
10810.000 0.553
10815.000 0.550
10820.000 0.539
10825.000 0.534
10830.000 0.525
10835.000 0.515
10840.000 0.521
10845.000 0.517
10850.000 0.513
10855.000 0.502
10860.000 0.491
10865.000 0.487
10870.000 0.481
10875.000 0.478
10880.000 0.472
10885.000 0.466
10890.000 0.461
10895.000 0.455
10900.000 0.456
10905.000 0.464
10910.000 0.452
10915.000 0.447
10920.000 0.445
10925.000 0.441
10930.000 0.445
10935.000 0.436
10940.000 0.432
10945.000 0.428
10950.000 0.424
10955.000 0.432
10960.000 0.432
10965.000 0.428
10970.000 0.424
10975.000 0.413
10980.000 0.411
10985.000 0.413
10990.000 0.412
10995.000 0.407
11000.000 0.402
11005.000 0.408
11010.000 0.403
11015.000 0.404
11020.000 0.394
11025.000 0.396
11030.000 0.403
11035.000 0.408
11040.000 0.414
11045.000 0.424
11050.000 0.416
11055.000 0.395
11060.000 0.396
11065.000 0.390
11070.000 0.385
11075.000 0.382
11080.000 0.380
11085.000 0.375
11090.000 0.379
11095.000 0.380
11100.000 0.377
11105.000 0.373
11110.000 0.372
11115.000 0.371
11120.000 0.367
11125.000 0.367
11130.000 0.364
11135.000 0.362
11140.000 0.361
11145.000 0.366
11150.000 0.363
11155.000 0.366
11160.000 0.363
11165.000 0.361
11170.000 0.362
11175.000 0.360
11180.000 0.357
11185.000 0.355
11190.000 0.350
11195.000 0.353
11200.000 0.352
11205.000 0.350
11210.000 0.351
11215.000 0.349
11220.000 0.353
11225.000 0.351
11230.000 0.354
11235.000 0.351
11240.000 0.353
11245.000 0.349
11250.000 0.348
11255.000 0.345
11260.000 0.343
11265.000 0.353
11270.000 0.355
11275.000 0.351
11280.000 0.350
11285.000 0.350
11290.000 0.349
11295.000 0.344
11300.000 0.344
11305.000 0.341
11310.000 0.340
11315.000 0.346
11320.000 0.348
11325.000 0.347
11330.000 0.346
11335.000 0.342
11340.000 0.340
11345.000 0.339
11350.000 0.339
11355.000 0.344
11360.000 0.344
11365.000 0.340
11370.000 0.344
11375.000 0.342
11380.000 0.340
11385.000 0.338
11390.000 0.339
11395.000 0.337
11400.000 0.333
11405.000 0.338
11410.000 0.337
11415.000 0.341
11420.000 0.341
11425.000 0.338
11430.000 0.338
11435.000 0.339
11440.000 0.338
11445.000 0.337
11450.000 0.334
11455.000 0.332
11460.000 0.331
11465.000 0.334
11470.000 0.329
11475.000 0.330
11480.000 0.329
11485.000 0.331
11490.000 0.333
11495.000 0.339
11500.000 0.334
11505.000 0.334
11510.000 0.330
11515.000 0.329
11520.000 0.336
11525.000 0.331
11530.000 0.324
11535.000 0.404
11540.000 0.439
11545.000 0.441
11550.000 0.439
11555.000 0.419
11560.000 0.400
11565.000 0.376
11570.000 0.353
11575.000 0.339
11580.000 0.332
11585.000 0.325
11590.000 0.325
11595.000 0.327
11600.000 0.323
11605.000 0.324
11610.000 0.327
11615.000 0.326
11620.000 0.324
11625.000 0.326
11630.000 0.324
11635.000 0.321
11640.000 0.322
11645.000 0.323
11650.000 0.323
11655.000 0.321
11660.000 0.323
11665.000 0.324
11670.000 0.321
11675.000 0.321
11680.000 0.323
11685.000 0.323
11690.000 0.320
11695.000 0.324
11700.000 0.322
11705.000 0.319
11710.000 0.318
11715.000 0.320
11720.000 0.321
11725.000 0.321
11730.000 0.332
11735.000 0.332
11740.000 0.327
11745.000 0.327
11750.000 0.330
11755.000 0.324
11760.000 0.325
11765.000 0.322
11770.000 0.320
11775.000 0.323
11780.000 0.320
11785.000 0.320
11790.000 0.320
11795.000 0.321
11800.000 0.322
11805.000 0.319
11810.000 0.317
11815.000 0.319
11820.000 0.318
11825.000 0.313
11830.000 0.312
11835.000 0.312
11840.000 0.315
11845.000 0.316
11850.000 0.314
11855.000 0.315
11860.000 0.314
11865.000 0.315
11870.000 0.312
11875.000 0.313
11880.000 0.315
11885.000 0.315
11890.000 0.316
11895.000 0.322
11900.000 0.321
11905.000 0.319
11910.000 0.319
11915.000 0.314
11920.000 0.315
11925.000 0.316
11930.000 0.317
11935.000 0.314
11940.000 0.314
11945.000 0.315
11950.000 0.311
11955.000 0.310
11960.000 0.309
11965.000 0.309
11970.000 0.311
11975.000 0.310
11980.000 0.309
11985.000 0.314
11990.000 0.316
11995.000 0.316
12000.000 0.318
