105.000 0.038
110.000 4.716
115.000 6.285
120.000 7.764
125.000 8.422
130.000 9.581
135.000 10.614
140.000 10.888
145.000 11.700
150.000 12.132
155.000 12.673
160.000 12.945
165.000 13.002
170.000 13.042
175.000 12.863
180.000 12.871
185.000 12.817
190.000 12.906
195.000 13.015
200.000 13.108
205.000 13.236
210.000 13.601
215.000 13.662
220.000 13.863
225.000 14.031
230.000 14.392
235.000 14.784
240.000 15.164
245.000 15.700
250.000 15.893
255.000 16.353
260.000 16.623
265.000 16.869
270.000 17.044
275.000 17.171
280.000 17.318
285.000 17.627
290.000 17.844
295.000 18.075
300.000 18.073
305.000 19.106
310.000 18.835
315.000 19.024
320.000 19.310
325.000 19.310
330.000 19.619
335.000 19.892
340.000 20.840
345.000 21.091
350.000 21.227
355.000 21.755
360.000 22.479
365.000 23.073
370.000 23.851
375.000 24.844
380.000 25.200
385.000 26.102
390.000 27.283
395.000 28.950
400.000 29.639
405.000 31.104
410.000 31.753
415.000 32.976
420.000 34.074
425.000 34.533
430.000 35.231
435.000 35.471
440.000 35.683
445.000 35.519
450.000 35.192
455.000 34.331
460.000 33.767
465.000 32.437
470.000 30.983
475.000 30.132
480.000 28.520
485.000 27.737
490.000 26.163
495.000 24.634
500.000 23.903
505.000 22.362
510.000 21.511
515.000 19.918
520.000 18.131
525.000 17.264
530.000 15.550
535.000 14.808
540.000 13.398
545.000 12.102
550.000 11.514
555.000 10.469
560.000 10.034
565.000 9.024
570.000 8.083
575.000 7.715
580.000 7.071
585.000 7.030
590.000 6.444
595.000 5.613
600.000 5.283
605.000 4.695
610.000 4.430
615.000 4.027
620.000 3.693
625.000 3.546
630.000 3.317
635.000 3.198
640.000 2.998
645.000 2.807
650.000 2.720
655.000 2.562
660.000 2.478
665.000 2.340
670.000 2.214
675.000 2.163
680.000 2.032
685.000 1.998
690.000 1.921
695.000 1.846
700.000 1.813
705.000 1.745
710.000 1.714
715.000 1.651
720.000 1.599
725.000 1.571
730.000 1.529
735.000 1.489
740.000 1.452
745.000 1.403
750.000 1.382
755.000 1.318
760.000 1.290
765.000 1.248
770.000 1.183
775.000 1.158
780.000 1.095
785.000 1.067
790.000 1.018
795.000 0.974
800.000 0.954
805.000 0.923
810.000 0.922
815.000 0.915
820.000 0.905
825.000 0.895
830.000 0.871
835.000 0.858
840.000 0.830
845.000 0.801
850.000 0.794
855.000 0.770
860.000 0.755
865.000 0.736
870.000 0.726
875.000 0.714
880.000 0.702
885.000 0.697
890.000 0.685
895.000 0.671
900.000 0.648
905.000 0.625
910.000 0.620
915.000 0.604
920.000 0.597
925.000 0.585
930.000 0.575
935.000 0.565
940.000 0.556
945.000 0.556
950.000 0.538
955.000 0.528
960.000 0.519
965.000 0.516
970.000 0.509
975.000 0.499
980.000 0.497
985.000 0.500
990.000 0.493
995.000 0.492
1000.000 0.497
1005.000 0.484
1010.000 0.484
1015.000 0.485
1020.000 0.499
1025.000 0.493
1030.000 0.497
1035.000 0.497
1040.000 0.507
1045.000 0.510
1050.000 0.511
1055.000 0.526
1060.000 0.529
1065.000 0.541
1070.000 0.545
1075.000 0.549
1080.000 0.558
1085.000 0.560
1090.000 0.575
1095.000 0.575
1100.000 0.587
1105.000 0.599
1110.000 0.606
1115.000 0.619
1120.000 0.624
1125.000 0.643
1130.000 0.659
1135.000 0.666
1140.000 0.684
1145.000 0.691
1150.000 0.717
1155.000 0.739
1160.000 0.750
1165.000 0.772
1170.000 0.792
1175.000 0.815
1180.000 0.848
1185.000 0.861
1190.000 0.897
1195.000 0.917
1200.000 0.956
1205.000 0.995
1210.000 1.023
1215.000 1.066
1220.000 1.093
1225.000 1.149
1230.000 1.209
1235.000 1.242
1240.000 1.296
1245.000 1.321
1250.000 1.371
1255.000 1.420
1260.000 1.449
1265.000 1.507
1270.000 1.535
1275.000 1.597
1280.000 1.671
1285.000 1.701
1290.000 1.776
1295.000 1.815
1300.000 1.897
1305.000 1.989
1310.000 2.036
1315.000 2.137
1320.000 2.187
1325.000 2.300
1330.000 2.424
1335.000 2.490
1340.000 2.629
1345.000 2.707
1350.000 2.858
1355.000 3.051
1360.000 3.146
1365.000 3.345
1370.000 3.456
1375.000 3.687
1380.000 3.963
1385.000 4.108
1390.000 4.431
1395.000 4.605
1400.000 4.996
1405.000 5.436
1410.000 5.664
1415.000 6.156
1420.000 6.422
1425.000 6.929
1430.000 7.427
1435.000 7.664
1440.000 8.092
1445.000 8.251
1450.000 8.401
1455.000 8.397
1460.000 8.205
1465.000 7.858
1470.000 7.663
1475.000 7.350
1480.000 7.200
1485.000 6.863
1490.000 6.474
1495.000 6.269
1500.000 5.893
1505.000 5.713
1510.000 5.360
1515.000 5.028
1520.000 4.878
1525.000 4.607
1530.000 4.464
1535.000 4.233
1540.000 4.009
1545.000 3.908
1550.000 3.691
1555.000 3.620
1560.000 3.457
1565.000 3.299
1570.000 3.231
1575.000 3.093
1580.000 3.042
1585.000 2.915
1590.000 2.788
1595.000 2.736
1600.000 2.618
1605.000 2.565
1610.000 2.442
1615.000 2.324
1620.000 2.256
1625.000 2.147
1630.000 2.094
1635.000 1.984
1640.000 1.887
1645.000 1.840
1650.000 1.751
1655.000 1.712
1660.000 1.627
1665.000 1.559
1670.000 1.532
1675.000 1.502
1680.000 1.504
1685.000 1.521
1690.000 1.567
1695.000 1.600
1700.000 1.674
1705.000 1.713
1710.000 1.805
1715.000 1.874
1720.000 1.906
1725.000 1.958
1730.000 1.981
1735.000 2.026
1740.000 2.055
1745.000 2.066
1750.000 2.092
1755.000 2.099
1760.000 2.115
1765.000 2.119
1770.000 2.120
1775.000 2.125
1780.000 2.119
1785.000 2.117
1790.000 2.106
1795.000 2.108
1800.000 2.106
1805.000 2.100
1810.000 2.093
1815.000 2.091
1820.000 2.084
1825.000 2.085
1830.000 2.078
1835.000 2.071
1840.000 2.069
1845.000 2.067
1850.000 2.061
1855.000 2.059
1860.000 2.059
1865.000 2.049
1870.000 2.044
1875.000 2.031
1880.000 2.024
1885.000 2.017
1890.000 2.005
1895.000 1.999
1900.000 1.996
1905.000 1.989
1910.000 1.980
1915.000 1.971
1920.000 1.970
1925.000 1.964
1930.000 1.961
1935.000 1.946
1940.000 1.936
1945.000 1.930
1950.000 1.932
1955.000 1.919
1960.000 1.906
1965.000 1.894
1970.000 1.885
1975.000 1.870
1980.000 1.869
1985.000 1.862
1990.000 1.844
1995.000 1.847
2000.000 1.835
2005.000 1.827
2010.000 1.812
2015.000 1.802
2020.000 1.798
2025.000 1.788
2030.000 1.764
2035.000 1.758
2040.000 1.734
2045.000 1.730
2050.000 1.706
2055.000 1.698
2060.000 1.680
2065.000 1.671
2070.000 1.655
2075.000 1.632
2080.000 1.626
2085.000 1.602
2090.000 1.596
2095.000 1.574
2100.000 1.558
2105.000 1.544
2110.000 1.532
2115.000 1.517
2120.000 1.495
2125.000 1.474
2130.000 1.468
2135.000 1.444
2140.000 1.431
2145.000 1.416
2150.000 1.396
2155.000 1.381
2160.000 1.362
2165.000 1.350
2170.000 1.329
2175.000 1.309
2180.000 1.295
2185.000 1.274
2190.000 1.264
2195.000 1.244
2200.000 1.225
2205.000 1.217
2210.000 1.195
2215.000 1.185
2220.000 1.169
2225.000 1.148
2230.000 1.138
2235.000 1.124
2240.000 1.117
2245.000 1.096
2250.000 1.082
2255.000 1.074
2260.000 1.054
2265.000 1.045
2270.000 1.033
2275.000 1.018
2280.000 1.012
2285.000 0.996
2290.000 0.990
2295.000 0.973
2300.000 0.959
2305.000 0.953
2310.000 0.939
2315.000 0.932
2320.000 0.923
2325.000 0.909
2330.000 0.906
2335.000 0.893
2340.000 0.889
2345.000 0.873
2350.000 0.870
2355.000 0.854
2360.000 0.847
2365.000 0.839
2370.000 0.830
2375.000 0.823
2380.000 0.815
2385.000 0.804
2390.000 0.798
2395.000 0.786
2400.000 0.780
2405.000 0.775
2410.000 0.768
2415.000 0.762
2420.000 0.754
2425.000 0.743
2430.000 0.740
2435.000 0.732
2440.000 0.731
2445.000 0.722
2450.000 0.715
2455.000 0.711
2460.000 0.706
2465.000 0.703
2470.000 0.693
2475.000 0.686
2480.000 0.686
2485.000 0.682
2490.000 0.680
2495.000 0.672
2500.000 0.666
2505.000 0.662
2510.000 0.655
2515.000 0.653
2520.000 0.652
2525.000 0.646
2530.000 0.646
2535.000 0.638
2540.000 0.637
2545.000 0.631
2550.000 0.624
2555.000 0.625
2560.000 0.617
2565.000 0.618
2570.000 0.616
2575.000 0.609
2580.000 0.607
2585.000 0.604
2590.000 0.604
2595.000 0.601
2600.000 0.598
2605.000 0.597
2610.000 0.596
2615.000 0.596
2620.000 0.592
2625.000 0.591
2630.000 0.587
2635.000 0.586
2640.000 0.583
2645.000 0.581
2650.000 0.581
2655.000 0.582
2660.000 0.577
2665.000 0.575
2670.000 0.574
2675.000 0.575
2680.000 0.572
2685.000 0.570
2690.000 0.567
2695.000 0.565
2700.000 0.566
2705.000 0.564
2710.000 0.562
2715.000 0.562
2720.000 0.559
2725.000 0.560
2730.000 0.560
2735.000 0.559
2740.000 0.560
2745.000 0.559
2750.000 0.561
2755.000 0.560
2760.000 0.563
2765.000 0.561
2770.000 0.564
2775.000 0.559
2780.000 0.560
2785.000 0.559
2790.000 0.558
2795.000 0.560
2800.000 0.561
2805.000 0.559
2810.000 0.563
2815.000 0.562
2820.000 0.565
2825.000 0.565
2830.000 0.564
2835.000 0.564
2840.000 0.568
2845.000 0.567
2850.000 0.569
2855.000 0.571
2860.000 0.570
2865.000 0.574
2870.000 0.576
2875.000 0.576
2880.000 0.578
2885.000 0.579
2890.000 0.583
2895.000 0.585
2900.000 0.585
2905.000 0.588
2910.000 0.590
2915.000 0.592
2920.000 0.595
2925.000 0.595
2930.000 0.602
2935.000 0.601
2940.000 0.605
2945.000 0.605
2950.000 0.612
2955.000 0.623
2960.000 0.617
2965.000 0.619
2970.000 0.628
2975.000 0.626
2980.000 0.631
2985.000 0.637
2990.000 0.638
2995.000 0.644
3000.000 0.652
3005.000 0.647
3010.000 0.650
3015.000 0.654
3020.000 0.674
3025.000 0.666
3030.000 0.668
3035.000 0.680
3040.000 0.689
3045.000 0.697
3050.000 0.700
3055.000 0.704
3060.000 0.703
3065.000 0.711
3070.000 0.722
3075.000 0.729
3080.000 0.735
3085.000 0.736
3090.000 0.748
3095.000 0.756
3100.000 0.763
3105.000 0.773
3110.000 0.782
3115.000 0.794
3120.000 0.805
3125.000 0.812
3130.000 0.822
3135.000 0.832
3140.000 0.843
3145.000 0.861
3150.000 0.868
3155.000 0.884
3160.000 0.892
3165.000 0.915
3170.000 0.930
3175.000 0.937
3180.000 0.957
3185.000 0.967
3190.000 0.989
3195.000 1.011
3200.000 1.023
3205.000 1.052
3210.000 1.062
3215.000 1.091
3220.000 1.120
3225.000 1.135
3230.000 1.165
3235.000 1.190
3240.000 1.230
3245.000 1.264
3250.000 1.286
3255.000 1.324
3260.000 1.346
3265.000 1.390
3270.000 1.442
3275.000 1.470
3280.000 1.549
3285.000 1.578
3290.000 1.641
3295.000 1.712
3300.000 1.749
3305.000 1.827
3310.000 1.874
3315.000 1.968
3320.000 2.114
3325.000 2.168
3330.000 2.276
3335.000 2.344
3340.000 2.485
3345.000 2.636
3350.000 2.725
3355.000 2.909
3360.000 3.009
3365.000 3.313
3370.000 3.605
3375.000 3.773
3380.000 4.138
3385.000 4.354
3390.000 4.854
3395.000 5.435
3400.000 5.765
3405.000 6.575
3410.000 6.963
3415.000 7.643
3420.000 8.085
3425.000 8.162
3430.000 7.991
3435.000 7.737
3440.000 7.080
3445.000 6.401
3450.000 6.116
3455.000 5.617
3460.000 5.384
3465.000 4.939
3470.000 4.534
3475.000 4.347
3480.000 4.006
3485.000 3.852
3490.000 3.579
3495.000 3.329
3500.000 3.214
3505.000 3.003
3510.000 2.912
3515.000 2.738
3520.000 2.576
3525.000 2.511
3530.000 2.378
3535.000 2.318
3540.000 2.208
3545.000 2.156
3550.000 2.058
3555.000 1.966
3560.000 1.926
3565.000 1.842
3570.000 1.803
3575.000 1.738
3580.000 1.679
3585.000 1.644
3590.000 1.589
3595.000 1.559
3600.000 1.508
3605.000 1.461
3610.000 1.441
3615.000 1.396
3620.000 1.375
3625.000 1.337
3630.000 1.298
3635.000 1.284
3640.000 1.250
3645.000 1.238
3650.000 1.213
3655.000 1.179
3660.000 1.163
3665.000 1.125
3670.000 1.105
3675.000 1.077
3680.000 1.048
3685.000 1.036
3690.000 1.014
3695.000 1.005
3700.000 0.979
3705.000 0.953
3710.000 0.943
3715.000 0.926
3720.000 0.915
3725.000 0.896
3730.000 0.882
3735.000 0.872
3740.000 0.858
3745.000 0.850
3750.000 0.837
3755.000 0.824
3760.000 0.818
3765.000 0.806
3770.000 0.802
3775.000 0.790
3780.000 0.779
3785.000 0.776
3790.000 0.765
3795.000 0.759
3800.000 0.750
3805.000 0.743
3810.000 0.740
3815.000 0.731
3820.000 0.730
3825.000 0.720
3830.000 0.715
3835.000 0.714
3840.000 0.707
3845.000 0.702
3850.000 0.695
3855.000 0.691
3860.000 0.687
3865.000 0.683
3870.000 0.681
3875.000 0.677
3880.000 0.675
3885.000 0.672
3890.000 0.662
3895.000 0.666
3900.000 0.660
3905.000 0.661
3910.000 0.659
3915.000 0.656
3920.000 0.651
3925.000 0.651
3930.000 0.649
3935.000 0.648
3940.000 0.645
3945.000 0.645
3950.000 0.640
3955.000 0.642
3960.000 0.636
3965.000 0.636
3970.000 0.635
3975.000 0.644
3980.000 0.641
3985.000 0.637
3990.000 0.637
3995.000 0.632
4000.000 0.627
4005.000 0.643
4010.000 0.645
4015.000 0.643
4020.000 0.637
4025.000 0.651
4030.000 0.640
4035.000 0.647
4040.000 0.645
4045.000 0.643
4050.000 0.640
4055.000 0.643
4060.000 0.638
4065.000 0.641
4070.000 0.643
4075.000 0.643
4080.000 0.646
4085.000 0.647
4090.000 0.650
4095.000 0.650
4100.000 0.656
4105.000 0.656
4110.000 0.658
4115.000 0.659
4120.000 0.663
4125.000 0.668
4130.000 0.672
4135.000 0.676
4140.000 0.682
4145.000 0.683
4150.000 0.688
4155.000 0.694
4160.000 0.699
4165.000 0.706
4170.000 0.708
4175.000 0.719
4180.000 0.720
4185.000 0.729
4190.000 0.736
4195.000 0.740
4200.000 0.752
4205.000 0.758
4210.000 0.767
4215.000 0.779
4220.000 0.785
4225.000 0.803
4230.000 0.810
4235.000 0.816
4240.000 0.830
4245.000 0.838
4250.000 0.857
4255.000 0.861
4260.000 0.876
4265.000 0.892
4270.000 0.900
4275.000 0.918
4280.000 0.926
4285.000 0.938
4290.000 0.958
4295.000 0.967
4300.000 0.981
4305.000 0.989
4310.000 1.009
4315.000 1.034
4320.000 1.044
4325.000 1.067
4330.000 1.086
4335.000 1.129
4340.000 1.172
4345.000 1.191
4350.000 1.247
4355.000 1.276
4360.000 1.337
4365.000 1.408
4370.000 1.443
4375.000 1.536
4380.000 1.585
4385.000 1.695
4390.000 1.823
4395.000 1.894
4400.000 2.064
4405.000 2.163
4410.000 2.395
4415.000 2.687
4420.000 2.853
4425.000 3.262
4430.000 3.435
4435.000 3.799
4440.000 4.036
4445.000 4.062
4450.000 3.892
4455.000 3.720
4460.000 3.296
4465.000 2.911
4470.000 2.740
4475.000 2.421
4480.000 2.277
4485.000 2.012
4490.000 1.788
4495.000 1.684
4500.000 1.508
4505.000 1.429
4510.000 1.296
4515.000 1.178
4520.000 1.129
4525.000 1.030
4530.000 0.989
4535.000 0.909
4540.000 0.840
4545.000 0.802
4550.000 0.744
4555.000 0.722
4560.000 0.668
4565.000 0.620
4570.000 0.600
4575.000 0.559
4580.000 0.543
4585.000 0.514
4590.000 0.486
4595.000 0.471
4600.000 0.438
4605.000 0.424
4610.000 0.397
4615.000 0.371
4620.000 0.361
4625.000 0.343
4630.000 0.332
4635.000 0.319
4640.000 0.304
4645.000 0.297
4650.000 0.285
4655.000 0.280
4660.000 0.272
4665.000 0.262
4670.000 0.260
4675.000 0.251
4680.000 0.249
4685.000 0.242
4690.000 0.236
4695.000 0.232
4700.000 0.224
4705.000 0.223
4710.000 0.218
4715.000 0.213
4720.000 0.209
4725.000 0.204
4730.000 0.199
4735.000 0.195
4740.000 0.189
4745.000 0.185
4750.000 0.177
4755.000 0.174
4760.000 0.166
4765.000 0.162
4770.000 0.153
4775.000 0.147
4780.000 0.143
4785.000 0.136
4790.000 0.131
4795.000 0.124
4800.000 0.115
4805.000 0.112
4810.000 0.105
4815.000 0.102
4820.000 0.093
4825.000 0.087
4830.000 0.084
4835.000 0.077
4840.000 0.074
4845.000 0.067
4850.000 0.062
4855.000 0.058
4860.000 0.051
4865.000 0.048
4870.000 0.043
4875.000 0.037
4880.000 0.033
4885.000 0.030
4890.000 0.027
4895.000 0.021
4900.000 0.018
4905.000 0.014
4910.000 0.009
4915.000 0.007
4920.000 0.007
4925.000 0.012
4930.000 0.011
4935.000 0.016
4940.000 0.020
4945.000 0.027
4950.000 0.032
4955.000 0.033
4960.000 0.043
4965.000 0.039
4970.000 0.048
4975.000 0.052
4980.000 0.053
4985.000 0.065
4990.000 0.069
4995.000 0.076
5000.000 0.080
5005.000 0.087
5010.000 0.093
5015.000 0.099
5020.000 0.097
5025.000 0.107
5030.000 0.116
5035.000 0.122
5040.000 0.129
5045.000 0.136
5050.000 0.141
5055.000 0.151
5060.000 0.160
5065.000 0.159
5070.000 0.174
5075.000 0.185
5080.000 0.189
5085.000 0.200
5090.000 0.205
5095.000 0.215
5100.000 0.231
5105.000 0.238
5110.000 0.254
5115.000 0.262
5120.000 0.276
5125.000 0.284
5130.000 0.285
5135.000 0.294
5140.000 0.299
5145.000 0.306
5150.000 0.312
5155.000 0.314
5160.000 0.320
5165.000 0.323
5170.000 0.332
5175.000 0.335
5180.000 0.337
5185.000 0.339
5190.000 0.345
5195.000 0.348
5200.000 0.353
5205.000 0.353
5210.000 0.354
5215.000 0.356
5220.000 0.358
5225.000 0.363
5230.000 0.362
5235.000 0.365
5240.000 0.366
5245.000 0.369
5250.000 0.370
5255.000 0.371
5260.000 0.371
5265.000 0.373
5270.000 0.374
5275.000 0.373
5280.000 0.372
5285.000 0.373
5290.000 0.374
5295.000 0.370
5300.000 0.374
5305.000 0.373
5310.000 0.373
5315.000 0.374
5320.000 0.373
5325.000 0.373
5330.000 0.372
5335.000 0.373
5340.000 0.374
5345.000 0.370
5350.000 0.371
5355.000 0.374
5360.000 0.374
5365.000 0.374
5370.000 0.371
5375.000 0.370
5380.000 0.368
5385.000 0.367
5390.000 0.369
5395.000 0.371
5400.000 0.372
5405.000 0.369
5410.000 0.368
5415.000 0.367
5420.000 0.365
5425.000 0.366
5430.000 0.364
5435.000 0.363
5440.000 0.369
5445.000 0.365
5450.000 0.364
5455.000 0.365
5460.000 0.366
5465.000 0.366
5470.000 0.364
5475.000 0.366
5480.000 0.365
5485.000 0.364
5490.000 0.364
5495.000 0.363
5500.000 0.363
5505.000 0.366
5510.000 0.365
5515.000 0.363
5520.000 0.369
5525.000 0.372
5530.000 0.373
5535.000 0.369
5540.000 0.370
5545.000 0.365
5550.000 0.365
5555.000 0.361
5560.000 0.362
5565.000 0.365
5570.000 0.360
5575.000 0.364
5580.000 0.362
5585.000 0.360
5590.000 0.360
5595.000 0.362
5600.000 0.363
5605.000 0.364
5610.000 0.362
5615.000 0.363
5620.000 0.365
5625.000 0.365
5630.000 0.364
5635.000 0.362
5640.000 0.364
5645.000 0.365
5650.000 0.364
5655.000 0.366
5660.000 0.363
5665.000 0.366
5670.000 0.365
5675.000 0.363
5680.000 0.363
5685.000 0.368
5690.000 0.368
5695.000 0.369
5700.000 0.369
5705.000 0.367
5710.000 0.367
5715.000 0.366
5720.000 0.365
5725.000 0.366
5730.000 0.368
5735.000 0.368
5740.000 0.372
5745.000 0.370
5750.000 0.372
5755.000 0.370
5760.000 0.368
5765.000 0.371
5770.000 0.372
5775.000 0.371
5780.000 0.373
5785.000 0.374
5790.000 0.374
5795.000 0.376
5800.000 0.376
5805.000 0.374
5810.000 0.377
5815.000 0.372
5820.000 0.378
5825.000 0.374
5830.000 0.375
5835.000 0.376
5840.000 0.376
5845.000 0.378
5850.000 0.378
5855.000 0.379
5860.000 0.381
5865.000 0.381
5870.000 0.380
5875.000 0.383
5880.000 0.383
5885.000 0.386
5890.000 0.386
5895.000 0.389
5900.000 0.388
5905.000 0.390
5910.000 0.386
5915.000 0.389
5920.000 0.392
5925.000 0.393
5930.000 0.394
5935.000 0.391
5940.000 0.399
5945.000 0.395
5950.000 0.397
5955.000 0.395
5960.000 0.394
5965.000 0.395
5970.000 0.406
5975.000 0.405
5980.000 0.404
5985.000 0.406
5990.000 0.398
5995.000 0.399
6000.000 0.407
6005.000 0.403
6010.000 0.402
6015.000 0.411
6020.000 0.408
6025.000 0.410
6030.000 0.417
6035.000 0.408
6040.000 0.418
6045.000 0.413
6050.000 0.413
6055.000 0.417
6060.000 0.414
6065.000 0.419
6070.000 0.418
6075.000 0.417
6080.000 0.419
6085.000 0.423
6090.000 0.422
6095.000 0.424
6100.000 0.423
6105.000 0.425
6110.000 0.423
6115.000 0.427
6120.000 0.430
6125.000 0.431
6130.000 0.431
6135.000 0.435
6140.000 0.434
6145.000 0.442
6150.000 0.438
6155.000 0.444
6160.000 0.444
6165.000 0.448
6170.000 0.450
6175.000 0.454
6180.000 0.451
6185.000 0.451
6190.000 0.456
6195.000 0.461
6200.000 0.458
6205.000 0.461
6210.000 0.463
6215.000 0.467
6220.000 0.467
6225.000 0.469
6230.000 0.473
6235.000 0.472
6240.000 0.478
6245.000 0.477
6250.000 0.482
6255.000 0.483
6260.000 0.485
6265.000 0.485
6270.000 0.488
6275.000 0.496
6280.000 0.495
6285.000 0.497
6290.000 0.508
6295.000 0.507
6300.000 0.511
6305.000 0.523
6310.000 0.538
6315.000 0.543
6320.000 0.542
6325.000 0.537
6330.000 0.536
6335.000 0.539
6340.000 0.540
6345.000 0.546
6350.000 0.547
6355.000 0.550
6360.000 0.551
6365.000 0.558
6370.000 0.562
6375.000 0.571
6380.000 0.571
6385.000 0.574
6390.000 0.579
6395.000 0.584
6400.000 0.590
6405.000 0.599
6410.000 0.601
6415.000 0.611
6420.000 0.616
6425.000 0.626
6430.000 0.632
6435.000 0.633
6440.000 0.647
6445.000 0.651
6450.000 0.666
6455.000 0.667
6460.000 0.674
6465.000 0.683
6470.000 0.690
6475.000 0.699
6480.000 0.712
6485.000 0.719
6490.000 0.733
6495.000 0.739
6500.000 0.750
6505.000 0.766
6510.000 0.775
6515.000 0.794
6520.000 0.804
6525.000 0.815
6530.000 0.831
6535.000 0.839
6540.000 0.860
6545.000 0.869
6550.000 0.886
6555.000 0.913
6560.000 0.920
6565.000 0.943
6570.000 0.957
6575.000 0.982
6580.000 1.011
6585.000 1.029
6590.000 1.063
6595.000 1.076
6600.000 1.107
6605.000 1.143
6610.000 1.161
6615.000 1.205
6620.000 1.226
6625.000 1.272
6630.000 1.313
6635.000 1.343
6640.000 1.401
6645.000 1.430
6650.000 1.493
6655.000 1.562
6660.000 1.605
6665.000 1.680
6670.000 1.727
6675.000 1.824
6680.000 1.936
6685.000 1.990
6690.000 2.124
6695.000 2.192
6700.000 2.360
6705.000 2.550
6710.000 2.669
6715.000 2.927
6720.000 3.087
6725.000 3.458
6730.000 3.942
6735.000 4.232
6740.000 4.945
6745.000 5.373
6750.000 6.423
6755.000 7.703
6760.000 8.417
6765.000 9.860
6770.000 10.496
6775.000 11.297
6780.000 11.149
6785.000 10.618
6790.000 9.088
6795.000 8.269
6800.000 6.669
6805.000 6.038
6810.000 5.026
6815.000 4.293
6820.000 3.999
6825.000 3.563
6830.000 3.391
6835.000 3.096
6840.000 2.844
6845.000 2.733
6850.000 2.541
6855.000 2.454
6860.000 2.291
6865.000 2.156
6870.000 2.090
6875.000 1.980
6880.000 1.928
6885.000 1.827
6890.000 1.732
6895.000 1.690
6900.000 1.615
6905.000 1.578
6910.000 1.512
6915.000 1.455
6920.000 1.425
6925.000 1.375
6930.000 1.347
6935.000 1.304
6940.000 1.259
6945.000 1.237
6950.000 1.184
6955.000 1.155
6960.000 1.107
6965.000 1.064
6970.000 1.039
6975.000 0.999
6980.000 0.985
6985.000 0.945
6990.000 0.920
6995.000 0.904
7000.000 0.880
7005.000 0.860
7010.000 0.835
7015.000 0.819
7020.000 0.817
7025.000 0.791
7030.000 0.787
7035.000 0.766
7040.000 0.748
7045.000 0.743
7050.000 0.729
7055.000 0.728
7060.000 0.718
7065.000 0.699
7070.000 0.697
7075.000 0.685
7080.000 0.682
7085.000 0.672
7090.000 0.663
7095.000 0.660
7100.000 0.653
7105.000 0.648
7110.000 0.641
7115.000 0.635
7120.000 0.633
7125.000 0.626
7130.000 0.625
7135.000 0.618
7140.000 0.616
7145.000 0.615
7150.000 0.613
7155.000 0.610
7160.000 0.606
7165.000 0.606
7170.000 0.603
7175.000 0.602
7180.000 0.602
7185.000 0.600
7190.000 0.601
7195.000 0.601
7200.000 0.600
7205.000 0.599
7210.000 0.600
7215.000 0.601
7220.000 0.600
7225.000 0.602
7230.000 0.603
7235.000 0.606
7240.000 0.608
7245.000 0.611
7250.000 0.613
7255.000 0.615
7260.000 0.618
7265.000 0.622
7270.000 0.625
7275.000 0.634
7280.000 0.635
7285.000 0.645
7290.000 0.654
7295.000 0.659
7300.000 0.665
7305.000 0.673
7310.000 0.680
7315.000 0.693
7320.000 0.698
7325.000 0.713
7330.000 0.720
7335.000 0.730
7340.000 0.749
7345.000 0.753
7350.000 0.771
7355.000 0.788
7360.000 0.813
7365.000 0.884
7370.000 0.898
7375.000 0.910
7380.000 0.914
7385.000 0.923
7390.000 0.932
7395.000 0.922
7400.000 0.951
7405.000 0.957
7410.000 0.982
7415.000 0.996
7420.000 1.017
7425.000 1.064
7430.000 1.075
7435.000 1.109
7440.000 1.133
7445.000 1.169
7450.000 1.214
7455.000 1.236
7460.000 1.289
7465.000 1.318
7470.000 1.382
7475.000 1.448
7480.000 1.487
7485.000 1.573
7490.000 1.615
7495.000 1.695
7500.000 1.796
7505.000 1.852
7510.000 1.985
7515.000 2.058
7520.000 2.242
7525.000 2.485
7530.000 2.630
7535.000 2.983
7540.000 3.195
7545.000 3.690
7550.000 4.286
7555.000 4.610
7560.000 5.277
7565.000 5.581
7570.000 6.025
7575.000 5.998
7580.000 5.772
7585.000 5.088
7590.000 4.712
7595.000 4.008
7600.000 3.452
7605.000 3.222
7610.000 2.868
7615.000 2.719
7620.000 2.463
7625.000 2.239
7630.000 2.141
7635.000 1.967
7640.000 1.888
7645.000 1.747
7650.000 1.637
7655.000 1.578
7660.000 1.487
7665.000 1.441
7670.000 1.355
7675.000 1.289
7680.000 1.257
7685.000 1.192
7690.000 1.166
7695.000 1.116
7700.000 1.065
7705.000 1.045
7710.000 1.005
7715.000 0.987
7720.000 0.949
7725.000 0.918
7730.000 0.902
7735.000 0.875
7740.000 0.859
7745.000 0.836
7750.000 0.810
7755.000 0.801
7760.000 0.777
7765.000 0.769
7770.000 0.746
7775.000 0.721
7780.000 0.711
7785.000 0.687
7790.000 0.677
7795.000 0.656
7800.000 0.638
7805.000 0.630
7810.000 0.618
7815.000 0.611
7820.000 0.594
7825.000 0.578
7830.000 0.575
7835.000 0.564
7840.000 0.559
7845.000 0.548
7850.000 0.539
7855.000 0.533
7860.000 0.524
7865.000 0.516
7870.000 0.511
7875.000 0.502
7880.000 0.496
7885.000 0.493
7890.000 0.486
7895.000 0.482
7900.000 0.473
7905.000 0.473
7910.000 0.467
7915.000 0.465
7920.000 0.460
7925.000 0.456
7930.000 0.453
7935.000 0.446
7940.000 0.447
7945.000 0.441
7950.000 0.438
7955.000 0.435
7960.000 0.433
7965.000 0.427
7970.000 0.430
7975.000 0.423
7980.000 0.422
7985.000 0.422
7990.000 0.418
7995.000 0.417
8000.000 0.411
8005.000 0.409
8010.000 0.412
8015.000 0.408
8020.000 0.407
8025.000 0.409
8030.000 0.404
8035.000 0.397
8040.000 0.395
8045.000 0.391
8050.000 0.393
8055.000 0.390
8060.000 0.390
8065.000 0.392
8070.000 0.386
8075.000 0.385
8080.000 0.384
8085.000 0.380
8090.000 0.381
8095.000 0.378
8100.000 0.377
8105.000 0.377
8110.000 0.372
8115.000 0.374
8120.000 0.370
8125.000 0.372
8130.000 0.369
8135.000 0.368
8140.000 0.367
8145.000 0.369
8150.000 0.369
8155.000 0.367
8160.000 0.366
8165.000 0.366
8170.000 0.366
8175.000 0.365
8180.000 0.365
8185.000 0.364
8190.000 0.365
8195.000 0.365
8200.000 0.364
8205.000 0.361
8210.000 0.361
8215.000 0.360
8220.000 0.361
8225.000 0.360
8230.000 0.361
8235.000 0.359
8240.000 0.359
8245.000 0.359
8250.000 0.359
8255.000 0.358
8260.000 0.360
8265.000 0.358
8270.000 0.357
8275.000 0.358
8280.000 0.359
8285.000 0.357
8290.000 0.358
8295.000 0.357
8300.000 0.357
8305.000 0.357
8310.000 0.359
8315.000 0.359
8320.000 0.358
8325.000 0.358
8330.000 0.358
8335.000 0.357
8340.000 0.358
8345.000 0.360
8350.000 0.360
8355.000 0.361
8360.000 0.361
8365.000 0.360
8370.000 0.359
8375.000 0.362
8380.000 0.357
8385.000 0.361
8390.000 0.358
8395.000 0.359
8400.000 0.358
8405.000 0.360
8410.000 0.357
8415.000 0.358
8420.000 0.359
8425.000 0.358
8430.000 0.360
8435.000 0.362
8440.000 0.362
8445.000 0.359
8450.000 0.361
8455.000 0.361
8460.000 0.362
8465.000 0.360
8470.000 0.364
8475.000 0.362
8480.000 0.362
8485.000 0.362
8490.000 0.364
8495.000 0.363
8500.000 0.364
8505.000 0.364
8510.000 0.362
8515.000 0.362
8520.000 0.364
8525.000 0.365
8530.000 0.363
8535.000 0.366
8540.000 0.364
8545.000 0.366
8550.000 0.365
8555.000 0.367
8560.000 0.368
8565.000 0.366
8570.000 0.367
8575.000 0.369
8580.000 0.368
8585.000 0.368
8590.000 0.370
8595.000 0.371
8600.000 0.372
8605.000 0.371
8610.000 0.372
8615.000 0.371
8620.000 0.371
8625.000 0.373
8630.000 0.373
8635.000 0.374
8640.000 0.377
8645.000 0.377
8650.000 0.378
8655.000 0.379
8660.000 0.379
8665.000 0.378
8670.000 0.375
8675.000 0.378
8680.000 0.378
8685.000 0.379
8690.000 0.379
8695.000 0.380
8700.000 0.380
8705.000 0.378
8710.000 0.382
8715.000 0.377
8720.000 0.379
8725.000 0.376
8730.000 0.380
8735.000 0.380
8740.000 0.380
8745.000 0.378
8750.000 0.381
8755.000 0.379
8760.000 0.380
8765.000 0.383
8770.000 0.384
8775.000 0.383
8780.000 0.381
8785.000 0.384
8790.000 0.383
8795.000 0.385
8800.000 0.383
8805.000 0.381
8810.000 0.381
8815.000 0.388
8820.000 0.387
8825.000 0.393
8830.000 0.377
8835.000 0.377
8840.000 0.391
8845.000 0.388
8850.000 0.380
8855.000 0.379
8860.000 0.382
8865.000 0.382
8870.000 0.380
8875.000 0.378
8880.000 0.378
8885.000 0.374
8890.000 0.378
8895.000 0.376
8900.000 0.378
8905.000 0.375
8910.000 0.377
8915.000 0.379
8920.000 0.378
8925.000 0.374
8930.000 0.375
8935.000 0.382
8940.000 0.382
8945.000 0.381
8950.000 0.377
8955.000 0.379
8960.000 0.381
8965.000 0.381
8970.000 0.374
8975.000 0.377
8980.000 0.374
8985.000 0.377
8990.000 0.383
8995.000 0.384
9000.000 0.391
9005.000 0.389
9010.000 0.389
9015.000 0.386
9020.000 0.400
9025.000 0.389
9030.000 0.385
9035.000 0.390
9040.000 0.399
9045.000 0.396
9050.000 0.388
9055.000 0.393
9060.000 0.390
9065.000 0.388
9070.000 0.384
9075.000 0.388
9080.000 0.385
9085.000 0.385
9090.000 0.385
9095.000 0.388
9100.000 0.386
9105.000 0.386
9110.000 0.384
9115.000 0.387
9120.000 0.384
9125.000 0.386
9130.000 0.387
9135.000 0.387
9140.000 0.385
9145.000 0.386
9150.000 0.386
9155.000 0.386
9160.000 0.386
9165.000 0.386
9170.000 0.386
9175.000 0.386
9180.000 0.385
9185.000 0.388
9190.000 0.391
9195.000 0.390
9200.000 0.390
9205.000 0.388
9210.000 0.388
9215.000 0.392
9220.000 0.391
9225.000 0.394
9230.000 0.390
9235.000 0.392
9240.000 0.394
9245.000 0.394
9250.000 0.395
9255.000 0.402
9260.000 0.405
9265.000 0.405
9270.000 0.405
9275.000 0.404
9280.000 0.401
9285.000 0.402
9290.000 0.409
9295.000 0.411
9300.000 0.409
9305.000 0.405
9310.000 0.406
9315.000 0.404
9320.000 0.404
9325.000 0.404
9330.000 0.405
9335.000 0.405
9340.000 0.407
9345.000 0.408
9350.000 0.406
9355.000 0.404
9360.000 0.404
9365.000 0.406
9370.000 0.410
9375.000 0.407
9380.000 0.410
9385.000 0.407
9390.000 0.411
9395.000 0.410
9400.000 0.409
9405.000 0.411
9410.000 0.411
9415.000 0.410
9420.000 0.409
9425.000 0.411
9430.000 0.415
9435.000 0.414
9440.000 0.414
9445.000 0.415
9450.000 0.415
9455.000 0.418
9460.000 0.414
9465.000 0.418
9470.000 0.418
9475.000 0.418
9480.000 0.418
9485.000 0.421
9490.000 0.421
9495.000 0.421
9500.000 0.424
9505.000 0.421
9510.000 0.427
9515.000 0.425
9520.000 0.428
9525.000 0.429
9530.000 0.431
9535.000 0.433
9540.000 0.432
9545.000 0.430
9550.000 0.435
9555.000 0.434
9560.000 0.434
9565.000 0.433
9570.000 0.438
9575.000 0.442
9580.000 0.440
9585.000 0.443
9590.000 0.440
9595.000 0.442
9600.000 0.445
9605.000 0.447
9610.000 0.451
9615.000 0.452
9620.000 0.455
9625.000 0.453
9630.000 0.457
9635.000 0.458
9640.000 0.457
9645.000 0.458
9650.000 0.461
9655.000 0.461
9660.000 0.464
9665.000 0.462
9670.000 0.463
9675.000 0.470
9680.000 0.472
9685.000 0.475
9690.000 0.473
9695.000 0.474
9700.000 0.474
9705.000 0.479
9710.000 0.480
9715.000 0.485
9720.000 0.486
9725.000 0.490
9730.000 0.490
9735.000 0.490
9740.000 0.496
9745.000 0.498
9750.000 0.504
9755.000 0.506
9760.000 0.503
9765.000 0.511
9770.000 0.510
9775.000 0.514
9780.000 0.519
9785.000 0.522
9790.000 0.525
9795.000 0.526
9800.000 0.537
9805.000 0.538
9810.000 0.546
9815.000 0.557
9820.000 0.558
9825.000 0.554
9830.000 0.563
9835.000 0.564
9840.000 0.567
9845.000 0.570
9850.000 0.581
9855.000 0.580
9860.000 0.589
9865.000 0.595
9870.000 0.599
9875.000 0.609
9880.000 0.610
9885.000 0.620
9890.000 0.626
9895.000 0.635
9900.000 0.646
9905.000 0.648
9910.000 0.660
9915.000 0.675
9920.000 0.682
9925.000 0.693
9930.000 0.702
9935.000 0.712
9940.000 0.732
9945.000 0.738
9950.000 0.756
9955.000 0.766
9960.000 0.792
9965.000 0.809
9970.000 0.816
9975.000 0.842
9980.000 0.858
9985.000 0.888
9990.000 0.917
9995.000 0.930
10000.000 0.976
10005.000 0.988
10010.000 1.033
10015.000 1.083
10020.000 1.119
10025.000 1.174
10030.000 1.207
10035.000 1.271
10040.000 1.361
10045.000 1.405
10050.000 1.521
10055.000 1.580
10060.000 1.719
10065.000 1.889
10070.000 2.003
10075.000 2.247
10080.000 2.384
10085.000 2.688
10090.000 2.835
10095.000 3.099
10100.000 3.215
10105.000 3.189
10110.000 2.967
10115.000 2.802
10120.000 2.445
10125.000 2.116
10130.000 1.981
10135.000 1.715
10140.000 1.600
10145.000 1.395
10150.000 1.227
10155.000 1.154
10160.000 1.024
10165.000 0.966
10170.000 0.866
10175.000 0.777
10180.000 0.737
10185.000 0.670
10190.000 0.636
10195.000 0.578
10200.000 0.530
10205.000 0.508
10210.000 0.467
10215.000 0.446
10220.000 0.413
10225.000 0.375
10230.000 0.358
10235.000 0.328
10240.000 0.315
10245.000 0.286
10250.000 0.261
10255.000 0.252
10260.000 0.235
10265.000 0.226
10270.000 0.210
10275.000 0.196
10280.000 0.189
10285.000 0.178
10290.000 0.172
10295.000 0.161
10300.000 0.154
10305.000 0.150
10310.000 0.140
10315.000 0.137
10320.000 0.132
10325.000 0.123
10330.000 0.120
10335.000 0.116
10340.000 0.113
10345.000 0.107
10350.000 0.103
10355.000 0.101
10360.000 0.096
10365.000 0.096
10370.000 0.091
10375.000 0.089
10380.000 0.090
10385.000 0.083
10390.000 0.076
10395.000 0.081
10400.000 0.078
10405.000 0.076
10410.000 0.072
10415.000 0.071
10420.000 0.069
10425.000 0.066
10430.000 0.066
10435.000 0.065
10440.000 0.064
10445.000 0.062
10450.000 0.061
10455.000 0.060
10460.000 0.059
10465.000 0.057
10470.000 0.057
10475.000 0.056
10480.000 0.057
10485.000 0.054
10490.000 0.055
10495.000 0.054
10500.000 0.053
10505.000 0.054
10510.000 0.053
10515.000 0.054
10520.000 0.055
10525.000 0.056
10530.000 0.056
10535.000 0.058
10540.000 0.060
10545.000 0.063
10550.000 0.064
10555.000 0.066
10560.000 0.070
10565.000 0.071
10570.000 0.075
10575.000 0.080
10580.000 0.082
10585.000 0.088
10590.000 0.091
10595.000 0.098
10600.000 0.102
10605.000 0.104
10610.000 0.111
10615.000 0.116
10620.000 0.125
10625.000 0.134
10630.000 0.141
10635.000 0.154
10640.000 0.162
10645.000 0.178
10650.000 0.198
10655.000 0.211
10660.000 0.231
10665.000 0.246
10670.000 0.273
10675.000 0.283
10680.000 0.315
10685.000 0.345
10690.000 0.359
10695.000 0.382
10700.000 0.397
10705.000 0.428
10710.000 0.471
10715.000 0.495
10720.000 0.545
10725.000 0.574
10730.000 0.645
10735.000 0.724
10740.000 0.769
10745.000 0.876
10750.000 0.938
10755.000 1.086
10760.000 1.259
10765.000 1.360
10770.000 1.576
10775.000 1.695
10780.000 1.941
10785.000 2.184
10790.000 2.283
10795.000 2.391
10800.000 2.408
10805.000 2.333
10810.000 2.139
10815.000 2.023
10820.000 1.791
10825.000 1.679
10830.000 1.481
10835.000 1.324
10840.000 1.257
10845.000 1.156
10850.000 1.117
10855.000 1.073
10860.000 1.048
10865.000 1.040
10870.000 1.031
10875.000 1.022
10880.000 0.997
10885.000 0.965
10890.000 0.948
10895.000 0.912
10900.000 0.897
10905.000 0.854
10910.000 0.821
10915.000 0.806
10920.000 0.773
10925.000 0.760
10930.000 0.736
10935.000 0.710
10940.000 0.699
10945.000 0.678
10950.000 0.667
10955.000 0.654
10960.000 0.636
10965.000 0.632
10970.000 0.614
10975.000 0.611
10980.000 0.595
10985.000 0.578
10990.000 0.577
10995.000 0.566
11000.000 0.561
11005.000 0.558
11010.000 0.545
11015.000 0.546
11020.000 0.532
11025.000 0.535
11030.000 0.530
11035.000 0.539
11040.000 0.526
11045.000 0.532
11050.000 0.520
11055.000 0.504
11060.000 0.492
11065.000 0.486
11070.000 0.479
11075.000 0.476
11080.000 0.477
11085.000 0.471
11090.000 0.466
11095.000 0.462
11100.000 0.457
11105.000 0.456
11110.000 0.451
11115.000 0.447
11120.000 0.442
11125.000 0.442
11130.000 0.433
11135.000 0.435
11140.000 0.432
11145.000 0.432
11150.000 0.432
11155.000 0.424
11160.000 0.424
11165.000 0.422
11170.000 0.422
11175.000 0.419
11180.000 0.418
11185.000 0.412
11190.000 0.415
11195.000 0.410
11200.000 0.409
11205.000 0.407
11210.000 0.403
11215.000 0.403
11220.000 0.403
11225.000 0.401
11230.000 0.401
11235.000 0.397
11240.000 0.396
11245.000 0.394
11250.000 0.392
11255.000 0.391
11260.000 0.390
11265.000 0.389
11270.000 0.388
11275.000 0.388
11280.000 0.386
11285.000 0.389
11290.000 0.386
11295.000 0.382
11300.000 0.383
11305.000 0.377
11310.000 0.377
11315.000 0.378
11320.000 0.375
11325.000 0.375
11330.000 0.370
11335.000 0.373
11340.000 0.370
11345.000 0.367
11350.000 0.369
11355.000 0.369
11360.000 0.367
11365.000 0.370
11370.000 0.368
11375.000 0.369
11380.000 0.364
11385.000 0.363
11390.000 0.367
11395.000 0.364
11400.000 0.365
11405.000 0.360
11410.000 0.365
11415.000 0.362
11420.000 0.360
11425.000 0.361
11430.000 0.358
11435.000 0.361
11440.000 0.361
11445.000 0.359
11450.000 0.357
11455.000 0.358
11460.000 0.356
11465.000 0.353
11470.000 0.355
11475.000 0.353
11480.000 0.353
11485.000 0.351
11490.000 0.350
11495.000 0.349
11500.000 0.349
11505.000 0.348
11510.000 0.351
11515.000 0.348
11520.000 0.348
11525.000 0.350
11530.000 0.347
11535.000 0.347
11540.000 0.346
11545.000 0.344
11550.000 0.344
11555.000 0.343
11560.000 0.345
11565.000 0.341
11570.000 0.342
11575.000 0.342
11580.000 0.343
11585.000 0.342
11590.000 0.341
11595.000 0.341
11600.000 0.341
11605.000 0.340
11610.000 0.338
11615.000 0.339
11620.000 0.340
11625.000 0.341
11630.000 0.338
11635.000 0.340
11640.000 0.336
11645.000 0.339
11650.000 0.338
11655.000 0.334
11660.000 0.337
11665.000 0.335
11670.000 0.336
11675.000 0.337
11680.000 0.336
11685.000 0.336
11690.000 0.337
11695.000 0.335
11700.000 0.332
11705.000 0.335
11710.000 0.335
11715.000 0.335
11720.000 0.336
11725.000 0.335
11730.000 0.335
11735.000 0.332
11740.000 0.334
11745.000 0.332
11750.000 0.329
11755.000 0.333
11760.000 0.331
11765.000 0.328
11770.000 0.330
11775.000 0.330
11780.000 0.329
11785.000 0.332
11790.000 0.326
11795.000 0.328
11800.000 0.326
11805.000 0.326
11810.000 0.325
11815.000 0.325
11820.000 0.325
11825.000 0.326
11830.000 0.326
11835.000 0.328
11840.000 0.327
11845.000 0.327
11850.000 0.327
11855.000 0.325
11860.000 0.329
11865.000 0.327
11870.000 0.325
11875.000 0.325
11880.000 0.325
11885.000 0.325
11890.000 0.324
11895.000 0.325
11900.000 0.322
11905.000 0.324
11910.000 0.324
11915.000 0.321
11920.000 0.320
11925.000 0.324
11930.000 0.319
11935.000 0.321
11940.000 0.321
11945.000 0.318
11950.000 0.320
11955.000 0.319
11960.000 0.320
11965.000 0.321
11970.000 0.321
11975.000 0.322
11980.000 0.322
11985.000 0.322
11990.000 0.325
11995.000 0.321
12000.000 0.325
