105.000 0.046
110.000 1.938
115.000 4.666
120.000 5.618
125.000 5.918
130.000 6.408
135.000 6.964
140.000 6.528
145.000 7.037
150.000 7.662
155.000 6.238
160.000 8.505
165.000 7.404
170.000 7.107
175.000 7.133
180.000 6.797
185.000 6.921
190.000 6.822
195.000 6.640
200.000 6.339
205.000 5.752
210.000 5.745
215.000 5.663
220.000 5.653
225.000 5.486
230.000 5.624
235.000 5.526
240.000 5.337
245.000 5.598
250.000 5.161
255.000 4.869
260.000 4.868
265.000 5.206
270.000 6.408
275.000 6.392
280.000 6.535
285.000 6.799
290.000 7.044
295.000 7.885
300.000 7.509
305.000 8.665
310.000 9.055
315.000 8.271
320.000 9.625
325.000 10.393
330.000 11.010
335.000 10.464
340.000 11.556
345.000 11.949
350.000 12.236
355.000 13.097
360.000 13.241
365.000 14.227
370.000 15.035
375.000 15.867
380.000 16.692
385.000 17.324
390.000 18.711
395.000 20.386
400.000 21.309
405.000 23.490
410.000 24.630
415.000 27.054
420.000 29.507
425.000 30.446
430.000 32.344
435.000 33.157
440.000 34.405
445.000 35.088
450.000 35.554
455.000 35.556
460.000 36.112
465.000 35.666
470.000 35.267
475.000 34.351
480.000 34.393
485.000 33.907
490.000 33.261
495.000 32.459
500.000 32.032
505.000 31.022
510.000 30.090
515.000 29.505
520.000 28.582
525.000 27.993
530.000 27.423
535.000 27.250
540.000 26.861
545.000 27.003
550.000 26.910
555.000 27.483
560.000 27.770
565.000 28.786
570.000 30.194
575.000 30.747
580.000 32.290
585.000 33.014
590.000 34.127
595.000 34.306
600.000 33.478
605.000 30.191
610.000 27.919
615.000 23.203
620.000 18.860
625.000 17.078
630.000 14.357
635.000 12.398
640.000 10.429
645.000 8.819
650.000 8.237
655.000 7.139
660.000 6.769
665.000 5.897
670.000 5.157
675.000 4.924
680.000 4.436
685.000 4.076
690.000 5.008
695.000 4.128
700.000 3.855
705.000 3.266
710.000 3.059
715.000 2.629
720.000 2.303
725.000 2.194
730.000 1.953
735.000 1.839
740.000 1.649
745.000 1.907
750.000 2.564
755.000 1.753
760.000 1.935
765.000 1.257
770.000 1.159
775.000 1.116
780.000 1.143
785.000 1.007
790.000 0.917
795.000 0.841
800.000 0.812
805.000 0.756
810.000 0.748
815.000 0.734
820.000 0.717
825.000 0.685
830.000 0.656
835.000 0.639
840.000 0.603
845.000 0.594
850.000 0.564
855.000 0.537
860.000 0.525
865.000 0.503
870.000 0.490
875.000 0.469
880.000 0.446
885.000 0.440
890.000 0.419
895.000 0.416
900.000 0.396
905.000 0.382
910.000 0.378
915.000 0.371
920.000 0.357
925.000 0.408
930.000 0.312
935.000 0.320
940.000 0.331
945.000 0.317
950.000 0.305
955.000 0.292
960.000 0.294
965.000 0.283
970.000 0.274
975.000 0.278
980.000 0.267
985.000 0.304
990.000 0.297
995.000 0.295
1000.000 0.284
1005.000 0.285
1010.000 0.285
1015.000 0.319
1020.000 0.290
1025.000 0.283
1030.000 0.272
1035.000 0.294
1040.000 0.302
1045.000 0.322
1050.000 0.334
1055.000 0.394
1060.000 0.436
1065.000 0.410
1070.000 0.441
1075.000 0.476
1080.000 0.519
1085.000 0.553
1090.000 0.617
1095.000 0.660
1100.000 0.762
1105.000 0.860
1110.000 0.944
1115.000 1.088
1120.000 1.205
1125.000 1.401
1130.000 1.729
1135.000 1.707
1140.000 1.866
1145.000 1.873
1150.000 1.795
1155.000 1.642
1160.000 1.580
1165.000 1.385
1170.000 1.319
1175.000 1.156
1180.000 1.059
1185.000 1.009
1190.000 0.923
1195.000 0.888
1200.000 0.823
1205.000 0.774
1210.000 0.751
1215.000 0.702
1220.000 0.694
1225.000 0.661
1230.000 0.633
1235.000 0.625
1240.000 0.602
1245.000 0.593
1250.000 0.575
1255.000 0.560
1260.000 0.554
1265.000 0.542
1270.000 0.537
1275.000 0.525
1280.000 0.520
1285.000 0.514
1290.000 0.506
1295.000 0.504
1300.000 0.494
1305.000 0.540
1310.000 0.532
1315.000 0.517
1320.000 0.508
1325.000 0.501
1330.000 0.495
1335.000 0.493
1340.000 0.490
1345.000 0.487
1350.000 0.492
1355.000 0.486
1360.000 0.487
1365.000 0.488
1370.000 0.485
1375.000 0.486
1380.000 0.503
1385.000 0.502
1390.000 0.501
1395.000 0.502
1400.000 0.504
1405.000 0.509
1410.000 0.514
1415.000 0.527
1420.000 0.531
1425.000 0.535
1430.000 0.539
1435.000 0.543
1440.000 0.551
1445.000 0.557
1450.000 0.572
1455.000 0.578
1460.000 0.590
1465.000 0.613
1470.000 0.625
1475.000 0.645
1480.000 0.657
1485.000 0.683
1490.000 0.710
1495.000 0.728
1500.000 0.763
1505.000 0.783
1510.000 0.828
1515.000 0.879
1520.000 0.947
1525.000 1.064
1530.000 1.092
1535.000 1.179
1540.000 1.289
1545.000 1.377
1550.000 1.575
1555.000 1.704
1560.000 2.026
1565.000 2.515
1570.000 2.805
1575.000 3.496
1580.000 3.798
1585.000 4.371
1590.000 4.633
1595.000 4.584
1600.000 3.670
1605.000 3.231
1610.000 2.458
1615.000 1.903
1620.000 1.678
1625.000 1.325
1630.000 1.194
1635.000 0.958
1640.000 0.795
1645.000 0.728
1650.000 0.616
1655.000 0.593
1660.000 0.536
1665.000 0.467
1670.000 0.443
1675.000 0.404
1680.000 0.386
1685.000 0.365
1690.000 0.353
1695.000 0.349
1700.000 0.340
1705.000 0.339
1710.000 0.333
1715.000 0.333
1720.000 0.359
1725.000 0.351
1730.000 0.345
1735.000 0.331
1740.000 0.321
1745.000 0.314
1750.000 0.304
1755.000 0.299
1760.000 0.287
1765.000 0.276
1770.000 0.272
1775.000 0.263
1780.000 0.256
1785.000 0.258
1790.000 0.242
1795.000 0.239
1800.000 0.230
1805.000 0.224
1810.000 0.216
1815.000 0.215
1820.000 0.210
1825.000 0.198
1830.000 0.193
1835.000 0.184
1840.000 0.176
1845.000 0.173
1850.000 0.166
1855.000 0.162
1860.000 0.152
1865.000 0.148
1870.000 0.145
1875.000 0.136
1880.000 0.134
1885.000 0.128
1890.000 0.125
1895.000 0.120
1900.000 0.113
1905.000 0.110
1910.000 0.105
1915.000 0.100
1920.000 0.099
1925.000 0.092
1930.000 0.089
1935.000 0.090
1940.000 0.081
1945.000 0.080
1950.000 0.085
1955.000 0.086
1960.000 0.072
1965.000 0.066
1970.000 0.068
1975.000 0.060
1980.000 0.058
1985.000 0.056
1990.000 0.044
1995.000 0.047
2000.000 0.038
2005.000 0.041
2010.000 0.036
2015.000 0.032
2020.000 0.022
2025.000 0.029
2030.000 0.026
2035.000 0.023
2040.000 0.022
2045.000 0.019
2050.000 0.014
2055.000 0.016
2060.000 0.016
2065.000 0.014
2070.000 0.020
2075.000 0.020
2080.000 0.023
2085.000 0.023
2090.000 0.026
2095.000 0.030
2100.000 0.031
2105.000 0.033
2110.000 0.038
2115.000 0.039
2120.000 0.041
2125.000 0.044
2130.000 0.047
2135.000 0.049
2140.000 0.051
2145.000 0.054
2150.000 0.057
2155.000 0.058
2160.000 0.066
2165.000 0.067
2170.000 0.074
2175.000 0.076
2180.000 0.074
2185.000 0.075
2190.000 0.076
2195.000 0.076
2200.000 0.076
2205.000 0.077
2210.000 0.079
2215.000 0.080
2220.000 0.081
2225.000 0.083
2230.000 0.082
2235.000 0.083
2240.000 0.084
2245.000 0.085
2250.000 0.086
2255.000 0.087
2260.000 0.088
2265.000 0.087
2270.000 0.096
2275.000 0.096
2280.000 0.095
2285.000 0.096
2290.000 0.096
2295.000 0.097
2300.000 0.097
2305.000 0.097
2310.000 0.098
2315.000 0.100
2320.000 0.099
2325.000 0.112
2330.000 0.111
2335.000 0.110
2340.000 0.108
2345.000 0.108
2350.000 0.108
2355.000 0.107
2360.000 0.110
2365.000 0.112
2370.000 0.111
2375.000 0.110
2380.000 0.109
2385.000 0.108
2390.000 0.110
2395.000 0.109
2400.000 0.123
2405.000 0.122
2410.000 0.119
2415.000 0.117
2420.000 0.117
2425.000 0.116
2430.000 0.116
2435.000 0.115
2440.000 0.115
2445.000 0.113
2450.000 0.112
2455.000 0.112
2460.000 0.112
2465.000 0.112
2470.000 0.111
2475.000 0.124
2480.000 0.120
2485.000 0.118
2490.000 0.118
2495.000 0.116
2500.000 0.115
2505.000 0.114
2510.000 0.113
2515.000 0.113
2520.000 0.112
2525.000 0.112
2530.000 0.111
2535.000 0.112
2540.000 0.111
2545.000 0.112
2550.000 0.112
2555.000 0.112
2560.000 0.111
2565.000 0.111
2570.000 0.111
2575.000 0.111
2580.000 0.116
2585.000 0.118
2590.000 0.117
2595.000 0.117
2600.000 0.117
2605.000 0.129
2610.000 0.125
2615.000 0.124
2620.000 0.125
2625.000 0.125
2630.000 0.122
2635.000 0.122
2640.000 0.121
2645.000 0.120
2650.000 0.118
2655.000 0.117
2660.000 0.117
2665.000 0.124
2670.000 0.121
2675.000 0.122
2680.000 0.120
2685.000 0.118
2690.000 0.118
2695.000 0.118
2700.000 0.118
2705.000 0.121
2710.000 0.123
2715.000 0.130
2720.000 0.128
2725.000 0.124
2730.000 0.124
2735.000 0.121
2740.000 0.121
2745.000 0.128
2750.000 0.126
2755.000 0.124
2760.000 0.121
2765.000 0.122
2770.000 0.120
2775.000 0.119
2780.000 0.129
2785.000 0.129
2790.000 0.128
2795.000 0.124
2800.000 0.124
2805.000 0.122
2810.000 0.121
2815.000 0.120
2820.000 0.119
2825.000 0.119
2830.000 0.117
2835.000 0.117
2840.000 0.117
2845.000 0.118
2850.000 0.117
2855.000 0.120
2860.000 0.121
2865.000 0.120
2870.000 0.128
2875.000 0.128
2880.000 0.132
2885.000 0.128
2890.000 0.127
2895.000 0.126
2900.000 0.124
2905.000 0.124
2910.000 0.123
2915.000 0.122
2920.000 0.121
2925.000 0.121
2930.000 0.121
2935.000 0.122
2940.000 0.129
2945.000 0.131
2950.000 0.131
2955.000 0.130
2960.000 0.129
2965.000 0.126
2970.000 0.136
2975.000 0.130
2980.000 0.127
2985.000 0.132
2990.000 0.128
2995.000 0.128
3000.000 0.127
3005.000 0.123
3010.000 0.125
3015.000 0.123
3020.000 0.122
3025.000 0.126
3030.000 0.130
3035.000 0.125
3040.000 0.124
3045.000 0.124
3050.000 0.126
3055.000 0.126
3060.000 0.130
3065.000 0.132
3070.000 0.128
3075.000 0.128
3080.000 0.133
3085.000 0.136
3090.000 0.137
3095.000 0.148
3100.000 0.151
3105.000 0.149
3110.000 0.146
3115.000 0.145
3120.000 0.143
3125.000 0.142
3130.000 0.142
3135.000 0.141
3140.000 0.141
3145.000 0.141
3150.000 0.141
3155.000 0.157
3160.000 0.161
3165.000 0.162
3170.000 0.161
3175.000 0.158
3180.000 0.159
3185.000 0.159
3190.000 0.160
3195.000 0.161
3200.000 0.163
3205.000 0.165
3210.000 0.167
3215.000 0.195
3220.000 0.198
3225.000 0.199
3230.000 0.200
3235.000 0.210
3240.000 0.216
3245.000 0.222
3250.000 0.223
3255.000 0.230
3260.000 0.231
3265.000 0.244
3270.000 0.252
3275.000 0.259
3280.000 0.336
3285.000 0.348
3290.000 0.352
3295.000 0.357
3300.000 0.364
3305.000 0.374
3310.000 0.384
3315.000 0.410
3320.000 0.452
3325.000 0.475
3330.000 0.521
3335.000 0.544
3340.000 0.594
3345.000 0.658
3350.000 0.691
3355.000 0.778
3360.000 0.829
3365.000 0.959
3370.000 1.122
3375.000 1.228
3380.000 1.489
3385.000 1.654
3390.000 2.076
3395.000 2.649
3400.000 3.009
3405.000 3.905
3410.000 4.441
3415.000 5.703
3420.000 7.142
3425.000 7.925
3430.000 9.287
3435.000 9.718
3440.000 9.894
3445.000 9.124
3450.000 8.484
3455.000 7.011
3460.000 6.304
3465.000 5.109
3470.000 4.206
3475.000 3.843
3480.000 3.270
3485.000 3.047
3490.000 2.687
3495.000 2.556
3500.000 2.371
3505.000 2.266
3510.000 2.240
3515.000 2.229
3520.000 2.282
3525.000 2.413
3530.000 2.414
3535.000 2.409
3540.000 2.460
3545.000 2.482
3550.000 2.582
3555.000 2.709
3560.000 2.759
3565.000 2.895
3570.000 2.979
3575.000 3.193
3580.000 3.620
3585.000 3.799
3590.000 4.225
3595.000 4.517
3600.000 4.970
3605.000 5.403
3610.000 5.532
3615.000 5.494
3620.000 5.319
3625.000 4.835
3630.000 4.342
3635.000 4.092
3640.000 3.606
3645.000 3.383
3650.000 2.979
3655.000 2.646
3660.000 2.499
3665.000 2.246
3670.000 2.133
3675.000 1.948
3680.000 1.791
3685.000 1.720
3690.000 1.604
3695.000 1.548
3700.000 1.556
3705.000 1.422
3710.000 1.405
3715.000 1.364
3720.000 1.260
3725.000 1.219
3730.000 1.153
3735.000 1.127
3740.000 1.128
3745.000 1.120
3750.000 1.102
3755.000 1.044
3760.000 1.022
3765.000 0.988
3770.000 0.972
3775.000 0.967
3780.000 0.978
3785.000 0.998
3790.000 0.983
3795.000 0.973
3800.000 0.982
3805.000 0.974
3810.000 0.976
3815.000 0.991
3820.000 0.996
3825.000 1.010
3830.000 1.033
3835.000 1.048
3840.000 1.074
3845.000 1.093
3850.000 1.145
3855.000 1.234
3860.000 1.308
3865.000 1.332
3870.000 1.353
3875.000 1.419
3880.000 1.504
3885.000 1.559
3890.000 1.695
3895.000 1.775
3900.000 2.021
3905.000 2.314
3910.000 2.565
3915.000 2.993
3920.000 3.245
3925.000 3.898
3930.000 4.599
3935.000 4.919
3940.000 5.289
3945.000 5.430
3950.000 4.941
3955.000 4.094
3960.000 3.683
3965.000 2.963
3970.000 2.704
3975.000 2.268
3980.000 1.968
3985.000 1.835
3990.000 1.647
3995.000 1.554
4000.000 1.424
4005.000 1.302
4010.000 1.259
4015.000 1.163
4020.000 1.133
4025.000 1.068
4030.000 0.997
4035.000 0.979
4040.000 0.910
4045.000 0.904
4050.000 0.872
4055.000 0.824
4060.000 0.800
4065.000 0.764
4070.000 0.780
4075.000 0.825
4080.000 0.766
4085.000 0.760
4090.000 0.726
4095.000 0.708
4100.000 0.677
4105.000 0.672
4110.000 0.677
4115.000 0.652
4120.000 0.641
4125.000 0.624
4130.000 0.651
4135.000 0.677
4140.000 0.661
4145.000 0.652
4150.000 0.705
4155.000 0.692
4160.000 0.677
4165.000 0.669
4170.000 0.667
4175.000 0.677
4180.000 0.689
4185.000 0.703
4190.000 0.728
4195.000 0.755
4200.000 0.819
4205.000 0.840
4210.000 0.897
4215.000 0.988
4220.000 1.015
4225.000 1.061
4230.000 1.061
4235.000 1.013
4240.000 0.883
4245.000 0.789
4250.000 0.596
4255.000 0.524
4260.000 0.389
4265.000 0.286
4270.000 0.253
4275.000 0.206
4280.000 0.190
4285.000 0.165
4290.000 0.149
4295.000 0.147
4300.000 0.141
4305.000 0.140
4310.000 0.142
4315.000 0.141
4320.000 0.144
4325.000 0.153
4330.000 0.166
4335.000 0.165
4340.000 0.166
4345.000 0.166
4350.000 0.167
4355.000 0.168
4360.000 0.184
4365.000 0.184
4370.000 0.183
4375.000 0.183
4380.000 0.182
4385.000 0.183
4390.000 0.183
4395.000 0.185
4400.000 0.203
4405.000 0.208
4410.000 0.206
4415.000 0.202
4420.000 0.203
4425.000 0.206
4430.000 0.206
4435.000 0.206
4440.000 0.206
4445.000 0.203
4450.000 0.205
4455.000 0.205
4460.000 0.221
4465.000 0.220
4470.000 0.218
4475.000 0.216
4480.000 0.215
4485.000 0.215
4490.000 0.218
4495.000 0.218
4500.000 0.222
4505.000 0.221
4510.000 0.231
4515.000 0.229
4520.000 0.229
4525.000 0.228
4530.000 0.229
4535.000 0.227
4540.000 0.227
4545.000 0.228
4550.000 0.227
4555.000 0.232
4560.000 0.259
4565.000 0.255
4570.000 0.252
4575.000 0.248
4580.000 0.252
4585.000 0.250
4590.000 0.250
4595.000 0.279
4600.000 0.283
4605.000 0.278
4610.000 0.277
4615.000 0.271
4620.000 0.265
4625.000 0.264
4630.000 0.262
4635.000 0.255
4640.000 0.254
4645.000 0.253
4650.000 0.251
4655.000 0.249
4660.000 0.246
4665.000 0.249
4670.000 0.246
4675.000 0.248
4680.000 0.244
4685.000 0.246
4690.000 0.247
4695.000 0.246
4700.000 0.244
4705.000 0.244
4710.000 0.246
4715.000 0.250
4720.000 0.263
4725.000 0.263
4730.000 0.263
4735.000 0.261
4740.000 0.258
4745.000 0.256
4750.000 0.266
4755.000 0.278
4760.000 0.273
4765.000 0.266
4770.000 0.282
4775.000 0.298
4780.000 0.300
4785.000 0.301
4790.000 0.296
4795.000 0.285
4800.000 0.281
4805.000 0.277
4810.000 0.274
4815.000 0.278
4820.000 0.271
4825.000 0.267
4830.000 0.265
4835.000 0.268
4840.000 0.291
4845.000 0.286
4850.000 0.277
4855.000 0.277
4860.000 0.270
4865.000 0.270
4870.000 0.267
4875.000 0.263
4880.000 0.261
4885.000 0.262
4890.000 0.261
4895.000 0.257
4900.000 0.257
4905.000 0.258
4910.000 0.257
4915.000 0.252
4920.000 0.259
4925.000 0.256
4930.000 0.257
4935.000 0.258
4940.000 0.255
4945.000 0.252
4950.000 0.255
4955.000 0.256
4960.000 0.252
4965.000 0.257
4970.000 0.252
4975.000 0.263
4980.000 0.262
4985.000 0.258
4990.000 0.252
4995.000 0.254
5000.000 0.254
5005.000 0.247
5010.000 0.255
5015.000 0.252
5020.000 0.260
5025.000 0.255
5030.000 0.261
5035.000 0.255
5040.000 0.254
5045.000 0.253
5050.000 0.261
5055.000 0.260
5060.000 0.275
5065.000 0.273
5070.000 0.275
5075.000 0.269
5080.000 0.266
5085.000 0.266
5090.000 0.264
5095.000 0.261
5100.000 0.263
5105.000 0.266
5110.000 0.296
5115.000 0.290
5120.000 0.280
5125.000 0.276
5130.000 0.275
5135.000 0.275
5140.000 0.273
5145.000 0.275
5150.000 0.316
5155.000 0.310
5160.000 0.303
5165.000 0.306
5170.000 0.296
5175.000 0.289
5180.000 0.283
5185.000 0.279
5190.000 0.281
5195.000 0.272
5200.000 0.277
5205.000 0.273
5210.000 0.271
5215.000 0.269
5220.000 0.266
5225.000 0.269
5230.000 0.269
5235.000 0.267
5240.000 0.265
5245.000 0.268
5250.000 0.268
5255.000 0.267
5260.000 0.266
5265.000 0.269
5270.000 0.270
5275.000 0.269
5280.000 0.269
5285.000 0.269
5290.000 0.271
5295.000 0.284
5300.000 0.315
5305.000 0.326
5310.000 0.320
5315.000 0.313
5320.000 0.303
5325.000 0.300
5330.000 0.297
5335.000 0.291
5340.000 0.289
5345.000 0.286
5350.000 0.283
5355.000 0.282
5360.000 0.280
5365.000 0.281
5370.000 0.279
5375.000 0.277
5380.000 0.277
5385.000 0.281
5390.000 0.284
5395.000 0.288
5400.000 0.293
5405.000 0.311
5410.000 0.301
5415.000 0.304
5420.000 0.326
5425.000 0.320
5430.000 0.309
5435.000 0.302
5440.000 0.306
5445.000 0.324
5450.000 0.320
5455.000 0.310
5460.000 0.301
5465.000 0.296
5470.000 0.292
5475.000 0.289
5480.000 0.285
5485.000 0.441
5490.000 0.472
5495.000 0.473
5500.000 0.441
5505.000 0.385
5510.000 0.349
5515.000 0.339
5520.000 0.317
5525.000 0.310
5530.000 0.302
5535.000 0.329
5540.000 0.330
5545.000 0.315
5550.000 0.309
5555.000 0.307
5560.000 0.308
5565.000 0.301
5570.000 0.297
5575.000 0.301
5580.000 0.320
5585.000 0.305
5590.000 0.300
5595.000 0.305
5600.000 0.308
5605.000 0.320
5610.000 0.317
5615.000 0.309
5620.000 0.310
5625.000 0.311
5630.000 0.305
5635.000 0.296
5640.000 0.303
5645.000 0.314
5650.000 0.317
5655.000 0.314
5660.000 0.303
5665.000 0.300
5670.000 0.293
5675.000 0.290
5680.000 0.286
5685.000 0.283
5690.000 0.284
5695.000 0.280
5700.000 0.280
5705.000 0.279
5710.000 0.276
5715.000 0.277
5720.000 0.276
5725.000 0.278
5730.000 0.289
5735.000 0.289
5740.000 0.284
5745.000 0.282
5750.000 0.291
5755.000 0.285
5760.000 0.287
5765.000 0.293
5770.000 0.290
5775.000 0.288
5780.000 0.288
5785.000 0.319
5790.000 0.315
5795.000 0.304
5800.000 0.299
5805.000 0.293
5810.000 0.312
5815.000 0.309
5820.000 0.302
5825.000 0.297
5830.000 0.294
5835.000 0.292
5840.000 0.290
5845.000 0.310
5850.000 0.313
5855.000 0.329
5860.000 0.318
5865.000 0.311
5870.000 0.304
5875.000 0.301
5880.000 0.298
5885.000 0.298
5890.000 0.290
5895.000 0.293
5900.000 0.291
5905.000 0.287
5910.000 0.286
5915.000 0.286
5920.000 0.285
5925.000 0.283
5930.000 0.283
5935.000 0.285
5940.000 0.294
5945.000 0.319
5950.000 0.319
5955.000 0.313
5960.000 0.312
5965.000 0.304
5970.000 0.308
5975.000 0.308
5980.000 0.305
5985.000 0.306
5990.000 0.327
5995.000 0.320
6000.000 0.329
6005.000 0.317
6010.000 0.311
6015.000 0.308
6020.000 0.306
6025.000 0.298
6030.000 0.297
6035.000 0.295
6040.000 0.300
6045.000 0.318
6050.000 0.317
6055.000 0.312
6060.000 0.303
6065.000 0.299
6070.000 0.307
6075.000 0.309
6080.000 0.319
6085.000 0.322
6090.000 0.309
6095.000 0.303
6100.000 0.301
6105.000 0.329
6110.000 0.325
6115.000 0.319
6120.000 0.313
6125.000 0.309
6130.000 0.305
6135.000 0.302
6140.000 0.317
6145.000 0.308
6150.000 0.304
6155.000 0.300
6160.000 0.302
6165.000 0.298
6170.000 0.321
6175.000 0.325
6180.000 0.319
6185.000 0.313
6190.000 0.305
6195.000 0.304
6200.000 0.302
6205.000 0.330
6210.000 0.329
6215.000 0.320
6220.000 0.316
6225.000 0.312
6230.000 0.305
6235.000 0.306
6240.000 0.304
6245.000 0.304
6250.000 0.300
6255.000 0.298
6260.000 0.297
6265.000 0.296
6270.000 0.298
6275.000 0.296
6280.000 0.298
6285.000 0.302
6290.000 0.299
6295.000 0.322
6300.000 0.324
6305.000 0.323
6310.000 0.323
6315.000 0.325
6320.000 0.320
6325.000 0.324
6330.000 0.318
6335.000 0.317
6340.000 0.311
6345.000 0.316
6350.000 0.326
6355.000 0.326
6360.000 0.320
6365.000 0.317
6370.000 0.319
6375.000 0.326
6380.000 0.319
6385.000 0.316
6390.000 0.313
6395.000 0.310
6400.000 0.308
6405.000 0.303
6410.000 0.304
6415.000 0.302
6420.000 0.313
6425.000 0.327
6430.000 0.322
6435.000 0.322
6440.000 0.321
6445.000 0.324
6450.000 0.328
6455.000 0.324
6460.000 0.322
6465.000 0.317
6470.000 0.315
6475.000 0.312
6480.000 0.311
6485.000 0.309
6490.000 0.309
6495.000 0.305
6500.000 0.309
6505.000 0.318
6510.000 0.318
6515.000 0.317
6520.000 0.315
6525.000 0.332
6530.000 0.345
6535.000 0.342
6540.000 0.333
6545.000 0.331
6550.000 0.328
6555.000 0.324
6560.000 0.325
6565.000 0.325
6570.000 0.323
6575.000 0.322
6580.000 0.321
6585.000 0.322
6590.000 0.323
6595.000 0.325
6600.000 0.328
6605.000 0.332
6610.000 0.352
6615.000 0.364
6620.000 0.363
6625.000 0.358
6630.000 0.365
6635.000 0.366
6640.000 0.366
6645.000 0.367
6650.000 0.366
6655.000 0.366
6660.000 0.369
6665.000 0.374
6670.000 0.378
6675.000 0.388
6680.000 0.396
6685.000 0.399
6690.000 0.437
6695.000 0.453
6700.000 0.458
6705.000 0.467
6710.000 0.472
6715.000 0.490
6720.000 0.510
6725.000 0.557
6730.000 0.580
6735.000 0.593
6740.000 0.625
6745.000 0.650
6750.000 0.700
6755.000 0.765
6760.000 0.839
6765.000 0.969
6770.000 1.034
6775.000 1.190
6780.000 1.305
6785.000 1.647
6790.000 2.049
6795.000 2.319
6800.000 3.005
6805.000 3.437
6810.000 4.529
6815.000 5.854
6820.000 6.572
6825.000 7.953
6830.000 8.470
6835.000 8.774
6840.000 8.083
6845.000 7.516
6850.000 6.340
6855.000 5.800
6860.000 4.881
6865.000 4.217
6870.000 3.958
6875.000 3.567
6880.000 3.422
6885.000 3.238
6890.000 3.167
6895.000 3.164
6900.000 3.212
6905.000 3.273
6910.000 3.528
6915.000 3.942
6920.000 4.200
6925.000 4.822
6930.000 5.528
6935.000 5.865
6940.000 6.245
6945.000 6.248
6950.000 5.836
6955.000 5.093
6960.000 4.722
6965.000 4.063
6970.000 3.791
6975.000 3.373
6980.000 3.025
6985.000 2.889
6990.000 2.669
6995.000 2.553
7000.000 2.353
7005.000 2.202
7010.000 2.136
7015.000 2.030
7020.000 1.980
7025.000 1.918
7030.000 1.860
7035.000 1.842
7040.000 1.800
7045.000 1.786
7050.000 1.779
7055.000 1.768
7060.000 1.776
7065.000 1.790
7070.000 1.818
7075.000 1.858
7080.000 1.874
7085.000 1.938
7090.000 2.055
7095.000 2.141
7100.000 2.266
7105.000 2.310
7110.000 2.437
7115.000 2.624
7120.000 2.739
7125.000 3.038
7130.000 3.226
7135.000 3.682
7140.000 4.214
7145.000 4.473
7150.000 4.830
7155.000 4.864
7160.000 4.640
7165.000 4.123
7170.000 3.774
7175.000 3.142
7180.000 2.873
7185.000 2.439
7190.000 2.097
7195.000 1.953
7200.000 1.722
7205.000 1.623
7210.000 1.447
7215.000 1.307
7220.000 1.247
7225.000 1.142
7230.000 1.106
7235.000 1.037
7240.000 0.965
7245.000 0.933
7250.000 0.881
7255.000 0.859
7260.000 0.822
7265.000 0.781
7270.000 0.760
7275.000 0.738
7280.000 0.737
7285.000 0.716
7290.000 0.698
7295.000 0.692
7300.000 0.692
7305.000 0.699
7310.000 0.712
7315.000 0.740
7320.000 0.762
7325.000 0.842
7330.000 0.892
7335.000 0.935
7340.000 1.019
7345.000 1.057
7350.000 1.111
7355.000 1.131
7360.000 1.150
7365.000 1.103
7370.000 0.935
7375.000 0.766
7380.000 0.696
7385.000 0.581
7390.000 0.537
7395.000 0.474
7400.000 0.421
7405.000 0.403
7410.000 0.371
7415.000 0.357
7420.000 0.344
7425.000 0.324
7430.000 0.319
7435.000 0.306
7440.000 0.308
7445.000 0.298
7450.000 0.289
7455.000 0.287
7460.000 0.294
7465.000 0.292
7470.000 0.283
7475.000 0.278
7480.000 0.276
7485.000 0.272
7490.000 0.267
7495.000 0.266
7500.000 0.263
7505.000 0.261
7510.000 0.271
7515.000 0.270
7520.000 0.278
7525.000 0.276
7530.000 0.274
7535.000 0.269
7540.000 0.268
7545.000 0.268
7550.000 0.265
7555.000 0.262
7560.000 0.258
7565.000 0.257
7570.000 0.255
7575.000 0.253
7580.000 0.255
7585.000 0.255
7590.000 0.251
7595.000 0.265
7600.000 0.262
7605.000 0.262
7610.000 0.264
7615.000 0.263
7620.000 0.259
7625.000 0.256
7630.000 0.255
7635.000 0.253
7640.000 0.253
7645.000 0.251
7650.000 0.252
7655.000 0.252
7660.000 0.252
7665.000 0.249
7670.000 0.251
7675.000 0.251
7680.000 0.253
7685.000 0.251
7690.000 0.251
7695.000 0.252
7700.000 0.262
7705.000 0.264
7710.000 0.259
7715.000 0.258
7720.000 0.257
7725.000 0.254
7730.000 0.253
7735.000 0.253
7740.000 0.252
7745.000 0.252
7750.000 0.253
7755.000 0.255
7760.000 0.255
7765.000 0.253
7770.000 0.254
7775.000 0.252
7780.000 0.251
7785.000 0.256
7790.000 0.254
7795.000 0.258
7800.000 0.263
7805.000 0.260
7810.000 0.256
7815.000 0.258
7820.000 0.255
7825.000 0.254
7830.000 0.250
7835.000 0.251
7840.000 0.251
7845.000 0.250
7850.000 0.251
7855.000 0.251
7860.000 0.250
7865.000 0.251
7870.000 0.248
7875.000 0.246
7880.000 0.247
7885.000 0.247
7890.000 0.250
7895.000 0.248
7900.000 0.249
7905.000 0.249
7910.000 0.248
7915.000 0.250
7920.000 0.248
7925.000 0.249
7930.000 0.248
7935.000 0.250
7940.000 0.250
7945.000 0.254
7950.000 0.253
7955.000 0.250
7960.000 0.255
7965.000 0.247
7970.000 0.253
7975.000 0.251
7980.000 0.248
7985.000 0.264
7990.000 0.263
7995.000 0.274
8000.000 0.268
8005.000 0.273
8010.000 0.271
8015.000 0.270
8020.000 0.258
8025.000 0.267
8030.000 0.265
8035.000 0.257
8040.000 0.263
8045.000 0.263
8050.000 0.257
8055.000 0.262
8060.000 0.262
8065.000 0.255
8070.000 0.258
8075.000 0.263
8080.000 0.263
8085.000 0.263
8090.000 0.264
8095.000 0.268
8100.000 0.274
8105.000 0.274
8110.000 0.272
8115.000 0.270
8120.000 0.267
8125.000 0.264
8130.000 0.265
8135.000 0.266
8140.000 0.274
8145.000 0.274
8150.000 0.273
8155.000 0.270
8160.000 0.268
8165.000 0.266
8170.000 0.265
8175.000 0.266
8180.000 0.268
8185.000 0.264
8190.000 0.269
8195.000 0.271
8200.000 0.269
8205.000 0.271
8210.000 0.271
8215.000 0.272
8220.000 0.269
8225.000 0.270
8230.000 0.271
8235.000 0.269
8240.000 0.270
8245.000 0.270
8250.000 0.268
8255.000 0.277
8260.000 0.282
8265.000 0.280
8270.000 0.279
8275.000 0.277
8280.000 0.284
8285.000 0.282
8290.000 0.283
8295.000 0.279
8300.000 0.280
8305.000 0.277
8310.000 0.279
8315.000 0.278
8320.000 0.284
8325.000 0.285
8330.000 0.282
8335.000 0.283
8340.000 0.284
8345.000 0.284
8350.000 0.284
8355.000 0.285
8360.000 0.284
8365.000 0.284
8370.000 0.288
8375.000 0.287
8380.000 0.288
8385.000 0.289
8390.000 0.288
8395.000 0.294
8400.000 0.292
8405.000 0.291
8410.000 0.299
8415.000 0.300
8420.000 0.296
8425.000 0.304
8430.000 0.300
8435.000 0.305
8440.000 0.302
8445.000 0.300
8450.000 0.298
8455.000 0.296
8460.000 0.296
8465.000 0.295
8470.000 0.296
8475.000 0.297
8480.000 0.309
8485.000 0.307
8490.000 0.305
8495.000 0.304
8500.000 0.301
8505.000 0.300
8510.000 0.298
8515.000 0.299
8520.000 0.303
8525.000 0.304
8530.000 0.305
8535.000 0.306
8540.000 0.308
8545.000 0.303
8550.000 0.304
8555.000 0.300
8560.000 0.301
8565.000 0.300
8570.000 0.308
8575.000 0.307
8580.000 0.301
8585.000 0.298
8590.000 0.298
8595.000 0.310
8600.000 0.307
8605.000 0.306
8610.000 0.303
8615.000 0.303
8620.000 0.300
8625.000 0.299
8630.000 0.300
8635.000 0.304
8640.000 0.313
8645.000 0.311
8650.000 0.311
8655.000 0.309
8660.000 0.308
8665.000 0.305
8670.000 0.312
8675.000 0.310
8680.000 0.307
8685.000 0.305
8690.000 0.307
8695.000 0.307
8700.000 0.305
8705.000 0.308
8710.000 0.307
8715.000 0.313
8720.000 0.311
8725.000 0.307
8730.000 0.306
8735.000 0.305
8740.000 0.307
8745.000 0.310
8750.000 0.310
8755.000 0.308
8760.000 0.308
8765.000 0.309
8770.000 0.305
8775.000 0.302
8780.000 0.308
8785.000 0.308
8790.000 0.307
8795.000 0.304
8800.000 0.304
8805.000 0.305
8810.000 0.304
8815.000 0.301
8820.000 0.303
8825.000 0.307
8830.000 0.296
8835.000 0.313
8840.000 0.330
8845.000 0.317
8850.000 0.310
8855.000 0.309
8860.000 0.305
8865.000 0.309
8870.000 0.307
8875.000 0.302
8880.000 0.303
8885.000 0.302
8890.000 0.304
8895.000 0.301
8900.000 0.304
8905.000 0.301
8910.000 0.300
8915.000 0.309
8920.000 0.427
8925.000 0.447
8930.000 0.415
8935.000 0.392
8940.000 0.358
8945.000 0.332
8950.000 0.324
8955.000 0.313
8960.000 0.306
8965.000 0.301
8970.000 0.305
8975.000 0.301
8980.000 0.295
8985.000 0.299
8990.000 0.302
8995.000 0.306
9000.000 0.307
9005.000 0.300
9010.000 0.301
9015.000 0.299
9020.000 0.306
9025.000 0.300
9030.000 0.301
9035.000 0.309
9040.000 0.316
9045.000 0.316
9050.000 0.316
9055.000 0.309
9060.000 0.313
9065.000 0.307
9070.000 0.309
9075.000 0.306
9080.000 0.304
9085.000 0.302
9090.000 0.313
9095.000 0.314
9100.000 0.312
9105.000 0.313
9110.000 0.312
9115.000 0.312
9120.000 0.309
9125.000 0.306
9130.000 0.307
9135.000 0.302
9140.000 0.303
9145.000 0.303
9150.000 0.304
9155.000 0.309
9160.000 0.310
9165.000 0.308
9170.000 0.307
9175.000 0.306
9180.000 0.305
9185.000 0.306
9190.000 0.305
9195.000 0.303
9200.000 0.305
9205.000 0.303
9210.000 0.304
9215.000 0.304
9220.000 0.304
9225.000 0.303
9230.000 0.308
9235.000 0.319
9240.000 0.311
9245.000 0.315
9250.000 0.311
9255.000 0.309
9260.000 0.308
9265.000 0.306
9270.000 0.306
9275.000 0.305
9280.000 0.304
9285.000 0.307
9290.000 0.308
9295.000 0.318
9300.000 0.316
9305.000 0.313
9310.000 0.314
9315.000 0.313
9320.000 0.314
9325.000 0.310
9330.000 0.309
9335.000 0.310
9340.000 0.308
9345.000 0.307
9350.000 0.308
9355.000 0.307
9360.000 0.306
9365.000 0.305
9370.000 0.306
9375.000 0.312
9380.000 0.316
9385.000 0.319
9390.000 0.314
9395.000 0.310
9400.000 0.438
9405.000 0.441
9410.000 0.419
9415.000 0.377
9420.000 0.361
9425.000 0.332
9430.000 0.431
9435.000 0.433
9440.000 0.391
9445.000 0.380
9450.000 0.349
9455.000 0.327
9460.000 0.317
9465.000 0.305
9470.000 0.305
9475.000 0.300
9480.000 0.299
9485.000 0.301
9490.000 0.299
9495.000 0.297
9500.000 0.298
9505.000 0.294
9510.000 0.295
9515.000 0.294
9520.000 0.296
9525.000 0.298
9530.000 0.298
9535.000 0.298
9540.000 0.297
9545.000 0.299
9550.000 0.299
9555.000 0.298
9560.000 0.298
9565.000 0.299
9570.000 0.295
9575.000 0.297
9580.000 0.294
9585.000 0.302
9590.000 0.299
9595.000 0.301
9600.000 0.407
9605.000 0.426
9610.000 0.429
9615.000 0.393
9620.000 0.373
9625.000 0.345
9630.000 0.323
9635.000 0.314
9640.000 0.304
9645.000 0.302
9650.000 0.302
9655.000 0.300
9660.000 0.298
9665.000 0.298
9670.000 0.297
9675.000 0.298
9680.000 0.297
9685.000 0.295
9690.000 0.293
9695.000 0.297
9700.000 0.300
9705.000 0.301
9710.000 0.297
9715.000 0.294
9720.000 0.294
9725.000 0.298
9730.000 0.299
9735.000 0.297
9740.000 0.294
9745.000 0.296
9750.000 0.297
9755.000 0.297
9760.000 0.305
9765.000 0.299
9770.000 0.300
9775.000 0.300
9780.000 0.298
9785.000 0.297
9790.000 0.302
9795.000 0.307
9800.000 0.302
9805.000 0.298
9810.000 0.300
9815.000 0.301
9820.000 0.301
9825.000 0.297
9830.000 0.296
9835.000 0.297
9840.000 0.298
9845.000 0.300
9850.000 0.297
9855.000 0.293
9860.000 0.295
9865.000 0.292
9870.000 0.294
9875.000 0.291
9880.000 0.293
9885.000 0.293
9890.000 0.296
9895.000 0.294
9900.000 0.295
9905.000 0.295
9910.000 0.294
9915.000 0.296
9920.000 0.295
9925.000 0.296
9930.000 0.297
9935.000 0.302
9940.000 0.301
9945.000 0.303
9950.000 0.308
9955.000 0.307
9960.000 0.307
9965.000 0.304
9970.000 0.305
9975.000 0.300
9980.000 0.302
9985.000 0.304
9990.000 0.301
9995.000 0.305
10000.000 0.315
10005.000 0.314
10010.000 0.307
10015.000 0.315
10020.000 0.321
10025.000 0.320
10030.000 0.316
10035.000 0.318
10040.000 0.317
10045.000 0.321
10050.000 0.329
10055.000 0.328
10060.000 0.330
10065.000 0.334
10070.000 0.336
10075.000 0.341
10080.000 0.345
10085.000 0.351
10090.000 0.351
10095.000 0.360
10100.000 0.369
10105.000 0.371
10110.000 0.379
10115.000 0.391
10120.000 0.404
10125.000 0.419
10130.000 0.429
10135.000 0.448
10140.000 0.663
10145.000 0.694
10150.000 0.676
10155.000 0.669
10160.000 0.674
10165.000 0.697
10170.000 0.720
10175.000 0.814
10180.000 0.875
10185.000 1.011
10190.000 1.123
10195.000 1.143
10200.000 1.091
10205.000 1.031
10210.000 0.894
10215.000 0.772
10220.000 0.727
10225.000 0.658
10230.000 0.639
10235.000 0.609
10240.000 0.603
10245.000 0.606
10250.000 0.634
10255.000 0.653
10260.000 0.699
10265.000 0.818
10270.000 0.887
10275.000 1.059
10280.000 1.146
10285.000 1.450
10290.000 1.798
10295.000 1.990
10300.000 2.331
10305.000 2.447
10310.000 2.518
10315.000 2.356
10320.000 2.223
10325.000 1.932
10330.000 1.801
10335.000 1.579
10340.000 1.493
10345.000 1.328
10350.000 1.213
10355.000 1.172
10360.000 1.115
10365.000 1.094
10370.000 1.059
10375.000 1.046
10380.000 1.036
10385.000 1.019
10390.000 1.021
10395.000 0.999
10400.000 1.017
10405.000 1.019
10410.000 1.021
10415.000 1.024
10420.000 1.048
10425.000 1.073
10430.000 1.092
10435.000 1.129
10440.000 1.149
10445.000 1.218
10450.000 1.261
10455.000 1.303
10460.000 1.365
10465.000 1.400
10470.000 1.439
10475.000 1.474
10480.000 1.455
10485.000 1.361
10490.000 1.287
10495.000 1.110
10500.000 0.934
10505.000 0.856
10510.000 0.710
10515.000 0.638
10520.000 0.530
10525.000 0.440
10530.000 0.401
10535.000 0.337
10540.000 0.311
10545.000 0.263
10550.000 0.226
10555.000 0.211
10560.000 0.179
10565.000 0.166
10570.000 0.141
10575.000 0.123
10580.000 0.114
10585.000 0.099
10590.000 0.096
10595.000 0.091
10600.000 0.088
10605.000 0.090
10610.000 0.102
10615.000 0.112
10620.000 0.145
10625.000 0.167
10630.000 0.239
10635.000 0.367
10640.000 0.448
10645.000 0.594
10650.000 0.666
10655.000 0.758
10660.000 0.777
10665.000 0.767
10670.000 0.720
10675.000 0.680
10680.000 0.621
10685.000 0.558
10690.000 0.530
10695.000 0.477
10700.000 0.455
10705.000 0.415
10710.000 0.387
10715.000 0.373
10720.000 0.356
10725.000 0.347
10730.000 0.335
10735.000 0.325
10740.000 0.321
10745.000 0.316
10750.000 0.316
10755.000 0.309
10760.000 0.309
10765.000 0.306
10770.000 0.303
10775.000 0.300
10780.000 0.301
10785.000 0.300
10790.000 0.299
10795.000 0.295
10800.000 0.295
10805.000 0.295
10810.000 0.297
10815.000 0.295
10820.000 0.292
10825.000 0.291
10830.000 0.291
10835.000 0.291
10840.000 0.289
10845.000 0.289
10850.000 0.286
10855.000 0.285
10860.000 0.283
10865.000 0.286
10870.000 0.286
10875.000 0.284
10880.000 0.282
10885.000 0.279
10890.000 0.280
10895.000 0.278
10900.000 0.274
10905.000 0.269
10910.000 0.270
10915.000 0.269
10920.000 0.266
10925.000 0.266
10930.000 0.269
10935.000 0.268
10940.000 0.267
10945.000 0.267
10950.000 0.267
10955.000 0.267
10960.000 0.268
10965.000 0.265
10970.000 0.264
10975.000 0.264
10980.000 0.264
10985.000 0.264
10990.000 0.267
10995.000 0.266
11000.000 0.261
11005.000 0.265
11010.000 0.264
11015.000 0.265
11020.000 0.263
11025.000 0.270
11030.000 0.271
11035.000 0.272
11040.000 0.270
11045.000 0.282
11050.000 0.277
11055.000 0.272
11060.000 0.266
11065.000 0.262
11070.000 0.261
11075.000 0.260
11080.000 0.257
11085.000 0.260
11090.000 0.262
11095.000 0.260
11100.000 0.260
11105.000 0.265
11110.000 0.263
11115.000 0.262
11120.000 0.256
11125.000 0.259
11130.000 0.259
11135.000 0.256
11140.000 0.259
11145.000 0.260
11150.000 0.262
11155.000 0.260
11160.000 0.260
11165.000 0.258
11170.000 0.260
11175.000 0.258
11180.000 0.257
11185.000 0.257
11190.000 0.256
11195.000 0.257
11200.000 0.256
11205.000 0.257
11210.000 0.260
11215.000 0.260
11220.000 0.254
11225.000 0.255
11230.000 0.258
11235.000 0.258
11240.000 0.254
11245.000 0.253
11250.000 0.254
11255.000 0.253
11260.000 0.254
11265.000 0.254
11270.000 0.256
11275.000 0.257
11280.000 0.256
11285.000 0.259
11290.000 0.257
11295.000 0.258
11300.000 0.256
11305.000 0.255
11310.000 0.256
11315.000 0.257
11320.000 0.254
11325.000 0.255
11330.000 0.254
11335.000 0.252
11340.000 0.253
11345.000 0.257
11350.000 0.259
11355.000 0.257
11360.000 0.256
11365.000 0.258
11370.000 0.256
11375.000 0.255
11380.000 0.258
11385.000 0.259
11390.000 0.259
11395.000 0.259
11400.000 0.258
11405.000 0.260
11410.000 0.258
11415.000 0.254
11420.000 0.255
11425.000 0.255
11430.000 0.255
11435.000 0.254
11440.000 0.253
11445.000 0.253
11450.000 0.251
11455.000 0.252
11460.000 0.252
11465.000 0.253
11470.000 0.256
11475.000 0.255
11480.000 0.256
11485.000 0.254
11490.000 0.253
11495.000 0.254
11500.000 0.254
11505.000 0.255
11510.000 0.255
11515.000 0.254
11520.000 0.256
11525.000 0.255
11530.000 0.255
11535.000 0.256
11540.000 0.253
11545.000 0.254
11550.000 0.255
11555.000 0.252
11560.000 0.251
11565.000 0.250
11570.000 0.252
11575.000 0.250
11580.000 0.256
11585.000 0.254
11590.000 0.254
11595.000 0.252
11600.000 0.254
11605.000 0.253
11610.000 0.252
11615.000 0.254
11620.000 0.254
11625.000 0.252
11630.000 0.253
11635.000 0.253
11640.000 0.253
11645.000 0.249
11650.000 0.250
11655.000 0.259
11660.000 0.259
11665.000 0.257
11670.000 0.259
11675.000 0.255
11680.000 0.258
11685.000 0.257
11690.000 0.255
11695.000 0.257
11700.000 0.259
11705.000 0.256
11710.000 0.257
11715.000 0.273
11720.000 0.273
11725.000 0.274
11730.000 0.284
11735.000 0.283
11740.000 0.272
11745.000 0.272
11750.000 0.267
11755.000 0.262
11760.000 0.263
11765.000 0.258
11770.000 0.253
11775.000 0.255
11780.000 0.250
11785.000 0.255
11790.000 0.252
11795.000 0.252
11800.000 0.251
11805.000 0.250
11810.000 0.250
11815.000 0.249
11820.000 0.248
11825.000 0.249
11830.000 0.246
11835.000 0.247
11840.000 0.248
11845.000 0.249
11850.000 0.247
11855.000 0.249
11860.000 0.249
11865.000 0.251
11870.000 0.249
11875.000 0.249
11880.000 0.248
11885.000 0.248
11890.000 0.249
11895.000 0.248
11900.000 0.246
11905.000 0.247
11910.000 0.248
11915.000 0.248
11920.000 0.248
11925.000 0.250
11930.000 0.249
11935.000 0.249
11940.000 0.245
11945.000 0.247
11950.000 0.245
11955.000 0.241
11960.000 0.246
11965.000 0.246
11970.000 0.247
11975.000 0.245
11980.000 0.243
11985.000 0.243
11990.000 0.248
11995.000 0.248
12000.000 0.250
