105.000 0.436
110.000 0.787
115.000 8.337
120.000 9.788
125.000 11.682
130.000 12.378
135.000 13.522
140.000 14.408
145.000 15.058
150.000 16.156
155.000 16.752
160.000 17.366
165.000 17.339
170.000 17.916
175.000 17.875
180.000 18.258
185.000 18.479
190.000 18.990
195.000 19.311
200.000 19.847
205.000 20.111
210.000 20.907
215.000 21.631
220.000 21.881
225.000 22.699
230.000 22.995
235.000 23.650
240.000 24.109
245.000 24.474
250.000 25.179
255.000 25.346
260.000 25.829
265.000 25.950
270.000 26.499
275.000 26.901
280.000 26.952
285.000 27.379
290.000 27.477
295.000 27.556
300.000 27.537
305.000 27.681
310.000 27.718
315.000 27.858
320.000 27.779
325.000 28.087
330.000 28.183
335.000 28.682
340.000 29.188
345.000 29.466
350.000 30.318
355.000 30.782
360.000 31.855
365.000 32.312
370.000 33.491
375.000 34.615
380.000 35.251
385.000 36.596
390.000 37.980
395.000 38.743
400.000 40.195
405.000 40.980
410.000 42.397
415.000 43.865
420.000 44.491
425.000 45.678
430.000 46.112
435.000 46.894
440.000 47.415
445.000 47.511
450.000 47.420
455.000 47.200
460.000 46.250
465.000 44.692
470.000 43.766
475.000 41.719
480.000 40.728
485.000 38.431
490.000 36.073
495.000 34.847
500.000 32.429
505.000 31.036
510.000 28.182
515.000 26.758
520.000 24.116
525.000 21.817
530.000 20.789
535.000 18.855
540.000 17.354
545.000 16.663
550.000 15.361
555.000 14.730
560.000 13.617
565.000 12.532
570.000 11.986
575.000 10.834
580.000 10.406
585.000 9.494
590.000 8.463
595.000 8.077
600.000 7.229
605.000 6.898
610.000 6.286
615.000 5.950
620.000 5.849
625.000 5.688
630.000 5.510
635.000 5.208
640.000 4.922
645.000 4.825
650.000 4.553
655.000 4.454
660.000 4.241
665.000 4.135
670.000 3.969
675.000 3.793
680.000 3.720
685.000 3.555
690.000 3.494
695.000 3.350
700.000 3.218
705.000 3.172
710.000 3.055
715.000 2.991
720.000 2.870
725.000 2.814
730.000 2.698
735.000 2.604
740.000 2.542
745.000 2.425
750.000 2.341
755.000 2.265
760.000 2.117
765.000 2.056
770.000 1.892
775.000 1.767
780.000 1.734
785.000 1.678
790.000 1.593
795.000 1.509
800.000 1.459
805.000 1.420
810.000 1.395
815.000 1.386
820.000 1.359
825.000 1.345
830.000 1.288
835.000 1.241
840.000 1.211
845.000 1.154
850.000 1.100
855.000 1.074
860.000 1.034
865.000 1.016
870.000 0.976
875.000 0.946
880.000 0.928
885.000 0.914
890.000 0.882
895.000 0.848
900.000 0.816
905.000 0.804
910.000 0.790
915.000 0.764
920.000 0.742
925.000 0.722
930.000 0.711
935.000 0.695
940.000 0.685
945.000 0.674
950.000 0.663
955.000 0.652
960.000 0.637
965.000 0.637
970.000 0.617
975.000 0.620
980.000 0.612
985.000 0.592
990.000 0.591
995.000 0.579
1000.000 0.581
1005.000 0.571
1010.000 0.563
1015.000 0.558
1020.000 0.569
1025.000 0.560
1030.000 0.552
1035.000 0.557
1040.000 0.551
1045.000 0.544
1050.000 0.545
1055.000 0.538
1060.000 0.541
1065.000 0.540
1070.000 0.542
1075.000 0.537
1080.000 0.544
1085.000 0.536
1090.000 0.541
1095.000 0.540
1100.000 0.541
1105.000 0.545
1110.000 0.548
1115.000 0.551
1120.000 0.553
1125.000 0.557
1130.000 0.561
1135.000 0.566
1140.000 0.569
1145.000 0.571
1150.000 0.574
1155.000 0.581
1160.000 0.587
1165.000 0.588
1170.000 0.590
1175.000 0.598
1180.000 0.603
1185.000 0.612
1190.000 0.613
1195.000 0.622
1200.000 0.622
1205.000 0.630
1210.000 0.639
1215.000 0.640
1220.000 0.648
1225.000 0.650
1230.000 0.657
1235.000 0.665
1240.000 0.671
1245.000 0.675
1250.000 0.677
1255.000 0.688
1260.000 0.692
1265.000 0.696
1270.000 0.704
1275.000 0.704
1280.000 0.716
1285.000 0.723
1290.000 0.729
1295.000 0.740
1300.000 0.744
1305.000 0.754
1310.000 0.767
1315.000 0.773
1320.000 0.786
1325.000 0.789
1330.000 0.801
1335.000 0.807
1340.000 0.813
1345.000 0.827
1350.000 0.827
1355.000 0.841
1360.000 0.847
1365.000 0.850
1370.000 0.855
1375.000 0.869
1380.000 0.876
1385.000 0.889
1390.000 0.891
1395.000 0.903
1400.000 0.908
1405.000 0.922
1410.000 0.930
1415.000 0.935
1420.000 0.949
1425.000 0.953
1430.000 0.963
1435.000 0.976
1440.000 0.980
1445.000 0.988
1450.000 0.994
1455.000 1.005
1460.000 1.017
1465.000 1.020
1470.000 1.034
1475.000 1.040
1480.000 1.048
1485.000 1.053
1490.000 1.061
1495.000 1.070
1500.000 1.074
1505.000 1.090
1510.000 1.089
1515.000 1.098
1520.000 1.105
1525.000 1.111
1530.000 1.112
1535.000 1.119
1540.000 1.128
1545.000 1.132
1550.000 1.131
1555.000 1.143
1560.000 1.143
1565.000 1.143
1570.000 1.149
1575.000 1.149
1580.000 1.149
1585.000 1.149
1590.000 1.157
1595.000 1.146
1600.000 1.144
1605.000 1.142
1610.000 1.141
1615.000 1.133
1620.000 1.126
1625.000 1.114
1630.000 1.107
1635.000 1.095
1640.000 1.073
1645.000 1.059
1650.000 1.047
1655.000 1.027
1660.000 1.017
1665.000 1.000
1670.000 0.997
1675.000 0.985
1680.000 0.988
1685.000 0.992
1690.000 1.021
1695.000 1.056
1700.000 1.085
1705.000 1.144
1710.000 1.186
1715.000 1.259
1720.000 1.329
1725.000 1.368
1730.000 1.458
1735.000 1.488
1740.000 1.558
1745.000 1.626
1750.000 1.658
1755.000 1.729
1760.000 1.762
1765.000 1.819
1770.000 1.877
1775.000 1.911
1780.000 1.964
1785.000 1.982
1790.000 2.041
1795.000 2.083
1800.000 2.108
1805.000 2.149
1810.000 2.163
1815.000 2.207
1820.000 2.231
1825.000 2.265
1830.000 2.301
1835.000 2.320
1840.000 2.365
1845.000 2.403
1850.000 2.421
1855.000 2.453
1860.000 2.473
1865.000 2.510
1870.000 2.544
1875.000 2.564
1880.000 2.596
1885.000 2.611
1890.000 2.639
1895.000 2.667
1900.000 2.686
1905.000 2.702
1910.000 2.733
1915.000 2.758
1920.000 2.786
1925.000 2.830
1930.000 2.882
1935.000 2.881
1940.000 2.864
1945.000 2.862
1950.000 2.871
1955.000 2.890
1960.000 2.897
1965.000 2.918
1970.000 2.931
1975.000 2.933
1980.000 2.944
1985.000 2.971
1990.000 3.057
1995.000 3.032
2000.000 3.007
2005.000 2.998
2010.000 3.004
2015.000 2.999
2020.000 3.008
2025.000 3.009
2030.000 3.003
2035.000 3.008
2040.000 2.987
2045.000 2.991
2050.000 2.990
2055.000 2.971
2060.000 2.981
2065.000 2.967
2070.000 2.959
2075.000 2.956
2080.000 2.940
2085.000 2.929
2090.000 2.916
2095.000 2.910
2100.000 2.891
2105.000 2.879
2110.000 2.869
2115.000 2.852
2120.000 2.830
2125.000 2.822
2130.000 2.795
2135.000 2.788
2140.000 2.766
2145.000 2.737
2150.000 2.724
2155.000 2.701
2160.000 2.686
2165.000 2.659
2170.000 2.651
2175.000 2.623
2180.000 2.611
2185.000 2.588
2190.000 2.556
2195.000 2.543
2200.000 2.521
2205.000 2.496
2210.000 2.486
2215.000 2.473
2220.000 2.455
2225.000 2.437
2230.000 2.407
2235.000 2.392
2240.000 2.369
2245.000 2.356
2250.000 2.330
2255.000 2.311
2260.000 2.303
2265.000 2.341
2270.000 2.407
2275.000 2.376
2280.000 2.321
2285.000 2.299
2290.000 2.260
2295.000 2.244
2300.000 2.207
2305.000 2.191
2310.000 2.167
2315.000 2.146
2320.000 2.134
2325.000 2.110
2330.000 2.097
2335.000 2.073
2340.000 2.049
2345.000 2.041
2350.000 2.021
2355.000 2.006
2360.000 1.998
2365.000 1.985
2370.000 1.977
2375.000 1.959
2380.000 1.948
2385.000 1.941
2390.000 1.921
2395.000 1.914
2400.000 1.899
2405.000 1.888
2410.000 1.877
2415.000 1.866
2420.000 1.858
2425.000 1.846
2430.000 1.829
2435.000 1.822
2440.000 1.809
2445.000 1.803
2450.000 1.788
2455.000 1.782
2460.000 1.776
2465.000 1.753
2470.000 1.785
2475.000 1.790
2480.000 1.763
2485.000 1.759
2490.000 1.747
2495.000 1.740
2500.000 1.713
2505.000 1.707
2510.000 1.705
2515.000 1.698
2520.000 1.687
2525.000 1.669
2530.000 1.666
2535.000 1.652
2540.000 1.646
2545.000 1.638
2550.000 1.630
2555.000 1.620
2560.000 1.618
2565.000 1.609
2570.000 1.604
2575.000 1.597
2580.000 1.590
2585.000 1.589
2590.000 1.581
2595.000 1.579
2600.000 1.574
2605.000 1.572
2610.000 1.567
2615.000 1.557
2620.000 1.552
2625.000 1.547
2630.000 1.540
2635.000 1.538
2640.000 1.532
2645.000 1.527
2650.000 1.528
2655.000 1.519
2660.000 1.520
2665.000 1.515
2670.000 1.513
2675.000 1.509
2680.000 1.503
2685.000 1.499
2690.000 1.499
2695.000 1.500
2700.000 1.494
2705.000 1.493
2710.000 1.492
2715.000 1.490
2720.000 1.490
2725.000 1.485
2730.000 1.482
2735.000 1.478
2740.000 1.477
2745.000 1.475
2750.000 1.476
2755.000 1.478
2760.000 1.482
2765.000 1.484
2770.000 1.484
2775.000 1.476
2780.000 1.472
2785.000 1.471
2790.000 1.464
2795.000 1.467
2800.000 1.466
2805.000 1.464
2810.000 1.465
2815.000 1.464
2820.000 1.462
2825.000 1.465
2830.000 1.458
2835.000 1.463
2840.000 1.464
2845.000 1.465
2850.000 1.466
2855.000 1.463
2860.000 1.464
2865.000 1.467
2870.000 1.469
2875.000 1.471
2880.000 1.474
2885.000 1.477
2890.000 1.475
2895.000 1.480
2900.000 1.483
2905.000 1.483
2910.000 1.488
2915.000 1.488
2920.000 1.491
2925.000 1.493
2930.000 1.500
2935.000 1.505
2940.000 1.509
2945.000 1.507
2950.000 1.511
2955.000 1.520
2960.000 1.518
2965.000 1.521
2970.000 1.527
2975.000 1.537
2980.000 1.535
2985.000 1.544
2990.000 1.541
2995.000 1.549
3000.000 1.545
3005.000 1.558
3010.000 1.566
3015.000 1.574
3020.000 1.564
3025.000 1.580
3030.000 1.575
3035.000 1.589
3040.000 1.599
3045.000 1.603
3050.000 1.608
3055.000 1.610
3060.000 1.616
3065.000 1.638
3070.000 1.640
3075.000 1.649
3080.000 1.656
3085.000 1.667
3090.000 1.674
3095.000 1.682
3100.000 1.700
3105.000 1.710
3110.000 1.719
3115.000 1.730
3120.000 1.738
3125.000 1.755
3130.000 1.764
3135.000 1.781
3140.000 1.797
3145.000 1.807
3150.000 1.824
3155.000 1.834
3160.000 1.860
3165.000 1.885
3170.000 1.888
3175.000 1.903
3180.000 1.908
3185.000 1.926
3190.000 1.948
3195.000 1.960
3200.000 1.977
3205.000 1.996
3210.000 2.019
3215.000 2.045
3220.000 2.055
3225.000 2.089
3230.000 2.101
3235.000 2.133
3240.000 2.172
3245.000 2.187
3250.000 2.220
3255.000 2.245
3260.000 2.285
3265.000 2.323
3270.000 2.348
3275.000 2.389
3280.000 2.416
3285.000 2.453
3290.000 2.491
3295.000 2.516
3300.000 2.566
3305.000 2.590
3310.000 2.648
3315.000 2.711
3320.000 2.744
3325.000 2.780
3330.000 2.849
3335.000 2.919
3340.000 2.958
3345.000 3.036
3350.000 3.120
3355.000 3.176
3360.000 3.264
3365.000 3.304
3370.000 3.404
3375.000 3.512
3380.000 3.566
3385.000 3.631
3390.000 3.776
3395.000 3.917
3400.000 4.066
3405.000 4.143
3410.000 4.322
3415.000 4.395
3420.000 4.559
3425.000 4.742
3430.000 4.845
3435.000 5.055
3440.000 5.153
3445.000 5.385
3450.000 5.628
3455.000 5.766
3460.000 6.036
3465.000 6.177
3470.000 6.458
3475.000 6.749
3480.000 6.896
3485.000 7.185
3490.000 7.324
3495.000 7.547
3500.000 7.738
3505.000 7.808
3510.000 7.910
3515.000 7.944
3520.000 7.905
3525.000 7.754
3530.000 7.649
3535.000 7.410
3540.000 7.270
3545.000 6.955
3550.000 6.613
3555.000 6.434
3560.000 6.082
3565.000 5.913
3570.000 5.585
3575.000 5.269
3580.000 5.114
3585.000 4.829
3590.000 4.695
3595.000 4.436
3600.000 4.204
3605.000 4.093
3610.000 3.878
3615.000 3.774
3620.000 3.592
3625.000 3.415
3630.000 3.332
3635.000 3.168
3640.000 3.094
3645.000 2.960
3650.000 2.836
3655.000 2.777
3660.000 2.664
3665.000 2.615
3670.000 2.511
3675.000 2.416
3680.000 2.373
3685.000 2.331
3690.000 2.249
3695.000 2.164
3700.000 2.076
3705.000 2.031
3710.000 1.959
3715.000 1.929
3720.000 1.860
3725.000 1.801
3730.000 1.772
3735.000 1.720
3740.000 1.694
3745.000 1.644
3750.000 1.596
3755.000 1.568
3760.000 1.520
3765.000 1.494
3770.000 1.452
3775.000 1.413
3780.000 1.390
3785.000 1.343
3790.000 1.313
3795.000 1.269
3800.000 1.222
3805.000 1.205
3810.000 1.163
3815.000 1.147
3820.000 1.107
3825.000 1.077
3830.000 1.062
3835.000 1.030
3840.000 1.014
3845.000 0.989
3850.000 0.963
3855.000 0.951
3860.000 0.923
3865.000 0.912
3870.000 0.887
3875.000 0.877
3880.000 0.858
3885.000 0.850
3890.000 0.827
3895.000 0.809
3900.000 0.791
3905.000 0.782
3910.000 0.775
3915.000 0.755
3920.000 0.737
3925.000 0.721
3930.000 0.715
3935.000 0.701
3940.000 0.695
3945.000 0.682
3950.000 0.674
3955.000 0.657
3960.000 0.643
3965.000 0.639
3970.000 0.623
3975.000 0.618
3980.000 0.608
3985.000 0.587
3990.000 0.581
3995.000 0.566
4000.000 0.570
4005.000 0.549
4010.000 0.533
4015.000 0.528
4020.000 0.527
4025.000 0.517
4030.000 0.509
4035.000 0.507
4040.000 0.496
4045.000 0.490
4050.000 0.487
4055.000 0.471
4060.000 0.463
4065.000 0.464
4070.000 0.466
4075.000 0.466
4080.000 0.457
4085.000 0.442
4090.000 0.445
4095.000 0.438
4100.000 0.431
4105.000 0.422
4110.000 0.416
4115.000 0.410
4120.000 0.399
4125.000 0.400
4130.000 0.404
4135.000 0.394
4140.000 0.390
4145.000 0.380
4150.000 0.375
4155.000 0.369
4160.000 0.367
4165.000 0.359
4170.000 0.352
4175.000 0.349
4180.000 0.345
4185.000 0.342
4190.000 0.339
4195.000 0.333
4200.000 0.333
4205.000 0.327
4210.000 0.325
4215.000 0.326
4220.000 0.318
4225.000 0.316
4230.000 0.311
4235.000 0.310
4240.000 0.306
4245.000 0.304
4250.000 0.302
4255.000 0.297
4260.000 0.295
4265.000 0.293
4270.000 0.290
4275.000 0.290
4280.000 0.285
4285.000 0.283
4290.000 0.277
4295.000 0.273
4300.000 0.269
4305.000 0.262
4310.000 0.258
4315.000 0.248
4320.000 0.248
4325.000 0.238
4330.000 0.231
4335.000 0.228
4340.000 0.223
4345.000 0.217
4350.000 0.215
4355.000 0.211
4360.000 0.207
4365.000 0.205
4370.000 0.201
4375.000 0.202
4380.000 0.197
4385.000 0.195
4390.000 0.192
4395.000 0.189
4400.000 0.185
4405.000 0.185
4410.000 0.182
4415.000 0.181
4420.000 0.180
4425.000 0.179
4430.000 0.175
4435.000 0.175
4440.000 0.170
4445.000 0.168
4450.000 0.167
4455.000 0.163
4460.000 0.162
4465.000 0.161
4470.000 0.158
4475.000 0.157
4480.000 0.155
4485.000 0.153
4490.000 0.152
4495.000 0.149
4500.000 0.147
4505.000 0.146
4510.000 0.144
4515.000 0.143
4520.000 0.141
4525.000 0.139
4530.000 0.138
4535.000 0.137
4540.000 0.133
4545.000 0.133
4550.000 0.131
4555.000 0.129
4560.000 0.127
4565.000 0.126
4570.000 0.126
4575.000 0.125
4580.000 0.124
4585.000 0.124
4590.000 0.123
4595.000 0.121
4600.000 0.121
4605.000 0.121
4610.000 0.121
4615.000 0.120
4620.000 0.121
4625.000 0.120
4630.000 0.120
4635.000 0.122
4640.000 0.123
4645.000 0.125
4650.000 0.125
4655.000 0.127
4660.000 0.129
4665.000 0.131
4670.000 0.133
4675.000 0.137
4680.000 0.137
4685.000 0.138
4690.000 0.142
4695.000 0.145
4700.000 0.147
4705.000 0.151
4710.000 0.154
4715.000 0.156
4720.000 0.160
4725.000 0.161
4730.000 0.162
4735.000 0.163
4740.000 0.165
4745.000 0.168
4750.000 0.167
4755.000 0.167
4760.000 0.168
4765.000 0.164
4770.000 0.161
4775.000 0.160
4780.000 0.157
4785.000 0.153
4790.000 0.148
4795.000 0.143
4800.000 0.139
4805.000 0.131
4810.000 0.127
4815.000 0.120
4820.000 0.111
4825.000 0.106
4830.000 0.103
4835.000 0.096
4840.000 0.087
4845.000 0.084
4850.000 0.075
4855.000 0.069
4860.000 0.064
4865.000 0.057
4870.000 0.053
4875.000 0.044
4880.000 0.038
4885.000 0.035
4890.000 0.031
4895.000 0.029
4900.000 0.029
4905.000 0.030
4910.000 0.035
4915.000 0.040
4920.000 0.045
4925.000 0.051
4930.000 0.061
4935.000 0.065
4940.000 0.080
4945.000 0.085
4950.000 0.099
4955.000 0.108
4960.000 0.121
4965.000 0.138
4970.000 0.137
4975.000 0.168
4980.000 0.191
4985.000 0.203
4990.000 0.228
4995.000 0.233
5000.000 0.246
5005.000 0.278
5010.000 0.286
5015.000 0.305
5020.000 0.304
5025.000 0.326
5030.000 0.342
5035.000 0.344
5040.000 0.360
5045.000 0.367
5050.000 0.394
5055.000 0.408
5060.000 0.425
5065.000 0.441
5070.000 0.454
5075.000 0.473
5080.000 0.498
5085.000 0.503
5090.000 0.517
5095.000 0.527
5100.000 0.549
5105.000 0.569
5110.000 0.581
5115.000 0.600
5120.000 0.610
5125.000 0.624
5130.000 0.637
5135.000 0.646
5140.000 0.660
5145.000 0.667
5150.000 0.678
5155.000 0.694
5160.000 0.696
5165.000 0.706
5170.000 0.714
5175.000 0.721
5180.000 0.729
5185.000 0.735
5190.000 0.741
5195.000 0.745
5200.000 0.753
5205.000 0.760
5210.000 0.760
5215.000 0.757
5220.000 0.763
5225.000 0.762
5230.000 0.763
5235.000 0.764
5240.000 0.767
5245.000 0.770
5250.000 0.768
5255.000 0.766
5260.000 0.766
5265.000 0.767
5270.000 0.766
5275.000 0.763
5280.000 0.762
5285.000 0.764
5290.000 0.764
5295.000 0.762
5300.000 0.762
5305.000 0.756
5310.000 0.755
5315.000 0.751
5320.000 0.755
5325.000 0.755
5330.000 0.753
5335.000 0.752
5340.000 0.745
5345.000 0.744
5350.000 0.745
5355.000 0.741
5360.000 0.741
5365.000 0.739
5370.000 0.737
5375.000 0.730
5380.000 0.728
5385.000 0.724
5390.000 0.721
5395.000 0.719
5400.000 0.714
5405.000 0.712
5410.000 0.709
5415.000 0.702
5420.000 0.702
5425.000 0.701
5430.000 0.698
5435.000 0.696
5440.000 0.695
5445.000 0.694
5450.000 0.692
5455.000 0.688
5460.000 0.688
5465.000 0.688
5470.000 0.686
5475.000 0.685
5480.000 0.683
5485.000 0.680
5490.000 0.675
5495.000 0.678
5500.000 0.678
5505.000 0.677
5510.000 0.676
5515.000 0.678
5520.000 0.679
5525.000 0.683
5530.000 0.686
5535.000 0.682
5540.000 0.672
5545.000 0.667
5550.000 0.665
5555.000 0.669
5560.000 0.664
5565.000 0.661
5570.000 0.665
5575.000 0.665
5580.000 0.661
5585.000 0.657
5590.000 0.657
5595.000 0.659
5600.000 0.652
5605.000 0.657
5610.000 0.653
5615.000 0.656
5620.000 0.657
5625.000 0.653
5630.000 0.654
5635.000 0.651
5640.000 0.655
5645.000 0.653
5650.000 0.654
5655.000 0.651
5660.000 0.655
5665.000 0.650
5670.000 0.655
5675.000 0.652
5680.000 0.650
5685.000 0.650
5690.000 0.655
5695.000 0.651
5700.000 0.649
5705.000 0.648
5710.000 0.647
5715.000 0.648
5720.000 0.651
5725.000 0.645
5730.000 0.647
5735.000 0.649
5740.000 0.653
5745.000 0.652
5750.000 0.650
5755.000 0.652
5760.000 0.651
5765.000 0.650
5770.000 0.651
5775.000 0.651
5780.000 0.648
5785.000 0.651
5790.000 0.651
5795.000 0.651
5800.000 0.651
5805.000 0.652
5810.000 0.651
5815.000 0.653
5820.000 0.652
5825.000 0.653
5830.000 0.656
5835.000 0.654
5840.000 0.654
5845.000 0.651
5850.000 0.656
5855.000 0.658
5860.000 0.655
5865.000 0.656
5870.000 0.656
5875.000 0.662
5880.000 0.665
5885.000 0.664
5890.000 0.668
5895.000 0.664
5900.000 0.667
5905.000 0.667
5910.000 0.670
5915.000 0.669
5920.000 0.670
5925.000 0.672
5930.000 0.670
5935.000 0.672
5940.000 0.674
5945.000 0.676
5950.000 0.677
5955.000 0.675
5960.000 0.683
5965.000 0.683
5970.000 0.688
5975.000 0.679
5980.000 0.674
5985.000 0.688
5990.000 0.682
5995.000 0.697
6000.000 0.701
6005.000 0.695
6010.000 0.691
6015.000 0.695
6020.000 0.706
6025.000 0.707
6030.000 0.694
6035.000 0.714
6040.000 0.708
6045.000 0.708
6050.000 0.713
6055.000 0.704
6060.000 0.706
6065.000 0.717
6070.000 0.714
6075.000 0.714
6080.000 0.716
6085.000 0.726
6090.000 0.723
6095.000 0.724
6100.000 0.728
6105.000 0.731
6110.000 0.730
6115.000 0.734
6120.000 0.733
6125.000 0.733
6130.000 0.739
6135.000 0.740
6140.000 0.745
6145.000 0.750
6150.000 0.754
6155.000 0.753
6160.000 0.757
6165.000 0.761
6170.000 0.764
6175.000 0.770
6180.000 0.769
6185.000 0.773
6190.000 0.776
6195.000 0.779
6200.000 0.782
6205.000 0.785
6210.000 0.789
6215.000 0.791
6220.000 0.794
6225.000 0.797
6230.000 0.797
6235.000 0.803
6240.000 0.807
6245.000 0.813
6250.000 0.817
6255.000 0.820
6260.000 0.821
6265.000 0.827
6270.000 0.834
6275.000 0.840
6280.000 0.839
6285.000 0.849
6290.000 0.853
6295.000 0.859
6300.000 0.865
6305.000 0.874
6310.000 0.877
6315.000 0.902
6320.000 0.924
6325.000 0.904
6330.000 0.900
6335.000 0.901
6340.000 0.906
6345.000 0.909
6350.000 0.918
6355.000 0.918
6360.000 0.921
6365.000 0.924
6370.000 0.931
6375.000 0.939
6380.000 0.945
6385.000 0.950
6390.000 0.953
6395.000 0.963
6400.000 0.969
6405.000 0.976
6410.000 0.979
6415.000 0.987
6420.000 1.002
6425.000 1.006
6430.000 1.015
6435.000 1.023
6440.000 1.025
6445.000 1.042
6450.000 1.051
6455.000 1.056
6460.000 1.066
6465.000 1.069
6470.000 1.081
6475.000 1.094
6480.000 1.102
6485.000 1.116
6490.000 1.124
6495.000 1.135
6500.000 1.147
6505.000 1.152
6510.000 1.164
6515.000 1.177
6520.000 1.194
6525.000 1.210
6530.000 1.225
6535.000 1.238
6540.000 1.247
6545.000 1.261
6550.000 1.278
6555.000 1.286
6560.000 1.307
6565.000 1.318
6570.000 1.333
6575.000 1.356
6580.000 1.367
6585.000 1.378
6590.000 1.404
6595.000 1.431
6600.000 1.459
6605.000 1.471
6610.000 1.495
6615.000 1.510
6620.000 1.540
6625.000 1.555
6630.000 1.581
6635.000 1.613
6640.000 1.629
6645.000 1.660
6650.000 1.679
6655.000 1.717
6660.000 1.756
6665.000 1.781
6670.000 1.821
6675.000 1.842
6680.000 1.885
6685.000 1.935
6690.000 1.962
6695.000 2.016
6700.000 2.036
6705.000 2.093
6710.000 2.160
6715.000 2.187
6720.000 2.250
6725.000 2.278
6730.000 2.360
6735.000 2.437
6740.000 2.472
6745.000 2.562
6750.000 2.616
6755.000 2.707
6760.000 2.814
6765.000 2.866
6770.000 2.988
6775.000 3.054
6780.000 3.192
6785.000 3.345
6790.000 3.429
6795.000 3.604
6800.000 3.695
6805.000 3.890
6810.000 4.097
6815.000 4.177
6820.000 4.446
6825.000 4.634
6830.000 4.932
6835.000 5.267
6840.000 5.453
6845.000 5.905
6850.000 6.101
6855.000 6.621
6860.000 7.235
6865.000 7.560
6870.000 8.222
6875.000 8.543
6880.000 9.111
6885.000 9.468
6890.000 9.525
6895.000 9.442
6900.000 9.289
6905.000 9.005
6910.000 8.605
6915.000 8.345
6920.000 8.072
6925.000 7.486
6930.000 6.903
6935.000 6.636
6940.000 6.112
6945.000 5.647
6950.000 5.430
6955.000 5.035
6960.000 4.683
6965.000 4.522
6970.000 4.218
6975.000 4.097
6980.000 3.833
6985.000 3.600
6990.000 3.498
6995.000 3.294
7000.000 3.209
7005.000 3.033
7010.000 2.877
7015.000 2.809
7020.000 2.747
7025.000 2.616
7030.000 2.495
7035.000 2.394
7040.000 2.342
7045.000 2.242
7050.000 2.195
7055.000 2.110
7060.000 2.026
7065.000 1.991
7070.000 1.920
7075.000 1.888
7080.000 1.815
7085.000 1.752
7090.000 1.725
7095.000 1.667
7100.000 1.645
7105.000 1.590
7110.000 1.538
7115.000 1.503
7120.000 1.436
7125.000 1.404
7130.000 1.348
7135.000 1.290
7140.000 1.267
7145.000 1.216
7150.000 1.193
7155.000 1.147
7160.000 1.107
7165.000 1.087
7170.000 1.051
7175.000 1.036
7180.000 1.001
7185.000 0.987
7190.000 0.957
7195.000 0.931
7200.000 0.916
7205.000 0.890
7210.000 0.878
7215.000 0.853
7220.000 0.832
7225.000 0.823
7230.000 0.800
7235.000 0.791
7240.000 0.775
7245.000 0.765
7250.000 0.749
7255.000 0.730
7260.000 0.724
7265.000 0.710
7270.000 0.697
7275.000 0.687
7280.000 0.674
7285.000 0.667
7290.000 0.650
7295.000 0.642
7300.000 0.635
7305.000 0.622
7310.000 0.618
7315.000 0.606
7320.000 0.598
7325.000 0.592
7330.000 0.582
7335.000 0.576
7340.000 0.567
7345.000 0.559
7350.000 0.556
7355.000 0.559
7360.000 0.547
7365.000 0.539
7370.000 0.535
7375.000 0.532
7380.000 0.517
7385.000 0.512
7390.000 0.503
7395.000 0.492
7400.000 0.492
7405.000 0.481
7410.000 0.479
7415.000 0.473
7420.000 0.463
7425.000 0.467
7430.000 0.454
7435.000 0.456
7440.000 0.448
7445.000 0.441
7450.000 0.438
7455.000 0.433
7460.000 0.430
7465.000 0.425
7470.000 0.418
7475.000 0.418
7480.000 0.413
7485.000 0.410
7490.000 0.404
7495.000 0.399
7500.000 0.398
7505.000 0.394
7510.000 0.391
7515.000 0.386
7520.000 0.384
7525.000 0.379
7530.000 0.377
7535.000 0.374
7540.000 0.370
7545.000 0.368
7550.000 0.365
7555.000 0.360
7560.000 0.357
7565.000 0.355
7570.000 0.352
7575.000 0.350
7580.000 0.343
7585.000 0.343
7590.000 0.342
7595.000 0.338
7600.000 0.335
7605.000 0.332
7610.000 0.329
7615.000 0.327
7620.000 0.326
7625.000 0.323
7630.000 0.319
7635.000 0.316
7640.000 0.316
7645.000 0.315
7650.000 0.310
7655.000 0.306
7660.000 0.306
7665.000 0.303
7670.000 0.301
7675.000 0.299
7680.000 0.292
7685.000 0.294
7690.000 0.290
7695.000 0.290
7700.000 0.288
7705.000 0.285
7710.000 0.282
7715.000 0.281
7720.000 0.281
7725.000 0.279
7730.000 0.271
7735.000 0.270
7740.000 0.269
7745.000 0.267
7750.000 0.266
7755.000 0.265
7760.000 0.265
7765.000 0.267
7770.000 0.266
7775.000 0.263
7780.000 0.262
7785.000 0.261
7790.000 0.255
7795.000 0.257
7800.000 0.256
7805.000 0.249
7810.000 0.246
7815.000 0.247
7820.000 0.247
7825.000 0.245
7830.000 0.243
7835.000 0.244
7840.000 0.244
7845.000 0.243
7850.000 0.239
7855.000 0.236
7860.000 0.235
7865.000 0.235
7870.000 0.234
7875.000 0.234
7880.000 0.230
7885.000 0.230
7890.000 0.228
7895.000 0.227
7900.000 0.224
7905.000 0.223
7910.000 0.221
7915.000 0.222
7920.000 0.219
7925.000 0.217
7930.000 0.215
7935.000 0.213
7940.000 0.213
7945.000 0.209
7950.000 0.210
7955.000 0.207
7960.000 0.205
7965.000 0.207
7970.000 0.205
7975.000 0.208
7980.000 0.209
7985.000 0.212
7990.000 0.208
7995.000 0.210
8000.000 0.205
8005.000 0.208
8010.000 0.207
8015.000 0.209
8020.000 0.204
8025.000 0.206
8030.000 0.205
8035.000 0.202
8040.000 0.196
8045.000 0.197
8050.000 0.198
8055.000 0.194
8060.000 0.197
8065.000 0.195
8070.000 0.195
8075.000 0.195
8080.000 0.193
8085.000 0.191
8090.000 0.192
8095.000 0.193
8100.000 0.191
8105.000 0.191
8110.000 0.193
8115.000 0.190
8120.000 0.190
8125.000 0.191
8130.000 0.190
8135.000 0.189
8140.000 0.188
8145.000 0.188
8150.000 0.187
8155.000 0.188
8160.000 0.187
8165.000 0.187
8170.000 0.187
8175.000 0.186
8180.000 0.188
8185.000 0.186
8190.000 0.186
8195.000 0.185
8200.000 0.187
8205.000 0.187
8210.000 0.187
8215.000 0.185
8220.000 0.185
8225.000 0.185
8230.000 0.183
8235.000 0.182
8240.000 0.183
8245.000 0.182
8250.000 0.181
8255.000 0.184
8260.000 0.184
8265.000 0.182
8270.000 0.182
8275.000 0.183
8280.000 0.182
8285.000 0.181
8290.000 0.181
8295.000 0.181
8300.000 0.181
8305.000 0.180
8310.000 0.178
8315.000 0.177
8320.000 0.178
8325.000 0.179
8330.000 0.178
8335.000 0.179
8340.000 0.178
8345.000 0.177
8350.000 0.177
8355.000 0.177
8360.000 0.174
8365.000 0.176
8370.000 0.175
8375.000 0.176
8380.000 0.174
8385.000 0.176
8390.000 0.175
8395.000 0.174
8400.000 0.175
8405.000 0.173
8410.000 0.174
8415.000 0.172
8420.000 0.172
8425.000 0.171
8430.000 0.172
8435.000 0.172
8440.000 0.170
8445.000 0.171
8450.000 0.170
8455.000 0.169
8460.000 0.170
8465.000 0.168
8470.000 0.168
8475.000 0.168
8480.000 0.168
8485.000 0.168
8490.000 0.167
8495.000 0.167
8500.000 0.166
8505.000 0.166
8510.000 0.165
8515.000 0.165
8520.000 0.164
8525.000 0.165
8530.000 0.164
8535.000 0.166
8540.000 0.165
8545.000 0.162
8550.000 0.164
8555.000 0.163
8560.000 0.162
8565.000 0.163
8570.000 0.162
8575.000 0.159
8580.000 0.160
8585.000 0.161
8590.000 0.163
8595.000 0.160
8605.000 0.168
8615.000 0.169
8620.000 0.165
8625.000 0.165
8630.000 0.160
8635.000 0.161
8640.000 0.160
8650.000 0.156
8655.000 0.154
8660.000 0.156
8665.000 0.155
8670.000 0.154
8675.000 0.152
8680.000 0.150
8685.000 0.150
8690.000 0.150
8695.000 0.147
8700.000 0.144
8705.000 0.143
8710.000 0.142
8715.000 0.141
8720.000 0.141
8725.000 0.140
8730.000 0.142
8735.000 0.141
8740.000 0.149
8750.000 0.161
8755.000 0.160
8760.000 0.157
8765.000 0.155
8770.000 0.154
8775.000 0.151
8780.000 0.152
8785.000 0.151
8790.000 0.150
8795.000 0.148
8800.000 0.148
8805.000 0.148
8810.000 0.150
8815.000 0.142
8820.000 0.153
8825.000 0.147
8830.000 0.164
8835.000 0.151
8840.000 0.147
8845.000 0.149
8850.000 0.151
8855.000 0.147
8860.000 0.146
8865.000 0.144
8870.000 0.144
8875.000 0.144
8880.000 0.144
8885.000 0.143
8890.000 0.143
8895.000 0.142
8900.000 0.143
8905.000 0.141
8910.000 0.142
8915.000 0.141
8920.000 0.141
8925.000 0.144
8930.000 0.144
8935.000 0.148
8940.000 0.146
8945.000 0.148
8950.000 0.146
8955.000 0.151
8960.000 0.148
8965.000 0.147
8970.000 0.146
8975.000 0.139
8980.000 0.138
8985.000 0.135
8990.000 0.139
8995.000 0.135
9000.000 0.138
9005.000 0.133
9010.000 0.133
9015.000 0.132
9025.000 0.155
9030.000 0.149
9035.000 0.141
9040.000 0.139
9045.000 0.135
9050.000 0.136
9055.000 0.136
9060.000 0.136
9065.000 0.133
9070.000 0.131
9075.000 0.133
9080.000 0.130
9085.000 0.130
9090.000 0.129
9095.000 0.129
9100.000 0.127
9105.000 0.128
9110.000 0.129
9115.000 0.127
9120.000 0.126
9125.000 0.126
9130.000 0.125
9135.000 0.126
9140.000 0.125
9145.000 0.124
9150.000 0.123
9155.000 0.124
9160.000 0.121
9165.000 0.124
9170.000 0.123
9175.000 0.123
9180.000 0.122
9185.000 0.122
9190.000 0.120
9195.000 0.119
9200.000 0.120
9205.000 0.120
9210.000 0.118
9215.000 0.119
9220.000 0.120
9225.000 0.119
9230.000 0.118
9235.000 0.116
9240.000 0.117
9245.000 0.115
9250.000 0.114
9255.000 0.114
9260.000 0.114
9265.000 0.113
9270.000 0.113
9275.000 0.113
9280.000 0.112
9285.000 0.112
9290.000 0.109
9295.000 0.110
9300.000 0.110
9305.000 0.111
9310.000 0.109
9315.000 0.108
9320.000 0.106
9325.000 0.107
9330.000 0.107
9335.000 0.107
9340.000 0.106
9345.000 0.104
9350.000 0.104
9355.000 0.101
9360.000 0.103
9365.000 0.103
9370.000 0.102
9375.000 0.101
9380.000 0.100
9385.000 0.100
9390.000 0.100
9395.000 0.097
9400.000 0.097
9405.000 0.097
9410.000 0.095
9415.000 0.097
9420.000 0.096
9425.000 0.094
9430.000 0.094
9435.000 0.094
9440.000 0.093
9445.000 0.090
9450.000 0.090
9455.000 0.092
9460.000 0.090
9465.000 0.089
9470.000 0.089
9475.000 0.089
9480.000 0.086
9485.000 0.087
9490.000 0.086
9495.000 0.083
9500.000 0.085
9505.000 0.083
9510.000 0.083
9515.000 0.082
9520.000 0.080
9525.000 0.080
9530.000 0.080
9535.000 0.079
9540.000 0.079
9545.000 0.078
9550.000 0.077
9555.000 0.077
9560.000 0.077
9565.000 0.075
9570.000 0.073
9575.000 0.074
9580.000 0.073
9585.000 0.074
9590.000 0.072
9595.000 0.072
9600.000 0.072
9605.000 0.072
9610.000 0.072
9615.000 0.069
9620.000 0.070
9625.000 0.070
9630.000 0.068
9635.000 0.068
9640.000 0.068
9645.000 0.067
9650.000 0.067
9655.000 0.065
9660.000 0.067
9665.000 0.065
9670.000 0.065
9675.000 0.066
9680.000 0.066
9685.000 0.066
9690.000 0.067
9695.000 0.064
9700.000 0.064
9705.000 0.065
9710.000 0.067
9715.000 0.066
9720.000 0.066
9725.000 0.066
9730.000 0.068
9735.000 0.067
9740.000 0.068
9745.000 0.068
9750.000 0.071
9755.000 0.071
9760.000 0.073
9765.000 0.073
9770.000 0.073
9775.000 0.074
9780.000 0.077
9785.000 0.079
9790.000 0.080
9795.000 0.081
9800.000 0.083
9805.000 0.087
9810.000 0.090
9815.000 0.090
9820.000 0.094
9825.000 0.093
9830.000 0.095
9835.000 0.099
9840.000 0.101
9845.000 0.105
9850.000 0.103
9855.000 0.109
9860.000 0.112
9865.000 0.117
9870.000 0.118
9875.000 0.121
9880.000 0.124
9885.000 0.131
9890.000 0.133
9895.000 0.136
9900.000 0.139
9905.000 0.143
9910.000 0.147
9915.000 0.153
9920.000 0.158
9925.000 0.164
9930.000 0.168
9935.000 0.176
9940.000 0.177
9945.000 0.183
9950.000 0.185
9955.000 0.193
9960.000 0.198
9965.000 0.205
9970.000 0.209
9975.000 0.216
9980.000 0.227
9985.000 0.231
9990.000 0.243
9995.000 0.251
10000.000 0.251
10005.000 0.274
10010.000 0.276
10015.000 0.288
10020.000 0.292
10025.000 0.303
10030.000 0.316
10035.000 0.317
10040.000 0.328
10045.000 0.342
10050.000 0.351
10055.000 0.361
10060.000 0.375
10065.000 0.392
10070.000 0.397
10075.000 0.419
10080.000 0.437
10085.000 0.448
10090.000 0.467
10095.000 0.486
10100.000 0.494
10105.000 0.521
10110.000 0.535
10115.000 0.561
10120.000 0.588
10125.000 0.604
10130.000 0.638
10135.000 0.656
10140.000 0.688
10145.000 0.725
10150.000 0.742
10155.000 0.786
10160.000 0.802
10165.000 0.853
10170.000 0.901
10175.000 0.929
10180.000 0.992
10185.000 1.025
10190.000 1.100
10195.000 1.179
10200.000 1.224
10205.000 1.323
10210.000 1.383
10215.000 1.507
10220.000 1.654
10225.000 1.733
10230.000 1.913
10235.000 2.020
10240.000 2.252
10245.000 2.522
10250.000 2.669
10255.000 2.997
10260.000 3.174
10265.000 3.535
10270.000 3.899
10275.000 4.065
10280.000 4.317
10285.000 4.394
10290.000 4.410
10295.000 4.248
10300.000 4.101
10305.000 3.789
10310.000 3.629
10315.000 3.335
10320.000 3.208
10325.000 2.999
10330.000 2.816
10335.000 2.729
10340.000 2.555
10345.000 2.478
10350.000 2.331
10355.000 2.267
10360.000 2.136
10365.000 2.027
10370.000 1.971
10375.000 1.876
10380.000 1.797
10385.000 1.758
10390.000 1.681
10395.000 1.638
10400.000 1.570
10405.000 1.539
10410.000 1.483
10415.000 1.433
10420.000 1.408
10425.000 1.359
10430.000 1.320
10435.000 1.299
10440.000 1.258
10445.000 1.236
10450.000 1.202
10455.000 1.171
10460.000 1.153
10465.000 1.123
10470.000 1.110
10475.000 1.083
10480.000 1.060
10485.000 1.044
10490.000 1.019
10495.000 1.009
10500.000 0.984
10505.000 0.968
10510.000 0.958
10515.000 0.937
10520.000 0.930
10525.000 0.912
10530.000 0.901
10535.000 0.895
10540.000 0.886
10545.000 0.882
10550.000 0.867
10555.000 0.855
10560.000 0.856
10565.000 0.844
10570.000 0.839
10575.000 0.828
10580.000 0.818
10585.000 0.814
10590.000 0.804
10595.000 0.798
10600.000 0.789
10605.000 0.780
10610.000 0.776
10615.000 0.771
10620.000 0.761
10625.000 0.751
10630.000 0.738
10635.000 0.734
10640.000 0.731
10645.000 0.724
10650.000 0.717
10655.000 0.715
10660.000 0.706
10665.000 0.694
10670.000 0.694
10675.000 0.682
10680.000 0.677
10685.000 0.677
10690.000 0.673
10695.000 0.664
10700.000 0.663
10705.000 0.660
10710.000 0.651
10715.000 0.645
10720.000 0.643
10725.000 0.637
10730.000 0.630
10735.000 0.628
10740.000 0.624
10745.000 0.625
10750.000 0.619
10755.000 0.612
10760.000 0.611
10765.000 0.609
10770.000 0.603
10775.000 0.598
10780.000 0.594
10785.000 0.589
10790.000 0.586
10795.000 0.590
10800.000 0.585
10805.000 0.582
10810.000 0.574
10815.000 0.574
10820.000 0.568
10825.000 0.563
10830.000 0.562
10835.000 0.558
10840.000 0.553
10845.000 0.549
10850.000 0.548
10855.000 0.545
10860.000 0.546
10865.000 0.546
10870.000 0.543
10875.000 0.543
10880.000 0.541
10885.000 0.536
10890.000 0.534
10895.000 0.534
10900.000 0.531
10905.000 0.528
10910.000 0.524
10915.000 0.525
10920.000 0.524
10925.000 0.521
10930.000 0.520
10935.000 0.516
10940.000 0.518
10945.000 0.513
10950.000 0.510
10955.000 0.510
10960.000 0.504
10965.000 0.502
10970.000 0.498
10975.000 0.498
10980.000 0.498
10985.000 0.498
10990.000 0.499
10995.000 0.494
11000.000 0.493
11005.000 0.496
11010.000 0.498
11015.000 0.491
11020.000 0.489
11025.000 0.498
11030.000 0.489
11035.000 0.499
11040.000 0.497
11045.000 0.534
11050.000 0.515
11055.000 0.501
11060.000 0.489
11065.000 0.487
11070.000 0.474
11075.000 0.474
11080.000 0.474
11085.000 0.473
11090.000 0.471
11095.000 0.470
11100.000 0.469
11105.000 0.466
11110.000 0.462
11115.000 0.463
11120.000 0.466
11125.000 0.464
11130.000 0.459
11135.000 0.458
11140.000 0.456
11145.000 0.454
11150.000 0.456
11155.000 0.456
11160.000 0.450
11165.000 0.453
11170.000 0.451
11175.000 0.449
11180.000 0.450
11185.000 0.450
11190.000 0.447
11195.000 0.450
11200.000 0.446
11205.000 0.443
11210.000 0.441
11215.000 0.443
11220.000 0.443
11225.000 0.441
11230.000 0.441
11235.000 0.441
11240.000 0.436
11245.000 0.438
11250.000 0.434
11255.000 0.433
11260.000 0.432
11265.000 0.433
11270.000 0.433
11275.000 0.434
11280.000 0.433
11285.000 0.434
11290.000 0.434
11295.000 0.431
11300.000 0.432
11305.000 0.431
11310.000 0.431
11315.000 0.427
11320.000 0.429
11325.000 0.428
11330.000 0.429
11335.000 0.427
11340.000 0.425
11345.000 0.423
11350.000 0.420
11355.000 0.423
11360.000 0.423
11365.000 0.422
11370.000 0.419
11375.000 0.420
11380.000 0.421
11385.000 0.416
11390.000 0.416
11395.000 0.414
11400.000 0.416
11405.000 0.415
11410.000 0.416
11415.000 0.415
11420.000 0.418
11425.000 0.411
11430.000 0.412
11435.000 0.412
11440.000 0.409
11445.000 0.412
11450.000 0.410
11455.000 0.412
11460.000 0.411
11465.000 0.411
11470.000 0.408
11475.000 0.405
11480.000 0.405
11485.000 0.406
11490.000 0.403
11495.000 0.404
11500.000 0.403
11505.000 0.403
11510.000 0.402
11515.000 0.404
11520.000 0.404
11525.000 0.405
11530.000 0.401
11535.000 0.402
11540.000 0.402
11545.000 0.403
11550.000 0.403
11555.000 0.403
11560.000 0.399
11565.000 0.399
11570.000 0.398
11575.000 0.399
11580.000 0.397
11585.000 0.396
11590.000 0.394
11595.000 0.394
11600.000 0.392
11605.000 0.394
11610.000 0.394
11615.000 0.394
11620.000 0.393
11625.000 0.390
11630.000 0.393
11635.000 0.391
11640.000 0.391
11645.000 0.392
11650.000 0.391
11655.000 0.390
11660.000 0.390
11665.000 0.395
11670.000 0.392
11675.000 0.389
11680.000 0.390
11685.000 0.391
11690.000 0.391
11695.000 0.389
11700.000 0.387
11705.000 0.389
11710.000 0.388
11715.000 0.386
11720.000 0.384
11725.000 0.386
11730.000 0.386
11735.000 0.384
11740.000 0.384
11745.000 0.385
11750.000 0.386
11755.000 0.386
11760.000 0.383
11765.000 0.384
11770.000 0.383
11775.000 0.385
11780.000 0.384
11785.000 0.379
11790.000 0.383
11795.000 0.381
11800.000 0.380
11805.000 0.380
11810.000 0.383
11815.000 0.380
11820.000 0.378
11825.000 0.380
11830.000 0.378
11835.000 0.379
11840.000 0.377
11845.000 0.376
11850.000 0.375
11855.000 0.374
11860.000 0.371
11865.000 0.375
11870.000 0.371
11875.000 0.370
11880.000 0.373
11885.000 0.372
11890.000 0.373
11895.000 0.374
11900.000 0.372
11905.000 0.371
11910.000 0.372
11915.000 0.373
11920.000 0.373
11925.000 0.373
11930.000 0.375
11935.000 0.371
11940.000 0.372
11945.000 0.372
11950.000 0.372
11955.000 0.374
11960.000 0.371
11965.000 0.371
11970.000 0.373
11975.000 0.369
11980.000 0.368
11985.000 0.368
11990.000 0.369
11995.000 0.372
12000.000 0.370
