105.000 0.174
110.000 0.297
115.000 1.421
120.000 1.665
125.000 1.840
130.000 2.062
135.000 2.172
140.000 2.376
145.000 2.526
150.000 2.786
155.000 2.924
160.000 3.045
165.000 3.244
170.000 3.452
175.000 3.496
180.000 3.701
185.000 4.020
190.000 4.461
195.000 4.991
200.000 5.376
205.000 6.398
210.000 7.226
215.000 9.017
220.000 12.146
225.000 14.356
230.000 18.316
235.000 19.922
240.000 22.119
245.000 23.969
250.000 24.018
255.000 24.588
260.000 23.815
265.000 20.616
270.000 17.184
275.000 15.568
280.000 12.862
285.000 11.707
290.000 10.034
295.000 8.583
300.000 8.071
305.000 7.211
310.000 6.891
315.000 6.345
320.000 6.091
325.000 5.990
330.000 5.943
335.000 5.961
340.000 6.109
345.000 6.320
350.000 6.410
355.000 6.742
360.000 6.968
365.000 7.505
370.000 8.177
375.000 8.574
380.000 9.376
385.000 9.894
390.000 10.973
395.000 12.276
400.000 12.999
405.000 14.667
410.000 15.635
415.000 17.933
420.000 20.657
425.000 22.130
430.000 25.175
435.000 26.621
440.000 29.413
445.000 32.131
450.000 33.636
455.000 36.377
460.000 37.820
465.000 41.076
470.000 44.982
475.000 47.018
480.000 51.412
485.000 53.299
490.000 55.238
495.000 51.337
500.000 46.028
505.000 34.296
510.000 29.479
515.000 22.339
520.000 17.142
525.000 15.123
530.000 11.996
535.000 10.722
540.000 8.799
545.000 7.214
550.000 6.627
555.000 5.615
560.000 5.238
565.000 4.513
570.000 4.004
575.000 3.783
580.000 3.382
585.000 3.204
590.000 2.923
595.000 2.687
600.000 2.594
605.000 2.403
610.000 2.310
615.000 2.185
620.000 2.085
625.000 2.044
630.000 1.928
635.000 1.857
640.000 1.789
645.000 1.780
650.000 1.672
655.000 1.839
660.000 1.809
665.000 1.811
670.000 1.830
675.000 1.919
680.000 2.083
685.000 2.177
690.000 2.481
695.000 2.695
700.000 3.344
705.000 4.600
710.000 5.354
715.000 8.487
720.000 9.518
725.000 9.668
730.000 7.769
735.000 6.461
740.000 3.916
745.000 3.303
750.000 2.331
755.000 1.763
760.000 1.581
765.000 1.260
770.000 1.141
775.000 0.950
780.000 0.807
785.000 0.752
790.000 0.652
795.000 0.613
800.000 0.542
805.000 0.492
810.000 0.480
815.000 0.453
820.000 0.435
825.000 0.449
830.000 0.401
835.000 0.395
840.000 0.373
845.000 0.373
850.000 0.354
855.000 0.358
860.000 0.349
865.000 0.347
870.000 0.345
875.000 0.338
880.000 0.346
885.000 0.360
890.000 0.368
895.000 0.373
900.000 0.400
905.000 0.445
910.000 0.441
915.000 0.492
920.000 0.521
925.000 0.597
930.000 0.712
935.000 0.793
940.000 1.009
945.000 1.154
950.000 1.526
955.000 1.885
960.000 1.858
965.000 1.346
970.000 1.118
975.000 0.835
980.000 0.650
985.000 0.602
990.000 0.512
995.000 0.483
1000.000 0.432
1005.000 0.387
1010.000 0.366
1015.000 0.338
1020.000 0.336
1025.000 0.313
1030.000 0.299
1035.000 0.292
1040.000 0.286
1045.000 0.283
1050.000 0.274
1055.000 0.265
1060.000 0.263
1065.000 0.262
1070.000 0.261
1075.000 0.260
1080.000 0.260
1085.000 0.261
1090.000 0.262
1095.000 0.266
1100.000 0.267
1105.000 0.278
1110.000 0.283
1115.000 0.294
1120.000 0.297
1125.000 0.316
1130.000 0.330
1135.000 0.341
1140.000 0.364
1145.000 0.380
1150.000 0.419
1155.000 0.460
1160.000 0.492
1165.000 0.549
1170.000 0.613
1175.000 0.719
1180.000 0.887
1185.000 1.002
1190.000 1.328
1195.000 1.546
1200.000 1.915
1205.000 1.720
1210.000 1.471
1215.000 1.061
1220.000 0.918
1225.000 0.719
1230.000 0.589
1235.000 0.540
1240.000 0.467
1245.000 0.441
1250.000 0.392
1255.000 0.355
1260.000 0.339
1265.000 0.317
1270.000 0.308
1275.000 0.294
1280.000 0.286
1285.000 0.279
1290.000 0.273
1295.000 0.271
1300.000 0.269
1305.000 0.268
1310.000 0.268
1315.000 0.274
1320.000 0.275
1325.000 0.283
1330.000 0.287
1335.000 0.298
1340.000 0.317
1345.000 0.323
1350.000 0.345
1355.000 0.358
1360.000 0.387
1365.000 0.426
1370.000 0.449
1375.000 0.508
1380.000 0.543
1385.000 0.635
1390.000 0.772
1395.000 0.867
1400.000 1.153
1405.000 1.371
1410.000 2.070
1415.000 3.043
1420.000 3.573
1425.000 4.467
1430.000 4.623
1435.000 4.005
1440.000 2.985
1445.000 2.572
1450.000 1.960
1455.000 1.733
1460.000 1.401
1465.000 1.177
1470.000 1.092
1475.000 0.960
1480.000 0.910
1485.000 0.830
1490.000 0.769
1495.000 0.740
1500.000 0.703
1505.000 0.686
1510.000 0.660
1515.000 0.647
1520.000 0.641
1525.000 0.639
1530.000 0.638
1535.000 0.642
1540.000 0.652
1545.000 0.661
1550.000 0.682
1555.000 0.696
1560.000 0.728
1565.000 0.775
1570.000 0.801
1575.000 0.846
1580.000 0.868
1585.000 0.915
1590.000 0.982
1595.000 1.049
1600.000 1.133
1605.000 1.190
1610.000 1.367
1615.000 1.570
1620.000 1.692
1625.000 2.405
1630.000 2.635
1635.000 3.183
1640.000 3.840
1645.000 4.144
1650.000 4.472
1655.000 4.539
1660.000 3.690
1665.000 2.674
1670.000 2.519
1675.000 2.011
1680.000 1.759
1685.000 1.409
1690.000 1.193
1695.000 1.122
1700.000 1.034
1705.000 1.007
1710.000 0.961
1715.000 0.943
1720.000 0.934
1725.000 0.921
1730.000 0.914
1735.000 0.903
1740.000 0.901
1745.000 0.898
1750.000 0.901
1755.000 0.910
1760.000 0.926
1765.000 0.949
1770.000 0.961
1775.000 0.995
1780.000 1.019
1785.000 1.056
1790.000 1.113
1795.000 1.152
1800.000 1.236
1805.000 1.289
1810.000 1.421
1815.000 1.626
1820.000 1.749
1825.000 2.072
1830.000 2.295
1835.000 2.904
1840.000 3.788
1845.000 4.406
1850.000 6.072
1855.000 7.067
1860.000 9.181
1865.000 10.108
1870.000 10.829
1875.000 9.171
1880.000 8.019
1885.000 6.027
1890.000 5.253
1895.000 4.001
1900.000 3.199
1905.000 2.895
1910.000 2.439
1915.000 2.268
1920.000 1.995
1925.000 1.814
1930.000 1.746
1935.000 1.635
1940.000 1.600
1945.000 1.526
1950.000 1.483
1955.000 1.473
1960.000 1.443
1965.000 1.467
1970.000 1.446
1975.000 1.453
1980.000 1.468
1985.000 1.507
1990.000 1.504
1995.000 1.582
2000.000 1.644
2005.000 1.686
2010.000 1.787
2015.000 1.848
2020.000 1.995
2025.000 2.274
2030.000 2.479
2035.000 2.965
2040.000 3.307
2045.000 4.188
2050.000 5.166
2055.000 5.396
2060.000 4.841
2065.000 4.214
2070.000 2.876
2075.000 1.974
2080.000 1.662
2085.000 1.221
2090.000 1.066
2095.000 0.831
2100.000 0.655
2105.000 0.592
2110.000 0.467
2115.000 0.418
2120.000 0.335
2125.000 0.273
2130.000 0.245
2135.000 0.204
2140.000 0.185
2145.000 0.154
2150.000 0.136
2155.000 0.115
2160.000 0.097
2165.000 0.090
2170.000 0.078
2175.000 0.072
2180.000 0.064
2185.000 0.058
2190.000 0.058
2195.000 0.056
2200.000 0.055
2205.000 0.056
2210.000 0.057
2215.000 0.058
2220.000 0.059
2225.000 0.063
2230.000 0.065
2235.000 0.069
2240.000 0.070
2245.000 0.073
2250.000 0.075
2255.000 0.076
2260.000 0.079
2265.000 0.081
2270.000 0.083
2275.000 0.084
2280.000 0.086
2285.000 0.092
2290.000 0.093
2295.000 0.095
2300.000 0.096
2305.000 0.103
2310.000 0.103
2315.000 0.103
2320.000 0.104
2325.000 0.105
2330.000 0.106
2335.000 0.107
2340.000 0.108
2345.000 0.108
2350.000 0.110
2355.000 0.112
2360.000 0.112
2365.000 0.113
2370.000 0.114
2375.000 0.115
2380.000 0.115
2385.000 0.116
2390.000 0.117
2395.000 0.119
2400.000 0.121
2405.000 0.123
2410.000 0.125
2415.000 0.125
2420.000 0.128
2425.000 0.127
2430.000 0.129
2435.000 0.131
2440.000 0.133
2445.000 0.134
2450.000 0.137
2455.000 0.139
2460.000 0.143
2465.000 0.143
2470.000 0.149
2475.000 0.151
2480.000 0.157
2485.000 0.164
2490.000 0.169
2495.000 0.177
2500.000 0.183
2505.000 0.194
2510.000 0.208
2515.000 0.215
2520.000 0.236
2525.000 0.249
2530.000 0.277
2535.000 0.314
2540.000 0.336
2545.000 0.390
2550.000 0.535
2555.000 0.583
2560.000 0.754
2565.000 1.032
2570.000 1.230
2575.000 1.722
2580.000 2.012
2585.000 2.808
2590.000 3.824
2595.000 4.464
2600.000 5.618
2605.000 6.044
2610.000 6.423
2615.000 5.726
2620.000 5.233
2625.000 4.292
2630.000 3.901
2635.000 3.240
2640.000 2.740
2645.000 2.611
2650.000 2.269
2655.000 2.138
2660.000 1.969
2665.000 1.859
2670.000 1.825
2675.000 1.787
2680.000 1.806
2685.000 1.873
2690.000 1.994
2695.000 2.102
2700.000 2.422
2705.000 2.643
2710.000 3.285
2715.000 4.370
2720.000 5.104
2725.000 6.728
2730.000 7.306
2735.000 7.138
2740.000 5.469
2745.000 4.523
2750.000 3.331
2755.000 2.851
2760.000 2.174
2765.000 1.938
2770.000 1.592
2775.000 1.374
2780.000 1.301
2785.000 1.191
2790.000 1.151
2795.000 1.082
2800.000 1.030
2805.000 1.033
2810.000 1.003
2815.000 0.994
2820.000 0.985
2825.000 0.985
2830.000 0.990
2835.000 1.040
2840.000 1.052
2845.000 1.089
2850.000 1.206
2855.000 1.252
2860.000 1.329
2865.000 1.393
2870.000 1.586
2875.000 1.905
2880.000 2.139
2885.000 2.840
2890.000 3.350
2895.000 4.725
2900.000 6.697
2905.000 7.426
2910.000 8.072
2915.000 7.494
2920.000 5.429
2925.000 3.712
2930.000 3.122
2935.000 2.304
2940.000 2.027
2945.000 1.617
2950.000 1.337
2955.000 1.235
2960.000 1.101
2965.000 1.115
2970.000 1.021
2975.000 0.947
2980.000 0.917
2985.000 0.881
2990.000 0.855
2995.000 0.831
3000.000 0.800
3005.000 0.804
3010.000 0.793
3015.000 0.808
3020.000 0.785
3025.000 0.802
3030.000 0.818
3035.000 0.830
3040.000 0.846
3045.000 0.888
3050.000 0.990
3055.000 1.074
3060.000 1.146
3065.000 1.199
3070.000 1.391
3075.000 1.539
3080.000 2.005
3085.000 2.699
3090.000 3.065
3095.000 3.440
3100.000 3.263
3105.000 2.438
3110.000 1.638
3115.000 1.365
3120.000 0.993
3125.000 0.865
3130.000 0.689
3135.000 0.573
3140.000 0.527
3145.000 0.463
3150.000 0.439
3155.000 0.399
3160.000 0.394
3165.000 0.391
3170.000 0.367
3175.000 0.358
3180.000 0.354
3185.000 0.352
3190.000 0.355
3195.000 0.356
3200.000 0.355
3205.000 0.367
3210.000 0.381
3215.000 0.395
3220.000 0.435
3225.000 0.460
3230.000 0.546
3235.000 0.703
3240.000 0.859
3245.000 1.242
3250.000 1.495
3255.000 1.869
3260.000 1.734
3265.000 1.490
3270.000 1.020
3275.000 0.883
3280.000 0.653
3285.000 0.510
3290.000 0.464
3295.000 0.401
3300.000 0.379
3305.000 0.344
3310.000 0.309
3315.000 0.297
3320.000 0.281
3325.000 0.268
3330.000 0.255
3335.000 0.247
3340.000 0.243
3345.000 0.233
3350.000 0.229
3355.000 0.226
3360.000 0.224
3365.000 0.217
3370.000 0.214
3375.000 0.210
3380.000 0.209
3385.000 0.206
3390.000 0.209
3395.000 0.214
3400.000 0.213
3405.000 0.208
3410.000 0.206
3415.000 0.199
3420.000 0.202
3425.000 0.201
3430.000 0.205
3435.000 0.209
3440.000 0.213
3445.000 0.209
3450.000 0.208
3455.000 0.204
3460.000 0.201
3465.000 0.201
3470.000 0.199
3475.000 0.198
3480.000 0.207
3485.000 0.205
3490.000 0.207
3495.000 0.203
3500.000 0.203
3505.000 0.202
3510.000 0.200
3515.000 0.199
3520.000 0.205
3525.000 0.202
3530.000 0.202
3535.000 0.206
3540.000 0.205
3545.000 0.203
3550.000 0.201
3555.000 0.200
3560.000 0.203
3565.000 0.207
3570.000 0.207
3575.000 0.206
3580.000 0.202
3585.000 0.201
3590.000 0.201
3595.000 0.209
3600.000 0.206
3605.000 0.204
3610.000 0.204
3615.000 0.200
3620.000 0.208
3625.000 0.210
3630.000 0.209
3635.000 0.211
3640.000 0.215
3645.000 0.212
3650.000 0.213
3655.000 0.217
3660.000 0.213
3665.000 0.211
3670.000 0.219
3675.000 0.219
3680.000 0.214
3685.000 0.216
3690.000 0.216
3695.000 0.212
3700.000 0.212
3705.000 0.211
3710.000 0.208
3715.000 0.217
3720.000 0.219
3725.000 0.217
3730.000 0.216
3735.000 0.215
3740.000 0.215
3745.000 0.214
3750.000 0.214
3755.000 0.212
3760.000 0.214
3765.000 0.215
3770.000 0.214
3775.000 0.213
3780.000 0.213
3785.000 0.215
3790.000 0.217
3795.000 0.217
3800.000 0.218
3805.000 0.219
3810.000 0.220
3815.000 0.220
3820.000 0.231
3825.000 0.232
3830.000 0.232
3835.000 0.234
3840.000 0.235
3845.000 0.244
3850.000 0.257
3855.000 0.271
3860.000 0.277
3865.000 0.291
3870.000 0.321
3875.000 0.333
3880.000 0.338
3885.000 0.332
3890.000 0.346
3895.000 0.358
3900.000 0.354
3905.000 0.347
3910.000 0.346
3915.000 0.348
3920.000 0.368
3925.000 0.397
3930.000 0.421
3935.000 0.428
3940.000 0.480
3945.000 0.505
3950.000 0.517
3955.000 0.567
3960.000 0.591
3965.000 0.690
3970.000 0.850
3975.000 0.957
3980.000 1.314
3985.000 1.552
3990.000 2.157
3995.000 2.910
4000.000 3.241
4005.000 3.414
4010.000 3.224
4015.000 2.458
4020.000 1.821
4025.000 1.633
4030.000 1.270
4035.000 1.146
4040.000 0.937
4045.000 0.810
4050.000 0.766
4055.000 0.713
4060.000 0.697
4065.000 0.654
4070.000 0.641
4075.000 0.631
4080.000 0.609
4085.000 0.610
4090.000 0.633
4095.000 0.629
4100.000 0.628
4105.000 0.634
4110.000 0.651
4115.000 0.669
4120.000 0.701
4125.000 0.724
4130.000 0.781
4135.000 0.823
4140.000 0.933
4145.000 1.096
4150.000 1.190
4155.000 1.397
4160.000 1.460
4165.000 1.413
4170.000 1.176
4175.000 1.029
4180.000 0.785
4185.000 0.708
4190.000 0.573
4195.000 0.482
4200.000 0.449
4205.000 0.409
4210.000 0.394
4215.000 0.360
4220.000 0.344
4225.000 0.332
4230.000 0.323
4235.000 0.336
4240.000 0.323
4245.000 0.320
4250.000 0.316
4255.000 0.317
4260.000 0.316
4265.000 0.326
4270.000 0.331
4275.000 0.342
4280.000 0.369
4285.000 0.388
4290.000 0.415
4295.000 0.430
4300.000 0.471
4305.000 0.525
4310.000 0.562
4315.000 0.674
4320.000 0.744
4325.000 0.958
4330.000 1.280
4335.000 1.470
4340.000 1.815
4345.000 1.884
4350.000 1.720
4355.000 1.316
4360.000 1.146
4365.000 0.891
4370.000 0.798
4375.000 0.663
4380.000 0.579
4385.000 0.548
4390.000 0.510
4395.000 0.492
4400.000 0.470
4405.000 0.469
4410.000 0.459
4415.000 0.442
4420.000 0.444
4425.000 0.435
4430.000 0.426
4435.000 0.423
4440.000 0.434
4445.000 0.433
4450.000 0.428
4455.000 0.427
4460.000 0.435
4465.000 0.444
4470.000 0.458
4475.000 0.470
4480.000 0.474
4485.000 0.476
4490.000 0.493
4495.000 0.482
4500.000 0.403
4505.000 0.260
4510.000 0.181
4515.000 0.051
4520.000 0.009
4525.000 0.056
4530.000 0.101
4535.000 0.122
4540.000 0.161
4545.000 0.179
4550.000 0.208
4555.000 0.241
4560.000 0.244
4565.000 0.246
4570.000 0.247
4575.000 0.244
4580.000 0.240
4585.000 0.236
4590.000 0.251
4595.000 0.248
4600.000 0.235
4605.000 0.227
4610.000 0.226
4615.000 0.233
4620.000 0.243
4625.000 0.252
4630.000 0.246
4635.000 0.249
4640.000 0.264
4645.000 0.261
4650.000 0.252
4655.000 0.249
4660.000 0.246
4665.000 0.242
4670.000 0.242
4675.000 0.246
4680.000 0.250
4685.000 0.247
4690.000 0.240
4695.000 0.240
4700.000 0.238
4705.000 0.237
4710.000 0.235
4715.000 0.234
4720.000 0.235
4725.000 0.242
4730.000 0.249
4735.000 0.244
4740.000 0.245
4745.000 0.244
4750.000 0.242
4755.000 0.238
4760.000 0.239
4765.000 0.257
4770.000 0.270
4775.000 0.277
4780.000 0.271
4785.000 0.271
4790.000 0.263
4795.000 0.266
4800.000 0.258
4805.000 0.254
4810.000 0.255
4815.000 0.248
4820.000 0.246
4825.000 0.244
4830.000 0.242
4835.000 0.240
4840.000 0.238
4845.000 0.233
4850.000 0.233
4855.000 0.228
4860.000 0.226
4865.000 0.227
4870.000 0.222
4875.000 0.219
4880.000 0.215
4885.000 0.209
4890.000 0.203
4895.000 0.201
4900.000 0.190
4905.000 0.189
4910.000 0.176
4915.000 0.161
4920.000 0.157
4925.000 0.150
4930.000 0.146
4935.000 0.148
4940.000 0.209
4945.000 0.271
4950.000 0.535
4955.000 0.729
4960.000 1.230
4965.000 1.673
4970.000 1.786
4975.000 1.844
4980.000 1.815
4985.000 1.695
4990.000 1.625
4995.000 1.558
5000.000 1.499
5005.000 1.450
5010.000 1.366
5015.000 1.287
5020.000 1.276
5025.000 1.256
5030.000 1.305
5035.000 1.303
5040.000 1.332
5045.000 1.335
5050.000 1.340
5055.000 1.372
5060.000 1.437
5065.000 1.555
5070.000 1.640
5075.000 1.899
5080.000 2.078
5085.000 2.613
5090.000 3.307
5095.000 3.703
5100.000 4.515
5105.000 4.876
5110.000 5.033
5115.000 4.234
5120.000 3.564
5125.000 2.537
5130.000 2.158
5135.000 1.622
5140.000 1.314
5145.000 1.191
5150.000 1.005
5155.000 0.944
5160.000 0.851
5165.000 0.819
5170.000 0.818
5175.000 0.819
5180.000 0.815
5185.000 0.822
5190.000 0.868
5195.000 0.891
5200.000 0.960
5205.000 1.016
5210.000 1.127
5215.000 1.295
5220.000 1.422
5225.000 1.716
5230.000 1.930
5235.000 2.554
5240.000 3.495
5245.000 4.087
5250.000 5.109
5255.000 5.336
5260.000 4.849
5265.000 3.677
5270.000 3.171
5275.000 2.344
5280.000 2.044
5285.000 1.623
5290.000 1.345
5295.000 1.234
5300.000 1.065
5305.000 1.006
5310.000 0.921
5315.000 0.885
5320.000 0.859
5325.000 0.822
5330.000 0.804
5335.000 0.787
5340.000 0.784
5345.000 0.779
5350.000 0.783
5355.000 0.785
5360.000 0.827
5365.000 0.884
5370.000 0.906
5375.000 0.954
5380.000 0.986
5385.000 1.056
5390.000 1.152
5395.000 1.148
5400.000 0.999
5405.000 0.895
5410.000 0.690
5415.000 0.551
5420.000 0.497
5425.000 0.458
5430.000 0.436
5435.000 0.400
5440.000 0.384
5445.000 0.364
5450.000 0.358
5455.000 0.362
5460.000 0.378
5465.000 0.396
5470.000 0.433
5475.000 0.483
5480.000 0.513
5485.000 0.591
5490.000 0.639
5495.000 0.743
5500.000 0.739
5505.000 0.687
5510.000 0.556
5515.000 0.499
5520.000 0.424
5525.000 0.379
5530.000 0.356
5535.000 0.327
5540.000 0.312
5545.000 0.295
5550.000 0.294
5555.000 0.291
5560.000 0.284
5565.000 0.278
5570.000 0.273
5575.000 0.269
5580.000 0.270
5585.000 0.266
5590.000 0.263
5595.000 0.262
5600.000 0.262
5605.000 0.266
5610.000 0.272
5615.000 0.269
5620.000 0.269
5625.000 0.269
5630.000 0.275
5635.000 0.271
5640.000 0.269
5645.000 0.270
5650.000 0.275
5655.000 0.278
5660.000 0.279
5665.000 0.276
5670.000 0.276
5675.000 0.273
5680.000 0.272
5685.000 0.273
5690.000 0.274
5695.000 0.274
5700.000 0.274
5705.000 0.273
5710.000 0.274
5715.000 0.277
5720.000 0.278
5725.000 0.279
5730.000 0.278
5735.000 0.279
5740.000 0.282
5745.000 0.282
5750.000 0.285
5755.000 0.286
5760.000 0.287
5765.000 0.288
5770.000 0.290
5775.000 0.291
5780.000 0.295
5785.000 0.296
5790.000 0.305
5795.000 0.320
5800.000 0.316
5805.000 0.311
5810.000 0.320
5815.000 0.329
5820.000 0.328
5825.000 0.330
5830.000 0.329
5835.000 0.318
5840.000 0.315
5845.000 0.324
5850.000 0.318
5855.000 0.315
5860.000 0.310
5865.000 0.308
5870.000 0.330
5875.000 0.325
5880.000 0.324
5885.000 0.312
5890.000 0.310
5895.000 0.312
5900.000 0.305
5905.000 0.303
5910.000 0.334
5915.000 0.336
5920.000 0.323
5925.000 0.320
5930.000 0.315
5935.000 0.310
5940.000 0.309
5945.000 0.307
5950.000 0.305
5955.000 0.304
5960.000 0.302
5965.000 0.308
5970.000 0.303
5975.000 0.309
5980.000 0.311
5985.000 0.304
5990.000 0.307
5995.000 0.301
6000.000 0.309
6005.000 0.299
6010.000 0.300
6015.000 0.305
6020.000 0.315
6025.000 0.314
6030.000 0.319
6035.000 0.328
6040.000 0.321
6045.000 0.327
6050.000 0.342
6055.000 0.342
6060.000 0.340
6065.000 0.333
6070.000 0.331
6075.000 0.326
6080.000 0.319
6085.000 0.312
6090.000 0.312
6095.000 0.326
6100.000 0.329
6105.000 0.337
6110.000 0.346
6115.000 0.342
6120.000 0.339
6125.000 0.340
6130.000 0.330
6135.000 0.322
6140.000 0.323
6145.000 0.318
6150.000 0.316
6155.000 0.316
6160.000 0.314
6165.000 0.316
6170.000 0.308
6175.000 0.312
6180.000 0.309
6185.000 0.307
6190.000 0.308
6195.000 0.309
6200.000 0.308
6205.000 0.309
6210.000 0.306
6215.000 0.314
6220.000 0.310
6225.000 0.310
6230.000 0.305
6235.000 0.313
6240.000 0.312
6245.000 0.312
6250.000 0.312
6255.000 0.307
6260.000 0.308
6265.000 0.308
6270.000 0.309
6275.000 0.309
6280.000 0.310
6285.000 0.308
6290.000 0.312
6295.000 0.308
6300.000 0.311
6305.000 0.314
6310.000 0.309
6315.000 0.321
6320.000 0.318
6325.000 0.315
6330.000 0.312
6335.000 0.317
6340.000 0.347
6345.000 0.341
6350.000 0.338
6355.000 0.331
6360.000 0.329
6365.000 0.328
6370.000 0.322
6375.000 0.320
6380.000 0.320
6385.000 0.321
6390.000 0.317
6395.000 0.313
6400.000 0.338
6405.000 0.347
6410.000 0.345
6415.000 0.334
6420.000 0.329
6425.000 0.345
6430.000 0.343
6435.000 0.337
6440.000 0.331
6445.000 0.327
6450.000 0.324
6455.000 0.320
6460.000 0.320
6465.000 0.315
6470.000 0.316
6475.000 0.312
6480.000 0.310
6485.000 0.309
6490.000 0.309
6495.000 0.311
6500.000 0.312
6505.000 0.310
6510.000 0.311
6515.000 0.307
6520.000 0.308
6525.000 0.308
6530.000 0.309
6535.000 0.309
6540.000 0.307
6545.000 0.303
6550.000 0.304
6555.000 0.310
6560.000 0.309
6565.000 0.309
6570.000 0.316
6575.000 0.315
6580.000 0.309
6585.000 0.307
6590.000 0.304
6595.000 0.305
6600.000 0.302
6605.000 0.297
6610.000 0.296
6615.000 0.294
6620.000 0.304
6625.000 0.303
6630.000 0.298
6635.000 0.292
6640.000 0.285
6645.000 0.275
6650.000 0.270
6655.000 0.257
6660.000 0.248
6665.000 0.230
6670.000 0.202
6675.000 0.191
6680.000 0.151
6685.000 0.129
6690.000 0.102
6695.000 0.208
6700.000 0.400
6705.000 0.982
6710.000 1.341
6715.000 2.210
6720.000 2.785
6725.000 2.896
6730.000 3.018
6735.000 3.101
6740.000 3.325
6745.000 3.654
6750.000 3.882
6755.000 4.448
6760.000 4.787
6765.000 5.479
6770.000 5.915
6775.000 5.979
6780.000 5.391
6785.000 4.869
6790.000 3.868
6795.000 3.092
6800.000 2.806
6805.000 2.383
6810.000 2.229
6815.000 1.996
6820.000 1.847
6825.000 1.798
6830.000 1.771
6835.000 1.770
6840.000 1.790
6845.000 1.873
6850.000 1.957
6855.000 2.208
6860.000 2.385
6865.000 2.935
6870.000 3.513
6875.000 3.784
6880.000 4.188
6885.000 4.307
6890.000 4.038
6895.000 3.284
6900.000 2.904
6905.000 2.265
6910.000 2.059
6915.000 1.712
6920.000 1.577
6925.000 1.383
6930.000 1.251
6935.000 1.206
6940.000 1.139
6945.000 1.118
6950.000 1.098
6955.000 1.099
6960.000 1.110
6965.000 1.138
6970.000 1.155
6975.000 1.230
6980.000 1.325
6985.000 1.371
6990.000 1.501
6995.000 1.584
7000.000 1.817
7005.000 2.199
7010.000 2.431
7015.000 3.031
7020.000 3.318
7025.000 3.749
7030.000 3.655
7035.000 3.351
7040.000 2.603
7045.000 2.268
7050.000 1.759
7055.000 1.419
7060.000 1.294
7065.000 1.108
7070.000 1.040
7075.000 0.931
7080.000 0.851
7085.000 0.817
7090.000 0.763
7095.000 0.741
7100.000 0.708
7105.000 0.683
7110.000 0.674
7115.000 0.675
7120.000 0.675
7125.000 0.671
7130.000 0.674
7135.000 0.690
7140.000 0.720
7145.000 0.738
7150.000 0.795
7155.000 0.892
7160.000 0.959
7165.000 1.146
7170.000 1.281
7175.000 1.615
7180.000 2.018
7185.000 2.185
7190.000 2.415
7195.000 2.356
7200.000 1.941
7205.000 1.549
7210.000 1.390
7215.000 1.147
7220.000 1.057
7225.000 0.918
7230.000 0.832
7235.000 0.806
7240.000 0.762
7245.000 0.743
7250.000 0.713
7255.000 0.691
7260.000 0.683
7265.000 0.677
7270.000 0.672
7275.000 0.668
7280.000 0.675
7285.000 0.676
7290.000 0.679
7295.000 0.689
7300.000 0.706
7305.000 0.725
7310.000 0.741
7315.000 0.819
7320.000 0.845
7325.000 0.894
7330.000 0.957
7335.000 0.987
7340.000 1.075
7345.000 1.133
7350.000 1.291
7355.000 1.522
7360.000 1.609
7365.000 1.888
7370.000 1.978
7375.000 2.030
7380.000 1.790
7385.000 1.610
7390.000 1.263
7395.000 1.121
7400.000 0.912
7405.000 0.767
7410.000 0.715
7415.000 0.634
7420.000 0.635
7425.000 0.568
7430.000 0.509
7435.000 0.485
7440.000 0.447
7445.000 0.430
7450.000 0.404
7455.000 0.382
7460.000 0.375
7465.000 0.362
7470.000 0.354
7475.000 0.342
7480.000 0.336
7485.000 0.338
7490.000 0.336
7495.000 0.338
7500.000 0.345
7505.000 0.350
7510.000 0.376
7515.000 0.409
7520.000 0.438
7525.000 0.524
7530.000 0.585
7535.000 0.747
7540.000 1.039
7545.000 1.194
7550.000 1.353
7555.000 1.347
7560.000 1.186
7565.000 1.001
7570.000 0.918
7575.000 0.795
7580.000 0.751
7585.000 0.684
7590.000 0.633
7595.000 0.614
7600.000 0.588
7605.000 0.581
7610.000 0.570
7615.000 0.567
7620.000 0.567
7625.000 0.572
7630.000 0.574
7635.000 0.585
7640.000 0.603
7645.000 0.608
7650.000 0.632
7655.000 0.646
7660.000 0.680
7665.000 0.728
7670.000 0.758
7675.000 0.842
7680.000 0.890
7685.000 0.990
7690.000 1.075
7695.000 1.110
7700.000 1.093
7705.000 1.042
7710.000 0.891
7715.000 0.718
7720.000 0.647
7725.000 0.533
7730.000 0.487
7735.000 0.422
7740.000 0.369
7745.000 0.349
7750.000 0.320
7755.000 0.303
7760.000 0.280
7765.000 0.258
7770.000 0.248
7775.000 0.227
7780.000 0.217
7785.000 0.204
7790.000 0.188
7795.000 0.174
7800.000 0.142
7805.000 0.126
7810.000 0.087
7815.000 0.053
7820.000 0.054
7825.000 0.114
7830.000 0.161
7835.000 0.278
7840.000 0.406
7845.000 0.454
7850.000 0.502
7855.000 0.506
7860.000 0.504
7865.000 0.495
7870.000 0.489
7875.000 0.489
7880.000 0.490
7885.000 0.502
7890.000 0.508
7895.000 0.516
7900.000 0.540
7905.000 0.544
7910.000 0.565
7915.000 0.568
7920.000 0.555
7925.000 0.504
7930.000 0.471
7935.000 0.407
7940.000 0.357
7945.000 0.344
7950.000 0.315
7955.000 0.307
7960.000 0.304
7965.000 0.291
7970.000 0.294
7975.000 0.287
7980.000 0.293
7985.000 0.298
7990.000 0.297
7995.000 0.298
8000.000 0.297
8005.000 0.300
8010.000 0.309
8015.000 0.295
8020.000 0.291
8025.000 0.298
8030.000 0.303
8035.000 0.299
8040.000 0.302
8045.000 0.299
8050.000 0.295
8055.000 0.298
8060.000 0.292
8065.000 0.297
8070.000 0.299
8075.000 0.294
8080.000 0.295
8085.000 0.293
8090.000 0.293
8095.000 0.293
8100.000 0.290
8105.000 0.289
8110.000 0.291
8115.000 0.294
8120.000 0.290
8125.000 0.293
8130.000 0.293
8135.000 0.386
8140.000 0.417
8145.000 0.427
8150.000 0.429
8155.000 0.416
8160.000 0.374
8165.000 0.357
8170.000 0.331
8175.000 0.312
8180.000 0.303
8185.000 0.295
8190.000 0.296
8195.000 0.292
8200.000 0.293
8205.000 0.292
8210.000 0.289
8215.000 0.290
8220.000 0.294
8225.000 0.292
8230.000 0.293
8235.000 0.293
8240.000 0.300
8245.000 0.307
8250.000 0.304
8255.000 0.298
8260.000 0.296
8265.000 0.314
8270.000 0.320
8275.000 0.310
8280.000 0.305
8285.000 0.315
8290.000 0.316
8295.000 0.312
8300.000 0.307
8305.000 0.307
8310.000 0.306
8315.000 0.303
8320.000 0.303
8325.000 0.309
8330.000 0.308
8335.000 0.304
8340.000 0.303
8345.000 0.301
8350.000 0.297
8355.000 0.297
8360.000 0.297
8365.000 0.296
8370.000 0.295
8375.000 0.294
8380.000 0.292
8385.000 0.295
8390.000 0.294
8395.000 0.297
8400.000 0.293
8405.000 0.293
8410.000 0.293
8415.000 0.293
8420.000 0.296
8425.000 0.296
8430.000 0.294
8435.000 0.459
8440.000 0.463
8445.000 0.455
8450.000 0.405
8455.000 0.387
8460.000 0.354
8465.000 0.337
8470.000 0.318
8475.000 0.306
8480.000 0.302
8485.000 0.300
8490.000 0.299
8495.000 0.299
8500.000 0.302
8505.000 0.300
8510.000 0.366
8515.000 0.429
8520.000 0.435
8525.000 0.431
8530.000 0.407
8535.000 0.370
8540.000 0.355
8545.000 0.328
8550.000 0.311
8555.000 0.306
8560.000 0.299
8565.000 0.297
8570.000 0.298
8575.000 0.296
8580.000 0.299
8585.000 0.299
8590.000 0.295
8595.000 0.298
8600.000 0.297
8605.000 0.295
8610.000 0.299
8615.000 0.301
8620.000 0.295
8625.000 0.295
8630.000 0.293
8635.000 0.295
8640.000 0.295
8645.000 0.295
8650.000 0.298
8655.000 0.297
8660.000 0.299
8665.000 0.299
8670.000 0.297
8675.000 0.298
8680.000 0.298
8685.000 0.298
8690.000 0.297
8695.000 0.299
8700.000 0.298
8705.000 0.302
8710.000 0.300
8715.000 0.303
8720.000 0.304
8725.000 0.301
8730.000 0.303
8735.000 0.304
8740.000 0.307
8745.000 0.302
8750.000 0.301
8755.000 0.299
8760.000 0.303
8765.000 0.301
8770.000 0.305
8775.000 0.310
8780.000 0.308
8785.000 0.305
8790.000 0.308
8795.000 0.308
8800.000 0.307
8805.000 0.306
8810.000 0.304
8815.000 0.308
8820.000 0.307
8825.000 0.319
8830.000 0.321
8835.000 0.329
8840.000 0.310
8845.000 0.312
8850.000 0.309
8855.000 0.305
8860.000 0.305
8865.000 0.304
8870.000 0.304
8875.000 0.305
8880.000 0.303
8885.000 0.304
8890.000 0.302
8895.000 0.301
8900.000 0.302
8905.000 0.412
8910.000 0.450
8915.000 0.432
8920.000 0.391
8925.000 0.373
8930.000 0.347
8935.000 0.328
8940.000 0.321
8945.000 0.314
8950.000 0.312
8955.000 0.307
8960.000 0.310
8965.000 0.304
8970.000 0.322
8975.000 0.319
8980.000 0.314
8985.000 0.315
8990.000 0.308
8995.000 0.309
9000.000 0.312
9005.000 0.330
9010.000 0.321
9015.000 0.323
9020.000 0.326
9025.000 0.321
9030.000 0.309
9035.000 0.314
9040.000 0.312
9045.000 0.310
9050.000 0.311
9055.000 0.307
9060.000 0.307
9065.000 0.304
9070.000 0.306
9075.000 0.310
9080.000 0.306
9085.000 0.305
9090.000 0.304
9095.000 0.304
9100.000 0.305
9105.000 0.304
9110.000 0.306
9115.000 0.307
9120.000 0.307
9125.000 0.305
9130.000 0.305
9135.000 0.306
9140.000 0.303
9145.000 0.300
9150.000 0.303
9155.000 0.296
9160.000 0.295
9165.000 0.293
9170.000 0.294
9175.000 0.290
9180.000 0.286
9185.000 0.279
9190.000 0.276
9195.000 0.266
9200.000 0.266
9205.000 0.254
9210.000 0.259
9215.000 0.267
9220.000 0.327
9225.000 0.390
9230.000 0.605
9235.000 0.881
9240.000 0.988
9245.000 1.121
9250.000 1.159
9255.000 1.208
9260.000 1.309
9265.000 1.323
9270.000 1.231
9275.000 1.125
9280.000 0.835
9285.000 0.716
9290.000 0.508
9295.000 0.358
9300.000 0.306
9305.000 0.226
9310.000 0.197
9315.000 0.158
9320.000 0.146
9325.000 0.157
9330.000 0.234
9335.000 0.319
9340.000 0.580
9345.000 0.914
9350.000 1.066
9355.000 1.313
9360.000 1.371
9365.000 1.363
9370.000 1.269
9375.000 1.206
9380.000 1.090
9385.000 1.041
9390.000 0.959
9395.000 0.888
9400.000 0.855
9405.000 0.822
9410.000 0.807
9415.000 0.789
9420.000 0.795
9425.000 0.796
9430.000 0.779
9435.000 0.754
9440.000 0.660
9445.000 0.534
9450.000 0.466
9455.000 0.355
9460.000 0.314
9465.000 0.261
9470.000 0.221
9475.000 0.204
9480.000 0.182
9485.000 0.175
9490.000 0.157
9495.000 0.148
9500.000 0.147
9505.000 0.166
9510.000 0.188
9515.000 0.253
9520.000 0.324
9525.000 0.349
9530.000 0.371
9535.000 0.370
9540.000 0.356
9545.000 0.348
9550.000 0.342
9555.000 0.333
9560.000 0.330
9565.000 0.331
9570.000 0.324
9575.000 0.323
9580.000 0.322
9585.000 0.323
9590.000 0.320
9595.000 0.321
9600.000 0.328
9605.000 0.326
9610.000 0.324
9615.000 0.327
9620.000 0.326
9625.000 0.330
9630.000 0.323
9635.000 0.324
9640.000 0.322
9645.000 0.320
9650.000 0.320
9655.000 0.318
9660.000 0.319
9665.000 0.318
9670.000 0.316
9675.000 0.320
9680.000 0.317
9685.000 0.315
9690.000 0.320
9695.000 0.317
9700.000 0.315
9705.000 0.316
9710.000 0.316
9715.000 0.315
9720.000 0.315
9725.000 0.315
9730.000 0.317
9735.000 0.314
9740.000 0.313
9745.000 0.315
9750.000 0.314
9755.000 0.316
9760.000 0.318
9765.000 0.316
9770.000 0.316
9775.000 0.317
9780.000 0.319
9785.000 0.320
9790.000 0.317
9795.000 0.318
9800.000 0.317
9805.000 0.320
9810.000 0.322
9815.000 0.323
9820.000 0.321
9825.000 0.322
9830.000 0.319
9835.000 0.317
9840.000 0.316
9845.000 0.318
9850.000 0.315
9855.000 0.316
9860.000 0.316
9865.000 0.317
9870.000 0.316
9875.000 0.319
9880.000 0.321
9885.000 0.324
9890.000 0.321
9895.000 0.322
9900.000 0.319
9905.000 0.317
9910.000 0.318
9915.000 0.323
9920.000 0.324
9925.000 0.322
9930.000 0.319
9935.000 0.318
9940.000 0.315
9945.000 0.316
9950.000 0.313
9955.000 0.317
9960.000 0.319
9965.000 0.319
9970.000 0.319
9975.000 0.318
9980.000 0.315
9985.000 0.319
9990.000 0.322
9995.000 0.324
10000.000 0.328
10005.000 0.323
10010.000 0.321
10015.000 0.322
10020.000 0.328
10025.000 0.322
10030.000 0.327
10035.000 0.325
10040.000 0.325
10045.000 0.324
10050.000 0.323
10055.000 0.319
10060.000 0.326
10065.000 0.321
10070.000 0.326
10075.000 0.323
10080.000 0.323
10085.000 0.322
10090.000 0.321
10095.000 0.319
10100.000 0.320
10105.000 0.318
10110.000 0.322
10115.000 0.324
10120.000 0.324
10125.000 0.321
10130.000 0.321
10135.000 0.318
10140.000 0.318
10145.000 0.313
10150.000 0.317
10155.000 0.317
10160.000 0.323
10165.000 0.325
10170.000 0.322
10175.000 0.320
10180.000 0.321
10185.000 0.319
10190.000 0.318
10195.000 0.319
10200.000 0.316
10205.000 0.318
10210.000 0.318
10215.000 0.316
10220.000 0.316
10225.000 0.318
10230.000 0.315
10235.000 0.320
10240.000 0.325
10245.000 0.325
10250.000 0.323
10255.000 0.323
10260.000 0.322
10265.000 0.322
10270.000 0.322
10275.000 0.321
10280.000 0.324
10285.000 0.325
10290.000 0.325
10295.000 0.325
10300.000 0.328
10305.000 0.327
10310.000 0.333
10315.000 0.337
10320.000 0.334
10325.000 0.336
10330.000 0.336
10335.000 0.340
10340.000 0.344
10345.000 0.343
10350.000 0.344
10355.000 0.340
10360.000 0.324
10365.000 0.294
10370.000 0.272
10375.000 0.239
10380.000 0.221
10385.000 0.206
10390.000 0.177
10395.000 0.176
10400.000 0.162
10405.000 0.158
10410.000 0.150
10415.000 0.161
10420.000 0.178
10425.000 0.257
10430.000 0.331
10435.000 0.555
10440.000 0.786
10445.000 0.865
10450.000 0.958
10455.000 0.968
10460.000 0.954
10465.000 0.907
10470.000 0.885
10475.000 0.828
10480.000 0.802
10485.000 0.752
10490.000 0.715
10495.000 0.699
10500.000 0.688
10505.000 0.673
10510.000 0.651
10515.000 0.623
10520.000 0.610
10525.000 0.575
10530.000 0.542
10535.000 0.462
10540.000 0.371
10545.000 0.328
10550.000 0.259
10555.000 0.233
10560.000 0.195
10565.000 0.177
10570.000 0.168
10575.000 0.158
10580.000 0.156
10585.000 0.151
10590.000 0.147
10595.000 0.143
10600.000 0.139
10605.000 0.138
10610.000 0.141
10615.000 0.156
10620.000 0.176
10625.000 0.242
10630.000 0.296
10635.000 0.432
10640.000 0.560
10645.000 0.613
10650.000 0.665
10655.000 0.674
10660.000 0.679
10665.000 0.645
10670.000 0.628
10675.000 0.586
10680.000 0.575
10685.000 0.534
10690.000 0.493
10695.000 0.476
10700.000 0.455
10705.000 0.442
10710.000 0.413
10715.000 0.388
10720.000 0.373
10725.000 0.346
10730.000 0.328
10735.000 0.309
10740.000 0.303
10745.000 0.300
10750.000 0.300
10755.000 0.299
10760.000 0.301
10765.000 0.305
10770.000 0.309
10775.000 0.306
10780.000 0.306
10785.000 0.308
10790.000 0.311
10795.000 0.311
10800.000 0.311
10805.000 0.314
10810.000 0.311
10815.000 0.312
10820.000 0.313
10825.000 0.312
10830.000 0.312
10835.000 0.313
10840.000 0.314
10845.000 0.311
10850.000 0.313
10855.000 0.313
10860.000 0.312
10865.000 0.311
10870.000 0.310
10875.000 0.310
10880.000 0.312
10885.000 0.311
10890.000 0.313
10895.000 0.315
10900.000 0.316
10905.000 0.317
10910.000 0.316
10915.000 0.318
10920.000 0.314
10925.000 0.315
10930.000 0.315
10935.000 0.313
10940.000 0.314
10945.000 0.312
10950.000 0.312
10955.000 0.312
10960.000 0.313
10965.000 0.309
10970.000 0.318
10975.000 0.313
10980.000 0.308
10985.000 0.312
10990.000 0.313
10995.000 0.313
11000.000 0.310
11005.000 0.315
11010.000 0.312
11015.000 0.315
11020.000 0.312
11025.000 0.324
11030.000 0.324
11035.000 0.330
11040.000 0.327
11045.000 0.324
11050.000 0.316
11055.000 0.316
11060.000 0.314
11065.000 0.316
11070.000 0.315
11075.000 0.315
11080.000 0.313
11085.000 0.311
11090.000 0.313
11095.000 0.311
11100.000 0.312
11105.000 0.309
11110.000 0.312
11115.000 0.313
11120.000 0.314
11125.000 0.312
11130.000 0.312
11135.000 0.312
11140.000 0.314
11145.000 0.316
11150.000 0.312
11155.000 0.312
11160.000 0.315
11165.000 0.311
11170.000 0.311
11175.000 0.309
11180.000 0.308
11185.000 0.307
11190.000 0.309
11195.000 0.309
11200.000 0.308
11205.000 0.308
11210.000 0.308
11215.000 0.308
11220.000 0.308
11225.000 0.310
11230.000 0.309
11235.000 0.311
11240.000 0.315
11245.000 0.316
11250.000 0.312
11255.000 0.313
11260.000 0.309
11265.000 0.313
11270.000 0.314
11275.000 0.313
11280.000 0.311
11285.000 0.309
11290.000 0.309
11295.000 0.307
11300.000 0.305
11305.000 0.304
11310.000 0.302
11315.000 0.304
11320.000 0.304
11325.000 0.306
11330.000 0.305
11335.000 0.308
11340.000 0.307
11345.000 0.308
11350.000 0.308
11355.000 0.311
11360.000 0.310
11365.000 0.310
11370.000 0.307
11375.000 0.308
11380.000 0.309
11385.000 0.305
11390.000 0.306
11395.000 0.309
11400.000 0.306
11405.000 0.305
11410.000 0.305
11415.000 0.303
11420.000 0.303
11425.000 0.305
11430.000 0.305
11435.000 0.305
11440.000 0.306
11445.000 0.305
11450.000 0.304
11455.000 0.304
11460.000 0.302
11465.000 0.300
11470.000 0.299
11475.000 0.301
11480.000 0.300
11485.000 0.297
11490.000 0.298
11495.000 0.298
11500.000 0.296
11505.000 0.292
11510.000 0.298
11515.000 0.300
11520.000 0.307
11525.000 0.316
11530.000 0.348
11535.000 0.396
11540.000 0.427
11545.000 0.473
11550.000 0.484
11555.000 0.491
11560.000 0.487
11565.000 0.479
11570.000 0.463
11575.000 0.455
11580.000 0.425
11585.000 0.370
11590.000 0.334
11595.000 0.256
11600.000 0.222
11605.000 0.172
11610.000 0.146
11615.000 0.142
11620.000 0.142
11625.000 0.145
11630.000 0.151
11635.000 0.157
11640.000 0.167
11645.000 0.185
11650.000 0.204
11655.000 0.259
11660.000 0.346
11665.000 0.397
11670.000 0.506
11675.000 0.547
11680.000 0.594
11685.000 0.585
11690.000 0.570
11695.000 0.534
11700.000 0.519
11705.000 0.488
11710.000 0.457
11715.000 0.448
11720.000 0.432
11725.000 0.422
11730.000 0.415
11735.000 0.402
11740.000 0.397
11745.000 0.375
11750.000 0.360
11755.000 0.322
11760.000 0.279
11765.000 0.269
11770.000 0.247
11775.000 0.243
11780.000 0.239
11785.000 0.241
11790.000 0.243
11795.000 0.248
11800.000 0.249
11805.000 0.255
11810.000 0.266
11815.000 0.276
11820.000 0.288
11825.000 0.291
11830.000 0.304
11835.000 0.304
11840.000 0.300
11845.000 0.301
11850.000 0.302
11855.000 0.301
11860.000 0.302
11865.000 0.303
11870.000 0.302
11875.000 0.302
11880.000 0.300
11885.000 0.301
11890.000 0.300
11895.000 0.298
11900.000 0.296
11905.000 0.297
11910.000 0.295
11915.000 0.295
11920.000 0.294
11925.000 0.295
11930.000 0.296
11935.000 0.291
11940.000 0.295
11945.000 0.297
11950.000 0.293
11955.000 0.297
11960.000 0.298
11965.000 0.296
11970.000 0.297
11975.000 0.294
11980.000 0.297
11985.000 0.298
11990.000 0.296
11995.000 0.297
12000.000 0.297
