105.000 0.042
110.000 0.020
115.000 3.789
120.000 4.433
125.000 4.529
130.000 4.801
135.000 4.959
140.000 5.009
145.000 5.548
150.000 5.849
155.000 6.528
160.000 6.788
165.000 7.018
170.000 6.906
175.000 6.918
180.000 6.940
185.000 6.861
190.000 7.141
195.000 7.384
200.000 7.494
205.000 7.241
210.000 7.104
215.000 7.186
220.000 7.550
225.000 7.563
230.000 7.598
235.000 7.399
240.000 6.806
245.000 6.202
250.000 6.015
255.000 6.039
260.000 6.183
265.000 6.626
270.000 6.932
275.000 7.220
280.000 7.505
285.000 7.607
290.000 8.008
295.000 8.307
300.000 8.528
305.000 8.821
310.000 8.985
315.000 9.382
320.000 9.720
325.000 9.929
330.000 10.431
335.000 10.599
340.000 11.079
345.000 11.616
350.000 11.895
355.000 12.492
360.000 12.836
365.000 13.496
370.000 13.841
375.000 14.553
380.000 15.216
385.000 15.565
390.000 16.193
395.000 16.594
400.000 17.416
405.000 18.373
410.000 18.744
415.000 19.740
420.000 20.241
425.000 21.409
430.000 22.502
435.000 22.981
440.000 23.782
445.000 24.183
450.000 24.612
455.000 24.928
460.000 25.016
465.000 24.991
470.000 24.912
475.000 24.813
480.000 24.589
485.000 24.510
490.000 24.318
495.000 24.266
500.000 24.087
505.000 24.017
510.000 24.070
515.000 24.216
520.000 24.315
525.000 24.692
530.000 25.180
535.000 25.546
540.000 26.406
545.000 27.091
550.000 28.456
555.000 30.492
560.000 31.745
565.000 34.988
570.000 36.929
575.000 41.758
580.000 47.744
585.000 51.018
590.000 56.587
595.000 57.761
600.000 51.779
605.000 36.247
610.000 30.217
615.000 22.032
620.000 19.159
625.000 14.667
630.000 11.508
635.000 10.259
640.000 8.193
645.000 7.363
650.000 6.036
655.000 5.035
660.000 4.628
665.000 3.925
670.000 3.644
675.000 3.152
680.000 2.761
685.000 2.595
690.000 2.325
695.000 2.203
700.000 1.977
705.000 1.788
710.000 1.707
715.000 1.562
720.000 1.494
725.000 1.372
730.000 1.273
735.000 1.223
740.000 1.134
745.000 1.091
750.000 1.017
755.000 0.949
760.000 0.916
765.000 0.856
770.000 0.828
775.000 0.781
780.000 0.729
785.000 0.707
790.000 0.666
795.000 0.645
800.000 0.606
805.000 0.575
810.000 0.567
815.000 0.556
820.000 0.547
825.000 0.529
830.000 0.506
835.000 0.493
840.000 0.474
845.000 0.463
850.000 0.443
855.000 0.425
860.000 0.418
865.000 0.400
870.000 0.388
875.000 0.373
880.000 0.360
885.000 0.353
890.000 0.336
895.000 0.331
900.000 0.318
905.000 0.309
910.000 0.301
915.000 0.292
920.000 0.285
925.000 0.273
930.000 0.265
935.000 0.260
940.000 0.252
945.000 0.248
950.000 0.241
955.000 0.244
960.000 0.232
965.000 0.232
970.000 0.222
975.000 0.224
980.000 0.220
985.000 0.214
990.000 0.211
995.000 0.211
1000.000 0.207
1005.000 0.214
1010.000 0.213
1015.000 0.215
1020.000 0.214
1025.000 0.227
1030.000 0.222
1035.000 0.235
1040.000 0.240
1045.000 0.248
1050.000 0.263
1055.000 0.271
1060.000 0.288
1065.000 0.305
1070.000 0.320
1075.000 0.347
1080.000 0.365
1085.000 0.406
1090.000 0.457
1095.000 0.489
1100.000 0.560
1105.000 0.607
1110.000 0.708
1115.000 0.842
1120.000 0.925
1125.000 1.131
1130.000 1.267
1135.000 1.647
1140.000 2.284
1145.000 2.757
1150.000 4.014
1155.000 4.596
1160.000 4.897
1165.000 4.014
1170.000 3.503
1175.000 2.701
1180.000 2.409
1185.000 1.949
1190.000 1.640
1195.000 1.516
1200.000 1.313
1205.000 1.242
1210.000 1.112
1215.000 1.010
1220.000 0.969
1225.000 0.897
1230.000 0.868
1235.000 0.817
1240.000 0.772
1245.000 0.753
1250.000 0.719
1255.000 0.703
1260.000 0.679
1265.000 0.669
1270.000 0.647
1275.000 0.633
1280.000 0.624
1285.000 0.611
1290.000 0.606
1295.000 0.595
1300.000 0.586
1305.000 0.582
1310.000 0.574
1315.000 0.571
1320.000 0.568
1325.000 0.563
1330.000 0.561
1335.000 0.557
1340.000 0.556
1345.000 0.554
1350.000 0.550
1355.000 0.550
1360.000 0.552
1365.000 0.553
1370.000 0.552
1375.000 0.553
1380.000 0.553
1385.000 0.556
1390.000 0.556
1395.000 0.559
1400.000 0.563
1405.000 0.567
1410.000 0.572
1415.000 0.575
1420.000 0.580
1425.000 0.587
1430.000 0.590
1435.000 0.599
1440.000 0.602
1445.000 0.614
1450.000 0.624
1455.000 0.630
1460.000 0.640
1465.000 0.651
1470.000 0.661
1475.000 0.680
1480.000 0.689
1485.000 0.709
1490.000 0.720
1495.000 0.744
1500.000 0.769
1505.000 0.784
1510.000 0.818
1515.000 0.837
1520.000 0.889
1525.000 0.936
1530.000 0.956
1535.000 0.991
1540.000 1.012
1545.000 1.053
1550.000 1.096
1555.000 1.120
1560.000 1.164
1565.000 1.187
1570.000 1.241
1575.000 1.288
1580.000 1.319
1585.000 1.365
1590.000 1.394
1595.000 1.446
1600.000 1.503
1605.000 1.534
1610.000 1.600
1615.000 1.627
1620.000 1.700
1625.000 1.772
1630.000 1.812
1635.000 1.905
1640.000 1.956
1645.000 2.071
1650.000 2.215
1655.000 2.295
1660.000 2.506
1665.000 2.649
1670.000 3.039
1675.000 3.670
1680.000 4.131
1685.000 5.460
1690.000 6.391
1695.000 9.022
1700.000 12.380
1705.000 14.081
1710.000 16.426
1715.000 16.681
1720.000 14.953
1725.000 11.905
1730.000 10.536
1735.000 8.329
1740.000 7.436
1745.000 6.055
1750.000 5.074
1755.000 4.691
1760.000 4.080
1765.000 3.836
1770.000 3.463
1775.000 3.219
1780.000 3.119
1785.000 2.934
1790.000 2.851
1795.000 2.703
1800.000 2.577
1805.000 2.520
1810.000 2.414
1815.000 2.367
1820.000 2.293
1825.000 2.214
1830.000 2.183
1835.000 2.118
1840.000 2.081
1845.000 2.031
1850.000 2.007
1855.000 1.961
1860.000 1.928
1865.000 1.909
1870.000 1.868
1875.000 1.843
1880.000 1.817
1885.000 1.785
1890.000 1.769
1895.000 1.746
1900.000 1.736
1905.000 1.718
1910.000 1.704
1915.000 1.697
1920.000 1.684
1925.000 1.682
1930.000 1.667
1935.000 1.658
1940.000 1.652
1945.000 1.654
1950.000 1.649
1955.000 1.643
1960.000 1.643
1965.000 1.632
1970.000 1.639
1975.000 1.631
1980.000 1.629
1985.000 1.646
1990.000 1.653
1995.000 1.656
2000.000 1.650
2005.000 1.667
2010.000 1.673
2015.000 1.680
2020.000 1.696
2025.000 1.691
2030.000 1.706
2035.000 1.733
2040.000 1.734
2045.000 1.756
2050.000 1.767
2055.000 1.792
2060.000 1.815
2065.000 1.836
2070.000 1.872
2075.000 1.894
2080.000 1.926
2085.000 1.969
2090.000 1.989
2095.000 2.035
2100.000 2.066
2105.000 2.124
2110.000 2.198
2115.000 2.235
2120.000 2.304
2125.000 2.341
2130.000 2.418
2135.000 2.521
2140.000 2.570
2145.000 2.690
2150.000 2.758
2155.000 2.917
2160.000 3.095
2165.000 3.211
2170.000 3.451
2175.000 3.578
2180.000 3.911
2185.000 4.348
2190.000 4.617
2195.000 5.374
2200.000 5.836
2205.000 6.834
2210.000 8.131
2215.000 8.893
2220.000 10.475
2225.000 11.197
2230.000 11.979
2235.000 11.346
2240.000 10.521
2245.000 8.577
2250.000 7.647
2255.000 6.097
2260.000 4.937
2265.000 4.489
2270.000 3.840
2275.000 3.596
2280.000 3.181
2285.000 2.833
2290.000 2.682
2295.000 2.418
2300.000 2.303
2305.000 2.099
2310.000 1.927
2315.000 1.850
2320.000 1.715
2325.000 1.651
2330.000 1.540
2335.000 1.436
2340.000 1.370
2345.000 1.251
2350.000 1.196
2355.000 1.105
2360.000 1.024
2365.000 0.987
2370.000 0.921
2375.000 0.888
2380.000 0.836
2385.000 0.790
2390.000 0.765
2395.000 0.726
2400.000 0.707
2405.000 0.677
2410.000 0.648
2415.000 0.631
2420.000 0.609
2425.000 0.597
2430.000 0.573
2435.000 0.561
2440.000 0.544
2445.000 0.530
2450.000 0.521
2455.000 0.505
2460.000 0.501
2465.000 0.485
2470.000 0.472
2475.000 0.466
2480.000 0.454
2485.000 0.449
2490.000 0.437
2495.000 0.427
2500.000 0.423
2505.000 0.416
2510.000 0.411
2515.000 0.402
2520.000 0.393
2525.000 0.391
2530.000 0.383
2535.000 0.378
2540.000 0.372
2545.000 0.366
2550.000 0.363
2555.000 0.356
2560.000 0.352
2565.000 0.347
2570.000 0.343
2575.000 0.342
2580.000 0.337
2585.000 0.334
2590.000 0.328
2595.000 0.328
2600.000 0.325
2605.000 0.319
2610.000 0.318
2615.000 0.315
2620.000 0.312
2625.000 0.311
2630.000 0.309
2635.000 0.306
2640.000 0.304
2645.000 0.301
2650.000 0.300
2655.000 0.299
2660.000 0.296
2665.000 0.293
2670.000 0.294
2675.000 0.291
2680.000 0.288
2685.000 0.286
2690.000 0.286
2695.000 0.285
2700.000 0.284
2705.000 0.281
2710.000 0.282
2715.000 0.280
2720.000 0.278
2725.000 0.278
2730.000 0.276
2735.000 0.277
2740.000 0.277
2745.000 0.274
2750.000 0.272
2755.000 0.272
2760.000 0.272
2765.000 0.270
2770.000 0.272
2775.000 0.270
2780.000 0.268
2785.000 0.271
2790.000 0.267
2795.000 0.266
2800.000 0.266
2805.000 0.265
2810.000 0.265
2815.000 0.265
2820.000 0.266
2825.000 0.266
2830.000 0.266
2835.000 0.265
2840.000 0.265
2845.000 0.264
2850.000 0.263
2855.000 0.265
2860.000 0.264
2865.000 0.263
2870.000 0.264
2875.000 0.264
2880.000 0.264
2885.000 0.265
2890.000 0.265
2895.000 0.269
2900.000 0.272
2905.000 0.270
2910.000 0.274
2915.000 0.267
2920.000 0.266
2925.000 0.266
2930.000 0.271
2935.000 0.267
2940.000 0.272
2945.000 0.271
2950.000 0.271
2955.000 0.272
2960.000 0.267
2965.000 0.268
2970.000 0.274
2975.000 0.272
2980.000 0.271
2985.000 0.274
2990.000 0.280
2995.000 0.283
3000.000 0.278
3005.000 0.283
3010.000 0.287
3015.000 0.286
3020.000 0.282
3025.000 0.294
3030.000 0.291
3035.000 0.291
3040.000 0.288
3045.000 0.289
3050.000 0.295
3055.000 0.295
3060.000 0.302
3065.000 0.305
3070.000 0.302
3075.000 0.303
3080.000 0.310
3085.000 0.311
3090.000 0.314
3095.000 0.313
3100.000 0.321
3105.000 0.323
3110.000 0.327
3115.000 0.329
3120.000 0.333
3125.000 0.335
3130.000 0.342
3135.000 0.345
3140.000 0.352
3145.000 0.353
3150.000 0.360
3155.000 0.369
3160.000 0.372
3165.000 0.385
3170.000 0.388
3175.000 0.397
3180.000 0.406
3185.000 0.411
3190.000 0.425
3195.000 0.432
3200.000 0.446
3205.000 0.462
3210.000 0.470
3215.000 0.490
3220.000 0.502
3225.000 0.526
3230.000 0.554
3235.000 0.569
3240.000 0.602
3245.000 0.622
3250.000 0.665
3255.000 0.717
3260.000 0.744
3265.000 0.816
3270.000 0.855
3275.000 0.924
3280.000 0.996
3285.000 1.038
3290.000 1.134
3295.000 1.192
3300.000 1.334
3305.000 1.531
3310.000 1.651
3315.000 1.972
3320.000 2.181
3325.000 2.769
3330.000 3.577
3335.000 4.099
3340.000 5.410
3345.000 6.191
3350.000 7.983
3355.000 9.770
3360.000 10.463
3365.000 10.921
3370.000 10.529
3375.000 8.644
3380.000 6.549
3385.000 5.870
3390.000 4.402
3395.000 3.861
3400.000 3.069
3405.000 2.556
3410.000 2.357
3415.000 2.036
3420.000 1.911
3425.000 1.749
3430.000 1.640
3435.000 1.591
3440.000 1.520
3445.000 1.488
3450.000 1.438
3455.000 1.392
3460.000 1.374
3465.000 1.340
3470.000 1.322
3475.000 1.300
3480.000 1.283
3485.000 1.274
3490.000 1.263
3495.000 1.262
3500.000 1.254
3505.000 1.262
3510.000 1.279
3515.000 1.328
3520.000 1.326
3525.000 1.336
3530.000 1.347
3535.000 1.354
3540.000 1.377
3545.000 1.406
3550.000 1.430
3555.000 1.472
3560.000 1.493
3565.000 1.595
3570.000 1.612
3575.000 1.902
3580.000 1.905
3585.000 1.925
3590.000 1.978
3595.000 2.024
3600.000 2.160
3605.000 2.345
3610.000 2.515
3615.000 2.801
3620.000 2.986
3625.000 3.522
3630.000 3.848
3635.000 4.715
3640.000 5.981
3645.000 6.789
3650.000 8.717
3655.000 9.774
3660.000 11.623
3665.000 12.217
3670.000 11.732
3675.000 9.550
3680.000 8.330
3685.000 6.207
3690.000 4.763
3695.000 4.228
3700.000 3.383
3705.000 3.062
3710.000 2.566
3715.000 2.245
3720.000 2.128
3725.000 1.936
3730.000 1.856
3735.000 1.708
3740.000 1.585
3745.000 1.532
3750.000 1.431
3755.000 1.391
3760.000 1.311
3765.000 1.240
3770.000 1.207
3775.000 1.134
3780.000 1.105
3785.000 1.046
3790.000 0.993
3795.000 0.970
3800.000 0.927
3805.000 0.908
3810.000 0.863
3815.000 0.824
3820.000 0.806
3825.000 0.772
3830.000 0.759
3835.000 0.732
3840.000 0.708
3845.000 0.700
3850.000 0.681
3855.000 0.673
3860.000 0.657
3865.000 0.645
3870.000 0.643
3875.000 0.631
3880.000 0.626
3885.000 0.619
3890.000 0.609
3895.000 0.608
3900.000 0.604
3905.000 0.603
3910.000 0.601
3915.000 0.598
3920.000 0.597
3925.000 0.598
3930.000 0.595
3935.000 0.597
3940.000 0.601
3945.000 0.605
3950.000 0.608
3955.000 0.609
3960.000 0.616
3965.000 0.625
3970.000 0.625
3975.000 0.639
3980.000 0.646
3985.000 0.654
3990.000 0.681
3995.000 0.676
4000.000 0.700
4005.000 0.711
4010.000 0.747
4015.000 0.760
4020.000 0.763
4025.000 0.797
4030.000 0.809
4035.000 0.843
4040.000 0.869
4045.000 0.889
4050.000 0.932
4055.000 0.951
4060.000 1.007
4065.000 1.075
4070.000 1.117
4075.000 1.204
4080.000 1.246
4085.000 1.348
4090.000 1.483
4095.000 1.569
4100.000 1.779
4105.000 1.915
4110.000 2.272
4115.000 2.776
4120.000 3.102
4125.000 3.925
4130.000 4.408
4135.000 5.369
4140.000 5.849
4145.000 5.706
4150.000 4.765
4155.000 4.174
4160.000 3.098
4165.000 2.342
4170.000 2.063
4175.000 1.641
4180.000 1.479
4185.000 1.238
4190.000 1.080
4195.000 1.018
4200.000 0.900
4205.000 0.852
4210.000 0.763
4215.000 0.691
4220.000 0.658
4225.000 0.604
4230.000 0.580
4235.000 0.540
4240.000 0.521
4245.000 0.488
4250.000 0.464
4255.000 0.450
4260.000 0.421
4265.000 0.408
4270.000 0.384
4275.000 0.362
4280.000 0.353
4285.000 0.335
4290.000 0.326
4295.000 0.310
4300.000 0.293
4305.000 0.287
4310.000 0.273
4315.000 0.266
4320.000 0.255
4325.000 0.245
4330.000 0.242
4335.000 0.233
4340.000 0.231
4345.000 0.223
4350.000 0.218
4355.000 0.217
4360.000 0.214
4365.000 0.214
4370.000 0.207
4375.000 0.205
4380.000 0.205
4385.000 0.203
4390.000 0.202
4395.000 0.201
4400.000 0.199
4405.000 0.198
4410.000 0.200
4415.000 0.199
4420.000 0.199
4425.000 0.199
4430.000 0.198
4435.000 0.198
4440.000 0.198
4445.000 0.201
4450.000 0.202
4455.000 0.199
4460.000 0.203
4465.000 0.206
4470.000 0.210
4475.000 0.213
4480.000 0.215
4485.000 0.220
4490.000 0.223
4495.000 0.231
4500.000 0.241
4505.000 0.245
4510.000 0.260
4515.000 0.267
4520.000 0.287
4525.000 0.296
4530.000 0.323
4535.000 0.345
4540.000 0.361
4545.000 0.387
4550.000 0.406
4555.000 0.442
4560.000 0.493
4565.000 0.528
4570.000 0.610
4575.000 0.660
4580.000 0.802
4585.000 1.008
4590.000 1.149
4595.000 1.555
4600.000 1.832
4605.000 2.575
4610.000 3.477
4615.000 3.947
4620.000 4.779
4625.000 5.072
4630.000 5.127
4635.000 4.418
4640.000 3.928
4645.000 3.038
4650.000 2.672
4655.000 2.095
4660.000 1.687
4665.000 1.535
4670.000 1.295
4675.000 1.202
4680.000 1.055
4685.000 0.951
4690.000 0.918
4695.000 0.865
4700.000 0.839
4705.000 0.792
4710.000 0.750
4715.000 0.728
4720.000 0.695
4725.000 0.684
4730.000 0.645
4735.000 0.615
4740.000 0.601
4745.000 0.578
4750.000 0.567
4755.000 0.545
4760.000 0.523
4765.000 0.519
4770.000 0.500
4775.000 0.493
4780.000 0.479
4785.000 0.467
4790.000 0.464
4795.000 0.449
4800.000 0.448
4805.000 0.440
4810.000 0.431
4815.000 0.430
4820.000 0.424
4825.000 0.422
4830.000 0.422
4835.000 0.418
4840.000 0.422
4845.000 0.423
4850.000 0.421
4855.000 0.428
4860.000 0.431
4865.000 0.434
4870.000 0.436
4875.000 0.439
4880.000 0.450
4885.000 0.459
4890.000 0.464
4895.000 0.476
4900.000 0.480
4905.000 0.496
4910.000 0.513
4915.000 0.526
4920.000 0.544
4925.000 0.552
4930.000 0.570
4935.000 0.593
4940.000 0.608
4945.000 0.636
4950.000 0.656
4955.000 0.698
4960.000 0.741
4965.000 0.779
4970.000 0.831
4975.000 0.871
4980.000 0.952
4985.000 1.039
4990.000 1.104
4995.000 1.252
5000.000 1.364
5005.000 1.589
5010.000 1.957
5015.000 2.173
5020.000 2.667
5025.000 2.933
5030.000 3.178
5035.000 2.913
5040.000 2.657
5045.000 2.064
5050.000 1.787
5055.000 1.344
5060.000 1.034
5065.000 0.913
5070.000 0.740
5075.000 0.669
5080.000 0.556
5085.000 0.466
5090.000 0.429
5095.000 0.362
5100.000 0.337
5105.000 0.285
5110.000 0.257
5115.000 0.215
5120.000 0.183
5125.000 0.171
5130.000 0.148
5135.000 0.138
5140.000 0.126
5145.000 0.115
5150.000 0.112
5155.000 0.109
5160.000 0.107
5165.000 0.108
5170.000 0.110
5175.000 0.111
5180.000 0.116
5185.000 0.118
5190.000 0.123
5195.000 0.127
5200.000 0.132
5205.000 0.139
5210.000 0.140
5215.000 0.146
5220.000 0.152
5225.000 0.156
5230.000 0.161
5235.000 0.164
5240.000 0.170
5245.000 0.177
5250.000 0.179
5255.000 0.187
5260.000 0.188
5265.000 0.193
5270.000 0.199
5275.000 0.202
5280.000 0.205
5285.000 0.210
5290.000 0.214
5295.000 0.219
5300.000 0.220
5305.000 0.226
5310.000 0.228
5315.000 0.232
5320.000 0.236
5325.000 0.237
5330.000 0.239
5335.000 0.238
5340.000 0.243
5345.000 0.243
5350.000 0.245
5355.000 0.247
5360.000 0.249
5365.000 0.248
5370.000 0.249
5375.000 0.251
5380.000 0.250
5385.000 0.250
5390.000 0.253
5395.000 0.252
5400.000 0.257
5405.000 0.258
5410.000 0.256
5415.000 0.257
5420.000 0.257
5425.000 0.259
5430.000 0.259
5435.000 0.261
5440.000 0.260
5445.000 0.264
5450.000 0.263
5455.000 0.264
5460.000 0.265
5465.000 0.263
5470.000 0.264
5475.000 0.266
5480.000 0.265
5485.000 0.265
5490.000 0.264
5495.000 0.268
5500.000 0.269
5505.000 0.270
5510.000 0.268
5515.000 0.268
5520.000 0.277
5525.000 0.272
5530.000 0.288
5535.000 0.279
5540.000 0.277
5545.000 0.275
5550.000 0.272
5555.000 0.270
5560.000 0.272
5565.000 0.272
5570.000 0.269
5575.000 0.272
5580.000 0.269
5585.000 0.271
5590.000 0.272
5595.000 0.275
5600.000 0.275
5605.000 0.275
5610.000 0.273
5615.000 0.273
5620.000 0.275
5625.000 0.276
5630.000 0.277
5635.000 0.273
5640.000 0.277
5645.000 0.272
5650.000 0.276
5655.000 0.278
5660.000 0.276
5665.000 0.275
5670.000 0.276
5675.000 0.276
5680.000 0.276
5685.000 0.277
5690.000 0.277
5695.000 0.279
5700.000 0.281
5705.000 0.277
5710.000 0.277
5715.000 0.281
5720.000 0.277
5725.000 0.280
5730.000 0.279
5735.000 0.280
5740.000 0.284
5745.000 0.282
5750.000 0.281
5755.000 0.278
5760.000 0.278
5765.000 0.281
5770.000 0.280
5775.000 0.281
5780.000 0.282
5785.000 0.282
5790.000 0.280
5795.000 0.284
5800.000 0.282
5805.000 0.281
5810.000 0.282
5815.000 0.282
5820.000 0.284
5825.000 0.281
5830.000 0.285
5835.000 0.283
5840.000 0.285
5845.000 0.285
5850.000 0.286
5855.000 0.284
5860.000 0.286
5865.000 0.287
5870.000 0.288
5875.000 0.285
5880.000 0.290
5885.000 0.288
5890.000 0.291
5895.000 0.288
5900.000 0.291
5905.000 0.291
5910.000 0.288
5915.000 0.291
5920.000 0.288
5925.000 0.290
5930.000 0.288
5935.000 0.286
5940.000 0.286
5945.000 0.291
5950.000 0.290
5955.000 0.285
5960.000 0.288
5965.000 0.292
5970.000 0.293
5975.000 0.299
5980.000 0.300
5985.000 0.294
5990.000 0.291
5995.000 0.291
6000.000 0.297
6005.000 0.290
6010.000 0.289
6015.000 0.293
6020.000 0.303
6025.000 0.294
6030.000 0.294
6035.000 0.291
6040.000 0.301
6045.000 0.301
6050.000 0.295
6055.000 0.298
6060.000 0.295
6065.000 0.297
6070.000 0.301
6075.000 0.297
6080.000 0.295
6085.000 0.296
6090.000 0.300
6095.000 0.297
6100.000 0.297
6105.000 0.297
6110.000 0.297
6115.000 0.298
6120.000 0.296
6125.000 0.299
6130.000 0.299
6135.000 0.301
6140.000 0.300
6145.000 0.305
6150.000 0.302
6155.000 0.303
6160.000 0.304
6165.000 0.302
6170.000 0.306
6175.000 0.305
6180.000 0.307
6185.000 0.304
6190.000 0.306
6195.000 0.309
6200.000 0.304
6205.000 0.303
6210.000 0.301
6215.000 0.302
6220.000 0.301
6225.000 0.302
6230.000 0.311
6235.000 0.305
6240.000 0.310
6245.000 0.310
6250.000 0.309
6255.000 0.303
6260.000 0.306
6265.000 0.309
6270.000 0.309
6275.000 0.308
6280.000 0.309
6285.000 0.309
6290.000 0.310
6295.000 0.311
6300.000 0.314
6305.000 0.314
6310.000 0.333
6315.000 0.324
6320.000 0.317
6325.000 0.314
6330.000 0.316
6335.000 0.316
6340.000 0.320
6345.000 0.313
6350.000 0.315
6355.000 0.318
6360.000 0.317
6365.000 0.319
6370.000 0.320
6375.000 0.322
6380.000 0.321
6385.000 0.321
6390.000 0.325
6395.000 0.326
6400.000 0.326
6405.000 0.325
6410.000 0.328
6415.000 0.327
6420.000 0.330
6425.000 0.332
6430.000 0.338
6435.000 0.334
6440.000 0.339
6445.000 0.344
6450.000 0.347
6455.000 0.343
6460.000 0.353
6465.000 0.354
6470.000 0.354
6475.000 0.356
6480.000 0.361
6485.000 0.362
6490.000 0.369
6495.000 0.374
6500.000 0.379
6505.000 0.382
6510.000 0.386
6515.000 0.394
6520.000 0.403
6525.000 0.409
6530.000 0.418
6535.000 0.423
6540.000 0.432
6545.000 0.445
6550.000 0.452
6555.000 0.465
6560.000 0.472
6565.000 0.487
6570.000 0.511
6575.000 0.522
6580.000 0.547
6585.000 0.561
6590.000 0.595
6595.000 0.618
6600.000 0.662
6605.000 0.711
6610.000 0.734
6615.000 0.805
6620.000 0.847
6625.000 0.944
6630.000 1.077
6635.000 1.160
6640.000 1.371
6645.000 1.506
6650.000 1.880
6655.000 2.424
6660.000 2.786
6665.000 3.705
6670.000 4.257
6675.000 5.502
6680.000 6.636
6685.000 7.044
6690.000 7.282
6695.000 6.910
6700.000 5.538
6705.000 4.232
6710.000 3.703
6715.000 2.900
6720.000 2.591
6725.000 2.142
6730.000 1.839
6735.000 1.726
6740.000 1.550
6745.000 1.481
6750.000 1.385
6755.000 1.330
6760.000 1.307
6765.000 1.273
6770.000 1.257
6775.000 1.244
6780.000 1.239
6785.000 1.239
6790.000 1.243
6795.000 1.253
6800.000 1.271
6805.000 1.297
6810.000 1.306
6815.000 1.342
6820.000 1.368
6825.000 1.425
6830.000 1.498
6835.000 1.538
6840.000 1.633
6845.000 1.695
6850.000 1.835
6855.000 2.024
6860.000 2.154
6865.000 2.474
6870.000 2.682
6875.000 3.222
6880.000 3.987
6885.000 4.477
6890.000 5.766
6895.000 6.439
6900.000 7.722
6905.000 8.388
6910.000 8.352
6915.000 7.294
6920.000 6.517
6925.000 5.044
6930.000 3.919
6935.000 3.493
6940.000 2.846
6945.000 2.604
6950.000 2.237
6955.000 1.986
6960.000 1.885
6965.000 1.737
6970.000 1.674
6975.000 1.561
6980.000 1.470
6985.000 1.427
6990.000 1.347
6995.000 1.319
7000.000 1.255
7005.000 1.215
7010.000 1.193
7015.000 1.157
7020.000 1.131
7025.000 1.109
7030.000 1.077
7035.000 1.063
7040.000 1.038
7045.000 1.033
7050.000 1.020
7055.000 0.999
7060.000 0.998
7065.000 0.980
7070.000 0.973
7075.000 0.970
7080.000 0.964
7085.000 0.963
7090.000 0.963
7095.000 0.961
7100.000 0.963
7105.000 0.969
7110.000 0.970
7115.000 0.983
7120.000 0.983
7125.000 0.990
7130.000 1.002
7135.000 1.009
7140.000 1.024
7145.000 1.034
7150.000 1.056
7155.000 1.078
7160.000 1.090
7165.000 1.118
7170.000 1.138
7175.000 1.176
7180.000 1.216
7185.000 1.245
7190.000 1.296
7195.000 1.329
7200.000 1.390
7205.000 1.427
7210.000 1.522
7215.000 1.617
7220.000 1.673
7225.000 1.813
7230.000 1.887
7235.000 2.087
7240.000 2.344
7245.000 2.540
7250.000 2.939
7255.000 3.182
7260.000 3.778
7265.000 4.484
7270.000 4.833
7275.000 5.361
7280.000 5.496
7285.000 5.284
7290.000 4.525
7295.000 4.087
7300.000 3.291
7305.000 2.967
7310.000 2.451
7315.000 2.057
7320.000 1.910
7325.000 1.683
7330.000 1.585
7335.000 1.424
7340.000 1.285
7345.000 1.231
7350.000 1.125
7355.000 1.091
7360.000 1.018
7365.000 0.960
7370.000 0.923
7375.000 0.848
7380.000 0.817
7385.000 0.761
7390.000 0.719
7395.000 0.696
7400.000 0.658
7405.000 0.633
7410.000 0.596
7415.000 0.562
7420.000 0.548
7425.000 0.514
7430.000 0.511
7435.000 0.480
7440.000 0.463
7445.000 0.456
7450.000 0.440
7455.000 0.434
7460.000 0.420
7465.000 0.404
7470.000 0.399
7475.000 0.389
7480.000 0.386
7485.000 0.374
7490.000 0.369
7495.000 0.365
7500.000 0.361
7505.000 0.358
7510.000 0.367
7515.000 0.354
7520.000 0.354
7525.000 0.347
7530.000 0.345
7535.000 0.355
7540.000 0.352
7545.000 0.351
7550.000 0.353
7555.000 0.355
7560.000 0.356
7565.000 0.366
7570.000 0.370
7575.000 0.381
7580.000 0.387
7585.000 0.402
7590.000 0.418
7595.000 0.428
7600.000 0.455
7605.000 0.471
7610.000 0.511
7615.000 0.564
7620.000 0.596
7625.000 0.653
7630.000 0.687
7635.000 0.769
7640.000 0.913
7645.000 0.977
7650.000 1.143
7655.000 1.252
7660.000 1.519
7665.000 1.854
7670.000 2.037
7675.000 2.425
7680.000 2.618
7685.000 2.770
7690.000 2.539
7695.000 2.337
7700.000 1.924
7705.000 1.737
7710.000 1.437
7715.000 1.225
7720.000 1.154
7725.000 1.044
7730.000 1.010
7735.000 0.909
7740.000 0.839
7745.000 0.808
7750.000 0.762
7755.000 0.735
7760.000 0.729
7765.000 0.708
7770.000 0.690
7775.000 0.656
7780.000 0.644
7785.000 0.617
7790.000 0.615
7795.000 0.601
7800.000 0.584
7805.000 0.575
7810.000 0.561
7815.000 0.554
7820.000 0.547
7825.000 0.542
7830.000 0.562
7835.000 0.553
7840.000 0.550
7845.000 0.539
7850.000 0.529
7855.000 0.525
7860.000 0.521
7865.000 0.518
7870.000 0.519
7875.000 0.516
7880.000 0.519
7885.000 0.516
7890.000 0.525
7895.000 0.548
7900.000 0.552
7905.000 0.552
7910.000 0.550
7915.000 0.549
7920.000 0.554
7925.000 0.580
7930.000 0.592
7935.000 0.603
7940.000 0.607
7945.000 0.636
7950.000 0.649
7955.000 0.654
7960.000 0.679
7965.000 0.693
7970.000 0.732
7975.000 0.768
7980.000 0.793
7985.000 0.855
7990.000 0.881
7995.000 0.937
8000.000 0.960
8005.000 0.967
8010.000 0.905
8015.000 0.866
8020.000 0.767
8025.000 0.695
8030.000 0.649
8035.000 0.567
8040.000 0.523
8045.000 0.455
8050.000 0.396
8055.000 0.377
8060.000 0.335
8065.000 0.320
8070.000 0.294
8075.000 0.276
8080.000 0.268
8085.000 0.258
8090.000 0.252
8095.000 0.247
8100.000 0.244
8105.000 0.242
8110.000 0.240
8115.000 0.237
8120.000 0.239
8125.000 0.237
8130.000 0.240
8135.000 0.239
8140.000 0.241
8145.000 0.238
8150.000 0.245
8155.000 0.241
8160.000 0.241
8165.000 0.239
8170.000 0.238
8175.000 0.241
8180.000 0.241
8185.000 0.241
8190.000 0.243
8195.000 0.244
8200.000 0.245
8205.000 0.248
8210.000 0.248
8215.000 0.252
8220.000 0.252
8225.000 0.253
8230.000 0.253
8235.000 0.256
8240.000 0.254
8245.000 0.255
8250.000 0.258
8255.000 0.257
8260.000 0.259
8265.000 0.259
8270.000 0.261
8275.000 0.263
8280.000 0.265
8285.000 0.262
8290.000 0.265
8295.000 0.266
8300.000 0.266
8305.000 0.265
8310.000 0.267
8315.000 0.269
8320.000 0.269
8325.000 0.269
8330.000 0.270
8335.000 0.270
8340.000 0.272
8345.000 0.274
8350.000 0.273
8355.000 0.275
8360.000 0.277
8365.000 0.277
8370.000 0.277
8375.000 0.279
8380.000 0.278
8385.000 0.284
8390.000 0.283
8395.000 0.285
8400.000 0.283
8405.000 0.285
8410.000 0.284
8415.000 0.286
8420.000 0.287
8425.000 0.287
8430.000 0.288
8435.000 0.289
8440.000 0.289
8445.000 0.290
8450.000 0.289
8455.000 0.290
8460.000 0.290
8465.000 0.290
8470.000 0.290
8475.000 0.291
8480.000 0.294
8485.000 0.295
8490.000 0.293
8495.000 0.294
8500.000 0.295
8505.000 0.293
8510.000 0.293
8515.000 0.292
8520.000 0.296
8525.000 0.295
8530.000 0.293
8535.000 0.294
8540.000 0.295
8545.000 0.297
8550.000 0.296
8555.000 0.296
8560.000 0.298
8565.000 0.297
8570.000 0.296
8575.000 0.296
8580.000 0.297
8585.000 0.296
8590.000 0.298
8595.000 0.300
8600.000 0.298
8605.000 0.298
8610.000 0.298
8615.000 0.299
8620.000 0.300
8625.000 0.299
8630.000 0.300
8635.000 0.301
8640.000 0.301
8645.000 0.302
8650.000 0.303
8655.000 0.303
8660.000 0.302
8665.000 0.302
8670.000 0.303
8675.000 0.303
8680.000 0.301
8685.000 0.303
8690.000 0.301
8695.000 0.304
8700.000 0.305
8705.000 0.307
8710.000 0.305
8715.000 0.302
8720.000 0.303
8725.000 0.304
8730.000 0.303
8735.000 0.302
8740.000 0.306
8745.000 0.306
8750.000 0.304
8755.000 0.305
8760.000 0.303
8765.000 0.305
8770.000 0.303
8775.000 0.303
8780.000 0.305
8785.000 0.304
8790.000 0.309
8795.000 0.303
8800.000 0.307
8805.000 0.306
8810.000 0.308
8815.000 0.302
8820.000 0.308
8825.000 0.293
8830.000 0.306
8835.000 0.329
8840.000 0.325
8845.000 0.314
8850.000 0.312
8855.000 0.309
8860.000 0.308
8865.000 0.309
8870.000 0.308
8875.000 0.313
8880.000 0.308
8885.000 0.308
8890.000 0.307
8895.000 0.309
8900.000 0.306
8905.000 0.307
8910.000 0.307
8915.000 0.306
8920.000 0.309
8925.000 0.310
8930.000 0.311
8935.000 0.312
8940.000 0.314
8945.000 0.313
8950.000 0.312
8955.000 0.313
8960.000 0.307
8965.000 0.309
8970.000 0.308
8975.000 0.304
8980.000 0.305
8985.000 0.309
8990.000 0.309
8995.000 0.310
9000.000 0.312
9005.000 0.304
9010.000 0.306
9015.000 0.305
9020.000 0.316
9025.000 0.306
9030.000 0.309
9035.000 0.315
9040.000 0.315
9045.000 0.313
9050.000 0.315
9055.000 0.312
9060.000 0.310
9065.000 0.307
9070.000 0.311
9075.000 0.311
9080.000 0.309
9085.000 0.313
9090.000 0.312
9095.000 0.315
9100.000 0.311
9105.000 0.311
9110.000 0.313
9115.000 0.315
9120.000 0.312
9125.000 0.311
9130.000 0.312
9135.000 0.311
9140.000 0.310
9145.000 0.313
9150.000 0.312
9155.000 0.311
9160.000 0.310
9165.000 0.310
9170.000 0.309
9175.000 0.313
9180.000 0.311
9185.000 0.310
9190.000 0.312
9195.000 0.312
9200.000 0.313
9205.000 0.313
9210.000 0.311
9215.000 0.315
9220.000 0.320
9225.000 0.321
9230.000 0.316
9235.000 0.315
9240.000 0.315
9245.000 0.314
9250.000 0.313
9255.000 0.314
9260.000 0.314
9265.000 0.314
9270.000 0.313
9275.000 0.311
9280.000 0.312
9285.000 0.311
9290.000 0.313
9295.000 0.312
9300.000 0.312
9305.000 0.313
9310.000 0.313
9315.000 0.310
9320.000 0.310
9325.000 0.311
9330.000 0.312
9335.000 0.314
9340.000 0.313
9345.000 0.311
9350.000 0.310
9355.000 0.308
9360.000 0.310
9365.000 0.311
9370.000 0.312
9375.000 0.313
9380.000 0.313
9385.000 0.314
9390.000 0.313
9395.000 0.315
9400.000 0.313
9405.000 0.314
9410.000 0.313
9415.000 0.312
9420.000 0.313
9425.000 0.313
9430.000 0.312
9435.000 0.312
9440.000 0.312
9445.000 0.314
9450.000 0.315
9455.000 0.313
9460.000 0.312
9465.000 0.313
9470.000 0.310
9475.000 0.311
9480.000 0.313
9485.000 0.312
9490.000 0.312
9495.000 0.311
9500.000 0.310
9505.000 0.312
9510.000 0.310
9515.000 0.313
9520.000 0.313
9525.000 0.310
9530.000 0.310
9535.000 0.312
9540.000 0.308
9545.000 0.310
9550.000 0.310
9555.000 0.309
9560.000 0.308
9565.000 0.308
9570.000 0.308
9575.000 0.309
9580.000 0.306
9585.000 0.306
9590.000 0.306
9595.000 0.307
9600.000 0.306
9605.000 0.308
9610.000 0.305
9615.000 0.313
9620.000 0.309
9625.000 0.306
9630.000 0.307
9635.000 0.308
9640.000 0.308
9645.000 0.304
9650.000 0.305
9655.000 0.306
9660.000 0.303
9665.000 0.302
9670.000 0.302
9675.000 0.299
9680.000 0.298
9685.000 0.298
9690.000 0.298
9695.000 0.296
9700.000 0.294
9705.000 0.296
9710.000 0.296
9715.000 0.294
9720.000 0.294
9725.000 0.293
9730.000 0.290
9735.000 0.291
9740.000 0.290
9745.000 0.287
9750.000 0.286
9755.000 0.284
9760.000 0.282
9765.000 0.279
9770.000 0.280
9775.000 0.280
9780.000 0.277
9785.000 0.276
9790.000 0.277
9795.000 0.273
9800.000 0.269
9805.000 0.268
9810.000 0.272
9815.000 0.266
9820.000 0.263
9825.000 0.255
9830.000 0.249
9835.000 0.247
9840.000 0.240
9845.000 0.236
9850.000 0.296
9855.000 0.268
9860.000 0.252
9865.000 0.231
9870.000 0.221
9875.000 0.209
9880.000 0.198
9885.000 0.180
9890.000 0.163
9895.000 0.151
9900.000 0.135
9905.000 0.125
9910.000 0.108
9915.000 0.101
9920.000 0.105
9925.000 0.134
9930.000 0.164
9935.000 0.279
9940.000 0.498
9945.000 0.664
9950.000 1.067
9955.000 1.293
9960.000 1.753
9965.000 2.143
9970.000 2.272
9975.000 2.347
9980.000 2.307
9985.000 2.184
9990.000 2.009
9995.000 1.948
10000.000 1.787
10005.000 1.710
10010.000 1.550
10015.000 1.411
10020.000 1.347
10025.000 1.220
10030.000 1.155
10035.000 1.057
10040.000 0.971
10045.000 0.937
10050.000 0.884
10055.000 0.859
10060.000 0.831
10065.000 0.818
10070.000 0.817
10075.000 0.819
10080.000 0.828
10085.000 0.839
10090.000 0.861
10095.000 0.875
10100.000 0.900
10105.000 0.916
10110.000 0.952
10115.000 0.998
10120.000 1.019
10125.000 1.079
10130.000 1.111
10135.000 1.187
10140.000 1.282
10145.000 1.336
10150.000 1.472
10155.000 1.551
10160.000 1.732
10165.000 1.900
10170.000 1.950
10175.000 1.935
10180.000 1.863
10185.000 1.644
10190.000 1.391
10195.000 1.265
10200.000 1.042
10205.000 0.947
10210.000 0.784
10215.000 0.656
10220.000 0.598
10225.000 0.502
10230.000 0.461
10235.000 0.395
10240.000 0.340
10245.000 0.316
10250.000 0.276
10255.000 0.257
10260.000 0.229
10265.000 0.206
10270.000 0.194
10275.000 0.172
10280.000 0.161
10285.000 0.144
10290.000 0.128
10295.000 0.123
10300.000 0.113
10305.000 0.107
10310.000 0.098
10315.000 0.091
10320.000 0.087
10325.000 0.081
10330.000 0.079
10335.000 0.074
10340.000 0.073
10345.000 0.072
10350.000 0.070
10355.000 0.071
10360.000 0.071
10365.000 0.075
10370.000 0.076
10375.000 0.083
10380.000 0.086
10385.000 0.090
10390.000 0.103
10395.000 0.109
10400.000 0.122
10405.000 0.132
10410.000 0.156
10415.000 0.186
10420.000 0.205
10425.000 0.253
10430.000 0.285
10435.000 0.359
10440.000 0.442
10445.000 0.493
10450.000 0.609
10455.000 0.681
10460.000 0.872
10465.000 0.982
10470.000 1.238
10475.000 1.559
10480.000 1.731
10485.000 2.101
10490.000 2.283
10495.000 2.625
10500.000 2.863
10505.000 2.925
10510.000 2.906
10515.000 2.821
10520.000 2.557
10525.000 2.231
10530.000 2.062
10535.000 1.749
10540.000 1.613
10545.000 1.381
10550.000 1.195
10555.000 1.120
10560.000 0.997
10565.000 0.943
10570.000 0.863
10575.000 0.803
10580.000 0.779
10585.000 0.751
10590.000 0.738
10595.000 0.719
10600.000 0.701
10605.000 0.695
10610.000 0.682
10615.000 0.673
10620.000 0.666
10625.000 0.656
10630.000 0.655
10635.000 0.645
10640.000 0.640
10645.000 0.639
10650.000 0.626
10655.000 0.625
10660.000 0.622
10665.000 0.623
10670.000 0.619
10675.000 0.619
10680.000 0.618
10685.000 0.611
10690.000 0.613
10695.000 0.609
10700.000 0.608
10705.000 0.611
10710.000 0.612
10715.000 0.615
10720.000 0.617
10725.000 0.620
10730.000 0.625
10735.000 0.627
10740.000 0.631
10745.000 0.639
10750.000 0.648
10755.000 0.652
10760.000 0.660
10765.000 0.669
10770.000 0.682
10775.000 0.691
10780.000 0.700
10785.000 0.717
10790.000 0.722
10795.000 0.740
10800.000 0.770
10805.000 0.784
10810.000 0.822
10815.000 0.834
10820.000 0.873
10825.000 0.915
10830.000 0.943
10835.000 0.984
10840.000 1.001
10845.000 1.017
10850.000 0.991
10855.000 0.958
10860.000 0.861
10865.000 0.801
10870.000 0.660
10875.000 0.532
10880.000 0.473
10885.000 0.374
10890.000 0.331
10895.000 0.265
10900.000 0.209
10905.000 0.188
10910.000 0.153
10915.000 0.141
10920.000 0.117
10925.000 0.104
10930.000 0.103
10935.000 0.097
10940.000 0.096
10945.000 0.095
10950.000 0.098
10955.000 0.099
10960.000 0.104
10965.000 0.104
10970.000 0.111
10975.000 0.117
10980.000 0.120
10985.000 0.128
10990.000 0.131
10995.000 0.136
11000.000 0.139
11005.000 0.144
11010.000 0.148
11015.000 0.152
11020.000 0.149
11025.000 0.155
11030.000 0.158
11035.000 0.153
11040.000 0.157
11045.000 0.157
11050.000 0.153
11055.000 0.153
11060.000 0.151
11065.000 0.146
11070.000 0.143
11075.000 0.142
11080.000 0.142
11085.000 0.140
11090.000 0.142
11095.000 0.149
11100.000 0.154
11105.000 0.166
11110.000 0.194
11115.000 0.217
11120.000 0.276
11125.000 0.315
11130.000 0.420
11135.000 0.524
11140.000 0.571
11145.000 0.641
11150.000 0.659
11155.000 0.659
11160.000 0.632
11165.000 0.612
11170.000 0.564
11175.000 0.545
11180.000 0.497
11185.000 0.460
11190.000 0.442
11195.000 0.413
11200.000 0.399
11205.000 0.383
11210.000 0.373
11215.000 0.368
11220.000 0.362
11225.000 0.358
11230.000 0.357
11235.000 0.353
11240.000 0.352
11245.000 0.348
11250.000 0.346
11255.000 0.343
11260.000 0.339
11265.000 0.340
11270.000 0.339
11275.000 0.338
11280.000 0.336
11285.000 0.334
11290.000 0.333
11295.000 0.333
11300.000 0.333
11305.000 0.332
11310.000 0.328
11315.000 0.329
11320.000 0.324
11325.000 0.325
11330.000 0.324
11335.000 0.327
11340.000 0.325
11345.000 0.322
11350.000 0.321
11355.000 0.322
11360.000 0.324
11365.000 0.320
11370.000 0.321
11375.000 0.321
11380.000 0.322
11385.000 0.322
11390.000 0.320
11395.000 0.318
11400.000 0.318
11405.000 0.318
11410.000 0.319
11415.000 0.319
11420.000 0.320
11425.000 0.317
11430.000 0.313
11435.000 0.316
11440.000 0.315
11445.000 0.314
11450.000 0.316
11455.000 0.315
11460.000 0.314
11465.000 0.312
11470.000 0.315
11475.000 0.311
11480.000 0.312
11485.000 0.310
11490.000 0.311
11495.000 0.311
11500.000 0.313
11505.000 0.315
11510.000 0.313
11515.000 0.312
11520.000 0.312
11525.000 0.313
11530.000 0.312
11535.000 0.309
11540.000 0.313
11545.000 0.311
11550.000 0.309
11555.000 0.309
11560.000 0.308
11565.000 0.310
11570.000 0.311
11575.000 0.310
11580.000 0.308
11585.000 0.308
11590.000 0.308
11595.000 0.306
11600.000 0.306
11605.000 0.308
11610.000 0.308
11615.000 0.309
11620.000 0.307
11625.000 0.306
11630.000 0.309
11635.000 0.309
11640.000 0.311
11645.000 0.310
11650.000 0.308
11655.000 0.308
11660.000 0.307
11665.000 0.306
11670.000 0.308
11675.000 0.307
11680.000 0.307
11685.000 0.311
11690.000 0.310
11695.000 0.308
11700.000 0.307
11705.000 0.305
11710.000 0.306
11715.000 0.307
11720.000 0.305
11725.000 0.305
11730.000 0.301
11735.000 0.305
11740.000 0.306
11745.000 0.306
11750.000 0.304
11755.000 0.305
11760.000 0.306
11765.000 0.307
11770.000 0.302
11775.000 0.304
11780.000 0.301
11785.000 0.306
11790.000 0.306
11795.000 0.304
11800.000 0.309
11805.000 0.307
11810.000 0.303
11815.000 0.304
11820.000 0.303
11825.000 0.300
11830.000 0.302
11835.000 0.302
11840.000 0.303
11845.000 0.301
11850.000 0.303
11855.000 0.303
11860.000 0.303
11865.000 0.298
11870.000 0.298
11875.000 0.300
11880.000 0.298
11885.000 0.299
11890.000 0.301
11895.000 0.302
11900.000 0.302
11905.000 0.301
11910.000 0.301
11915.000 0.300
11920.000 0.299
11925.000 0.302
11930.000 0.300
11935.000 0.304
11940.000 0.301
11945.000 0.303
11950.000 0.302
11955.000 0.302
11960.000 0.302
11965.000 0.302
11970.000 0.299
11975.000 0.297
11980.000 0.296
11985.000 0.295
11990.000 0.295
11995.000 0.294
12000.000 0.296
