105.000 0.022
110.000 0.027
115.000 3.341
120.000 3.865
125.000 4.077
130.000 4.419
135.000 4.552
140.000 4.930
145.000 5.349
150.000 5.628
155.000 6.112
160.000 6.161
165.000 6.307
170.000 6.421
175.000 6.234
180.000 6.320
185.000 6.209
190.000 6.400
195.000 6.522
200.000 6.568
205.000 6.722
210.000 6.699
215.000 7.048
220.000 7.142
225.000 7.295
230.000 7.372
235.000 7.538
240.000 7.573
245.000 7.605
250.000 7.702
255.000 7.931
260.000 8.058
265.000 8.320
270.000 8.531
275.000 8.650
280.000 8.994
285.000 9.092
290.000 9.482
295.000 9.823
300.000 9.918
305.000 10.490
310.000 10.715
315.000 11.294
320.000 12.119
325.000 12.599
330.000 13.618
335.000 14.125
340.000 15.503
345.000 16.908
350.000 17.688
355.000 19.299
360.000 20.049
365.000 21.721
370.000 23.402
375.000 24.311
380.000 26.164
385.000 27.133
390.000 29.128
395.000 31.367
400.000 32.531
405.000 34.980
410.000 36.055
415.000 38.698
420.000 41.515
425.000 42.870
430.000 45.518
435.000 46.821
440.000 49.751
445.000 52.462
450.000 53.906
455.000 56.579
460.000 58.244
465.000 61.082
470.000 64.571
475.000 66.343
480.000 70.263
485.000 71.884
490.000 72.456
495.000 71.740
500.000 71.507
505.000 69.833
510.000 66.374
515.000 50.559
520.000 39.003
525.000 34.911
530.000 27.976
535.000 25.293
540.000 20.613
545.000 16.409
550.000 14.842
555.000 12.364
560.000 11.287
565.000 9.376
570.000 7.893
575.000 7.273
580.000 6.237
585.000 5.805
590.000 5.052
595.000 4.435
600.000 4.185
605.000 3.727
610.000 3.534
615.000 3.165
620.000 3.014
625.000 2.727
630.000 2.481
635.000 2.383
640.000 2.195
645.000 2.095
650.000 1.948
655.000 1.813
660.000 1.758
665.000 1.635
670.000 1.593
675.000 1.489
680.000 1.410
685.000 1.370
690.000 1.295
695.000 1.263
700.000 1.204
705.000 1.151
710.000 1.121
715.000 1.080
720.000 1.055
725.000 1.023
730.000 0.978
735.000 0.941
740.000 0.910
745.000 0.904
750.000 0.874
755.000 0.847
760.000 0.835
765.000 0.811
770.000 0.797
775.000 0.778
780.000 0.759
785.000 0.750
790.000 0.731
795.000 0.722
800.000 0.706
805.000 0.704
810.000 0.706
815.000 0.717
820.000 0.720
825.000 0.728
830.000 0.736
835.000 0.735
840.000 0.733
845.000 0.739
850.000 0.745
855.000 0.752
860.000 0.759
865.000 0.771
870.000 0.779
875.000 0.798
880.000 0.824
885.000 0.839
890.000 0.880
895.000 0.893
900.000 0.948
905.000 1.001
910.000 1.049
915.000 1.147
920.000 1.205
925.000 1.355
930.000 1.566
935.000 1.695
940.000 2.065
945.000 2.329
950.000 3.071
955.000 4.160
960.000 4.800
965.000 5.706
970.000 5.643
975.000 4.434
980.000 3.152
985.000 2.686
990.000 2.045
995.000 1.821
1000.000 1.476
1005.000 1.218
1010.000 1.130
1015.000 0.985
1020.000 0.933
1025.000 0.826
1030.000 0.753
1035.000 0.710
1040.000 0.660
1045.000 0.638
1050.000 0.594
1055.000 0.562
1060.000 0.551
1065.000 0.526
1070.000 0.514
1075.000 0.493
1080.000 0.475
1085.000 0.466
1090.000 0.454
1095.000 0.449
1100.000 0.441
1105.000 0.435
1110.000 0.429
1115.000 0.427
1120.000 0.422
1125.000 0.420
1130.000 0.419
1135.000 0.418
1140.000 0.414
1145.000 0.415
1150.000 0.416
1155.000 0.417
1160.000 0.420
1165.000 0.419
1170.000 0.420
1175.000 0.425
1180.000 0.427
1185.000 0.429
1190.000 0.433
1195.000 0.438
1200.000 0.442
1205.000 0.450
1210.000 0.455
1215.000 0.463
1220.000 0.468
1225.000 0.479
1230.000 0.485
1235.000 0.496
1240.000 0.511
1245.000 0.520
1250.000 0.537
1255.000 0.546
1260.000 0.569
1265.000 0.591
1270.000 0.603
1275.000 0.633
1280.000 0.650
1285.000 0.677
1290.000 0.705
1295.000 0.720
1300.000 0.750
1305.000 0.768
1310.000 0.802
1315.000 0.842
1320.000 0.867
1325.000 0.911
1330.000 0.938
1335.000 0.995
1340.000 1.066
1345.000 1.099
1350.000 1.181
1355.000 1.229
1360.000 1.343
1365.000 1.486
1370.000 1.572
1375.000 1.775
1380.000 1.899
1385.000 2.219
1390.000 2.669
1395.000 2.961
1400.000 3.763
1405.000 4.276
1410.000 5.594
1415.000 7.372
1420.000 8.437
1425.000 10.658
1430.000 11.480
1435.000 11.387
1440.000 9.026
1445.000 7.733
1450.000 5.670
1455.000 4.894
1460.000 3.744
1465.000 2.979
1470.000 2.692
1475.000 2.248
1480.000 2.075
1485.000 1.794
1490.000 1.609
1495.000 1.541
1500.000 1.427
1505.000 1.374
1510.000 1.280
1515.000 1.216
1520.000 1.187
1525.000 1.135
1530.000 1.111
1535.000 1.073
1540.000 1.038
1545.000 1.019
1550.000 0.994
1555.000 0.983
1560.000 0.953
1565.000 0.928
1570.000 0.919
1575.000 0.894
1580.000 0.884
1585.000 0.849
1590.000 0.813
1595.000 0.801
1600.000 0.767
1605.000 0.752
1610.000 0.722
1615.000 0.687
1620.000 0.672
1625.000 0.650
1630.000 0.633
1635.000 0.606
1640.000 0.585
1645.000 0.576
1650.000 0.560
1655.000 0.555
1660.000 0.546
1665.000 0.547
1670.000 0.553
1675.000 0.572
1680.000 0.590
1685.000 0.638
1690.000 0.702
1695.000 0.745
1700.000 0.829
1705.000 0.866
1710.000 0.947
1715.000 1.039
1720.000 1.080
1725.000 1.174
1730.000 1.220
1735.000 1.312
1740.000 1.410
1745.000 1.451
1750.000 1.552
1755.000 1.597
1760.000 1.698
1765.000 1.808
1770.000 1.870
1775.000 1.993
1780.000 2.063
1785.000 2.220
1790.000 2.412
1795.000 2.513
1800.000 2.761
1805.000 2.903
1810.000 3.258
1815.000 3.460
1820.000 3.934
1825.000 4.541
1830.000 4.904
1835.000 5.771
1840.000 6.316
1845.000 7.683
1850.000 9.486
1855.000 10.567
1860.000 13.165
1865.000 14.650
1870.000 17.858
1875.000 20.673
1880.000 21.575
1885.000 21.761
1890.000 20.814
1895.000 17.271
1900.000 13.684
1905.000 12.136
1910.000 9.603
1915.000 8.603
1920.000 7.068
1925.000 5.966
1930.000 5.525
1935.000 4.846
1940.000 4.567
1945.000 4.167
1950.000 3.882
1955.000 3.763
1960.000 3.545
1965.000 3.456
1970.000 3.283
1975.000 3.131
1980.000 3.066
1985.000 2.942
1990.000 2.877
1995.000 2.773
2000.000 2.677
2005.000 2.637
2010.000 2.558
2015.000 2.520
2020.000 2.453
2025.000 2.386
2030.000 2.369
2035.000 2.296
2040.000 2.274
2045.000 2.222
2050.000 2.176
2055.000 2.160
2060.000 2.122
2065.000 2.099
2070.000 2.072
2075.000 2.038
2080.000 2.020
2085.000 1.995
2090.000 1.981
2095.000 1.956
2100.000 1.937
2105.000 1.929
2110.000 1.916
2115.000 1.911
2120.000 1.896
2125.000 1.887
2130.000 1.880
2135.000 1.876
2140.000 1.874
2145.000 1.873
2150.000 1.879
2155.000 1.885
2160.000 1.887
2165.000 1.892
2170.000 1.900
2175.000 1.916
2180.000 1.919
2185.000 1.943
2190.000 1.957
2195.000 1.993
2200.000 2.028
2205.000 2.052
2210.000 2.109
2215.000 2.142
2220.000 2.210
2225.000 2.290
2230.000 2.338
2235.000 2.454
2240.000 2.512
2245.000 2.661
2250.000 2.846
2255.000 2.959
2260.000 3.255
2265.000 3.443
2270.000 3.941
2275.000 4.657
2280.000 5.117
2285.000 6.261
2290.000 6.917
2295.000 8.177
2300.000 8.765
2305.000 8.483
2310.000 6.940
2315.000 6.022
2320.000 4.467
2325.000 3.372
2330.000 2.964
2335.000 2.357
2340.000 2.137
2345.000 1.806
2350.000 1.547
2355.000 1.437
2360.000 1.232
2365.000 1.136
2370.000 0.974
2375.000 0.842
2380.000 0.786
2385.000 0.688
2390.000 0.646
2395.000 0.575
2400.000 0.515
2405.000 0.487
2410.000 0.439
2415.000 0.420
2420.000 0.382
2425.000 0.363
2430.000 0.334
2435.000 0.307
2440.000 0.295
2445.000 0.276
2450.000 0.264
2455.000 0.246
2460.000 0.233
2465.000 0.226
2470.000 0.212
2475.000 0.208
2480.000 0.197
2485.000 0.190
2490.000 0.185
2495.000 0.179
2500.000 0.176
2505.000 0.170
2510.000 0.166
2515.000 0.163
2520.000 0.160
2525.000 0.158
2530.000 0.155
2535.000 0.153
2540.000 0.153
2545.000 0.151
2550.000 0.150
2555.000 0.148
2560.000 0.148
2565.000 0.147
2570.000 0.146
2575.000 0.144
2580.000 0.146
2585.000 0.145
2590.000 0.146
2595.000 0.145
2600.000 0.145
2605.000 0.146
2610.000 0.147
2615.000 0.145
2620.000 0.145
2625.000 0.145
2630.000 0.146
2635.000 0.145
2640.000 0.148
2645.000 0.146
2650.000 0.146
2655.000 0.147
2660.000 0.147
2665.000 0.148
2670.000 0.146
2675.000 0.149
2680.000 0.149
2685.000 0.148
2690.000 0.150
2695.000 0.149
2700.000 0.149
2705.000 0.149
2710.000 0.148
2715.000 0.149
2720.000 0.149
2725.000 0.151
2730.000 0.151
2735.000 0.150
2740.000 0.153
2745.000 0.152
2750.000 0.151
2755.000 0.153
2760.000 0.154
2765.000 0.154
2770.000 0.154
2775.000 0.154
2780.000 0.154
2785.000 0.155
2790.000 0.154
2795.000 0.155
2800.000 0.153
2805.000 0.156
2810.000 0.154
2815.000 0.155
2820.000 0.156
2825.000 0.157
2830.000 0.156
2835.000 0.157
2840.000 0.156
2845.000 0.156
2850.000 0.159
2855.000 0.156
2860.000 0.158
2865.000 0.157
2870.000 0.158
2875.000 0.161
2880.000 0.158
2885.000 0.160
2890.000 0.159
2895.000 0.160
2900.000 0.160
2905.000 0.159
2910.000 0.159
2915.000 0.161
2920.000 0.160
2925.000 0.161
2930.000 0.161
2935.000 0.162
2940.000 0.163
2945.000 0.162
2950.000 0.161
2955.000 0.166
2960.000 0.165
2965.000 0.162
2970.000 0.165
2975.000 0.162
2980.000 0.160
2985.000 0.170
2990.000 0.167
2995.000 0.172
3000.000 0.169
3005.000 0.168
3010.000 0.170
3015.000 0.166
3020.000 0.174
3025.000 0.169
3030.000 0.168
3035.000 0.177
3040.000 0.174
3045.000 0.176
3050.000 0.178
3055.000 0.175
3060.000 0.178
3065.000 0.176
3070.000 0.181
3075.000 0.181
3080.000 0.179
3085.000 0.180
3090.000 0.182
3095.000 0.182
3100.000 0.184
3105.000 0.188
3110.000 0.189
3115.000 0.192
3120.000 0.193
3125.000 0.195
3130.000 0.198
3135.000 0.199
3140.000 0.202
3145.000 0.209
3150.000 0.209
3155.000 0.215
3160.000 0.216
3165.000 0.224
3170.000 0.228
3175.000 0.231
3180.000 0.237
3185.000 0.240
3190.000 0.249
3195.000 0.259
3200.000 0.263
3205.000 0.275
3210.000 0.281
3215.000 0.295
3220.000 0.310
3225.000 0.316
3230.000 0.333
3235.000 0.346
3240.000 0.369
3245.000 0.396
3250.000 0.411
3255.000 0.447
3260.000 0.465
3265.000 0.512
3270.000 0.571
3275.000 0.603
3280.000 0.692
3285.000 0.744
3290.000 0.886
3295.000 0.984
3300.000 1.200
3305.000 1.471
3310.000 1.644
3315.000 2.099
3320.000 2.406
3325.000 3.203
3330.000 4.295
3335.000 4.968
3340.000 6.556
3345.000 7.448
3350.000 9.299
3355.000 10.532
3360.000 10.635
3365.000 9.614
3370.000 8.687
3375.000 6.705
3380.000 5.111
3385.000 4.489
3390.000 3.527
3395.000 3.159
3400.000 2.612
3405.000 2.240
3410.000 2.097
3415.000 1.864
3420.000 1.778
3425.000 1.664
3430.000 1.600
3435.000 1.578
3440.000 1.543
3445.000 1.529
3450.000 1.506
3455.000 1.498
3460.000 1.497
3465.000 1.497
3470.000 1.499
3475.000 1.517
3480.000 1.540
3485.000 1.555
3490.000 1.596
3495.000 1.619
3500.000 1.674
3505.000 1.743
3510.000 1.784
3515.000 1.867
3520.000 1.923
3525.000 2.051
3530.000 2.219
3535.000 2.337
3540.000 2.620
3545.000 2.807
3550.000 3.296
3555.000 4.007
3560.000 4.482
3565.000 5.749
3570.000 6.536
3575.000 8.296
3580.000 9.706
3585.000 9.916
3590.000 8.765
3595.000 7.757
3600.000 5.743
3605.000 4.249
3610.000 3.702
3615.000 2.894
3620.000 2.594
3625.000 2.132
3630.000 1.828
3635.000 1.723
3640.000 1.547
3645.000 1.473
3650.000 1.346
3655.000 1.244
3660.000 1.197
3665.000 1.111
3670.000 1.077
3675.000 1.007
3680.000 0.941
3685.000 0.907
3690.000 0.856
3695.000 0.829
3700.000 0.781
3705.000 0.740
3710.000 0.723
3715.000 0.686
3720.000 0.669
3725.000 0.643
3730.000 0.621
3735.000 0.611
3740.000 0.594
3745.000 0.588
3750.000 0.575
3755.000 0.569
3760.000 0.562
3765.000 0.558
3770.000 0.554
3775.000 0.554
3780.000 0.554
3785.000 0.554
3790.000 0.558
3795.000 0.562
3800.000 0.568
3805.000 0.578
3810.000 0.585
3815.000 0.596
3820.000 0.603
3825.000 0.611
3830.000 0.624
3835.000 0.633
3840.000 0.648
3845.000 0.658
3850.000 0.682
3855.000 0.710
3860.000 0.724
3865.000 0.758
3870.000 0.779
3875.000 0.823
3880.000 0.877
3885.000 0.911
3890.000 0.988
3895.000 1.030
3900.000 1.108
3905.000 1.154
3910.000 1.259
3915.000 1.401
3920.000 1.491
3925.000 1.724
3930.000 1.870
3935.000 2.269
3940.000 2.861
3945.000 3.249
3950.000 4.275
3955.000 4.907
3960.000 6.356
3965.000 7.590
3970.000 7.866
3975.000 7.385
3980.000 6.640
3985.000 4.996
3990.000 3.687
3995.000 3.187
4000.000 2.468
4005.000 2.211
4010.000 1.823
4015.000 1.536
4020.000 1.423
4025.000 1.296
4030.000 1.246
4035.000 1.134
4040.000 1.053
4045.000 1.019
4050.000 0.944
4055.000 0.918
4060.000 0.861
4065.000 0.817
4070.000 0.790
4075.000 0.747
4080.000 0.729
4085.000 0.699
4090.000 0.671
4095.000 0.655
4100.000 0.634
4105.000 0.623
4110.000 0.606
4115.000 0.586
4120.000 0.577
4125.000 0.567
4130.000 0.560
4135.000 0.549
4140.000 0.540
4145.000 0.536
4150.000 0.524
4155.000 0.523
4160.000 0.520
4165.000 0.514
4170.000 0.511
4175.000 0.511
4180.000 0.509
4185.000 0.507
4190.000 0.503
4195.000 0.502
4200.000 0.505
4205.000 0.502
4210.000 0.506
4215.000 0.505
4220.000 0.509
4225.000 0.512
4230.000 0.512
4235.000 0.517
4240.000 0.524
4245.000 0.527
4250.000 0.533
4255.000 0.538
4260.000 0.547
4265.000 0.556
4270.000 0.564
4275.000 0.577
4280.000 0.582
4285.000 0.593
4290.000 0.613
4295.000 0.620
4300.000 0.640
4305.000 0.652
4310.000 0.683
4315.000 0.721
4320.000 0.745
4325.000 0.805
4330.000 0.843
4335.000 0.935
4340.000 1.044
4345.000 1.122
4350.000 1.323
4355.000 1.453
4360.000 1.787
4365.000 2.212
4370.000 2.434
4375.000 2.738
4380.000 2.733
4385.000 2.375
4390.000 1.827
4395.000 1.571
4400.000 1.174
4405.000 1.025
4410.000 0.805
4415.000 0.656
4420.000 0.602
4425.000 0.519
4430.000 0.483
4435.000 0.418
4440.000 0.364
4445.000 0.344
4450.000 0.306
4455.000 0.288
4460.000 0.255
4465.000 0.231
4470.000 0.220
4475.000 0.205
4480.000 0.195
4485.000 0.182
4490.000 0.177
4495.000 0.169
4500.000 0.158
4505.000 0.157
4510.000 0.150
4515.000 0.148
4520.000 0.144
4525.000 0.140
4530.000 0.139
4535.000 0.137
4540.000 0.135
4545.000 0.132
4550.000 0.132
4555.000 0.130
4560.000 0.130
4565.000 0.128
4570.000 0.128
4575.000 0.128
4580.000 0.127
4585.000 0.127
4590.000 0.127
4595.000 0.129
4600.000 0.129
4605.000 0.129
4610.000 0.132
4615.000 0.133
4620.000 0.136
4625.000 0.141
4630.000 0.144
4635.000 0.149
4640.000 0.154
4645.000 0.161
4650.000 0.173
4655.000 0.180
4660.000 0.197
4665.000 0.205
4670.000 0.228
4675.000 0.254
4680.000 0.269
4685.000 0.304
4690.000 0.325
4695.000 0.361
4700.000 0.406
4705.000 0.436
4710.000 0.501
4715.000 0.547
4720.000 0.664
4725.000 0.819
4730.000 0.919
4735.000 1.197
4740.000 1.384
4745.000 1.875
4750.000 2.497
4755.000 2.836
4760.000 3.521
4765.000 3.728
4770.000 3.897
4775.000 3.444
4780.000 2.994
4785.000 2.229
4790.000 1.924
4795.000 1.454
4800.000 1.141
4805.000 1.029
4810.000 0.856
4815.000 0.789
4820.000 0.688
4825.000 0.623
4830.000 0.600
4835.000 0.562
4840.000 0.549
4845.000 0.528
4850.000 0.506
4855.000 0.499
4860.000 0.484
4865.000 0.480
4870.000 0.472
4875.000 0.469
4880.000 0.469
4885.000 0.467
4890.000 0.466
4895.000 0.467
4900.000 0.465
4905.000 0.469
4910.000 0.473
4915.000 0.489
4920.000 0.484
4925.000 0.490
4930.000 0.488
4935.000 0.497
4940.000 0.499
4945.000 0.507
4950.000 0.517
4955.000 0.524
4960.000 0.536
4965.000 0.548
4970.000 0.564
4975.000 0.583
4980.000 0.598
4985.000 0.621
4990.000 0.623
4995.000 0.650
5000.000 0.679
5005.000 0.687
5010.000 0.726
5015.000 0.744
5020.000 0.801
5025.000 0.843
5030.000 0.876
5035.000 0.944
5040.000 0.986
5045.000 1.091
5050.000 1.236
5055.000 1.325
5060.000 1.563
5065.000 1.736
5070.000 2.027
5075.000 2.204
5080.000 2.173
5085.000 1.872
5090.000 1.652
5095.000 1.228
5100.000 1.045
5105.000 0.766
5110.000 0.580
5115.000 0.505
5120.000 0.390
5125.000 0.341
5130.000 0.266
5135.000 0.207
5140.000 0.181
5145.000 0.141
5150.000 0.125
5155.000 0.106
5160.000 0.097
5165.000 0.092
5170.000 0.093
5175.000 0.094
5180.000 0.100
5185.000 0.105
5190.000 0.110
5195.000 0.118
5200.000 0.123
5205.000 0.132
5210.000 0.141
5215.000 0.146
5220.000 0.156
5225.000 0.161
5230.000 0.170
5235.000 0.178
5240.000 0.183
5245.000 0.189
5250.000 0.195
5255.000 0.202
5260.000 0.211
5265.000 0.211
5270.000 0.214
5275.000 0.220
5280.000 0.220
5285.000 0.222
5290.000 0.224
5295.000 0.226
5300.000 0.227
5305.000 0.232
5310.000 0.234
5315.000 0.239
5320.000 0.238
5325.000 0.237
5330.000 0.236
5335.000 0.244
5340.000 0.243
5345.000 0.245
5350.000 0.244
5355.000 0.248
5360.000 0.248
5365.000 0.250
5370.000 0.249
5375.000 0.249
5380.000 0.250
5385.000 0.250
5390.000 0.252
5395.000 0.253
5400.000 0.254
5405.000 0.257
5410.000 0.254
5415.000 0.253
5420.000 0.255
5425.000 0.254
5430.000 0.257
5435.000 0.258
5440.000 0.261
5445.000 0.261
5450.000 0.260
5455.000 0.262
5460.000 0.262
5465.000 0.261
5470.000 0.260
5475.000 0.261
5480.000 0.261
5485.000 0.263
5490.000 0.262
5495.000 0.261
5500.000 0.264
5505.000 0.265
5510.000 0.266
5515.000 0.265
5520.000 0.270
5525.000 0.269
5530.000 0.279
5535.000 0.272
5540.000 0.270
5545.000 0.267
5550.000 0.268
5555.000 0.267
5560.000 0.265
5565.000 0.264
5570.000 0.264
5575.000 0.267
5580.000 0.264
5585.000 0.266
5590.000 0.267
5595.000 0.266
5600.000 0.268
5605.000 0.269
5610.000 0.270
5615.000 0.272
5620.000 0.275
5625.000 0.275
5630.000 0.271
5635.000 0.272
5640.000 0.273
5645.000 0.276
5650.000 0.277
5655.000 0.275
5660.000 0.275
5665.000 0.274
5670.000 0.274
5675.000 0.276
5680.000 0.276
5685.000 0.274
5690.000 0.275
5695.000 0.271
5700.000 0.275
5705.000 0.280
5710.000 0.282
5715.000 0.279
5720.000 0.275
5725.000 0.279
5730.000 0.276
5735.000 0.278
5740.000 0.279
5745.000 0.278
5750.000 0.283
5755.000 0.290
5760.000 0.288
5765.000 0.282
5770.000 0.290
5775.000 0.287
5780.000 0.288
5785.000 0.287
5790.000 0.285
5795.000 0.285
5800.000 0.283
5805.000 0.285
5810.000 0.285
5815.000 0.283
5820.000 0.282
5825.000 0.279
5830.000 0.284
5835.000 0.284
5840.000 0.285
5845.000 0.282
5850.000 0.284
5855.000 0.282
5860.000 0.287
5865.000 0.284
5870.000 0.283
5875.000 0.284
5880.000 0.284
5885.000 0.287
5890.000 0.286
5895.000 0.284
5900.000 0.287
5905.000 0.289
5910.000 0.286
5915.000 0.290
5920.000 0.290
5925.000 0.287
5930.000 0.287
5935.000 0.285
5940.000 0.292
5945.000 0.291
5950.000 0.293
5955.000 0.293
5960.000 0.287
5965.000 0.290
5970.000 0.290
5975.000 0.293
5980.000 0.294
5985.000 0.297
5990.000 0.284
5995.000 0.301
6000.000 0.297
6005.000 0.290
6010.000 0.290
6015.000 0.295
6020.000 0.304
6025.000 0.294
6030.000 0.303
6035.000 0.297
6040.000 0.303
6045.000 0.301
6050.000 0.292
6055.000 0.296
6060.000 0.291
6065.000 0.296
6070.000 0.289
6075.000 0.290
6080.000 0.293
6085.000 0.291
6090.000 0.292
6095.000 0.295
6100.000 0.291
6105.000 0.291
6110.000 0.294
6115.000 0.290
6120.000 0.294
6125.000 0.292
6130.000 0.295
6135.000 0.292
6140.000 0.294
6145.000 0.290
6150.000 0.289
6155.000 0.291
6160.000 0.291
6165.000 0.293
6170.000 0.297
6175.000 0.296
6180.000 0.292
6185.000 0.293
6190.000 0.293
6195.000 0.292
6200.000 0.295
6205.000 0.297
6210.000 0.296
6215.000 0.293
6220.000 0.295
6225.000 0.296
6230.000 0.295
6235.000 0.294
6240.000 0.300
6245.000 0.300
6250.000 0.299
6255.000 0.297
6260.000 0.300
6265.000 0.300
6270.000 0.301
6275.000 0.300
6280.000 0.302
6285.000 0.299
6290.000 0.300
6295.000 0.302
6300.000 0.299
6305.000 0.297
6310.000 0.311
6315.000 0.308
6320.000 0.309
6325.000 0.304
6330.000 0.302
6335.000 0.300
6340.000 0.305
6345.000 0.305
6350.000 0.306
6355.000 0.302
6360.000 0.306
6365.000 0.310
6370.000 0.308
6375.000 0.310
6380.000 0.307
6385.000 0.306
6390.000 0.309
6395.000 0.309
6400.000 0.310
6405.000 0.314
6410.000 0.311
6415.000 0.311
6420.000 0.313
6425.000 0.314
6430.000 0.316
6435.000 0.315
6440.000 0.319
6445.000 0.321
6450.000 0.321
6455.000 0.322
6460.000 0.323
6465.000 0.326
6470.000 0.325
6475.000 0.328
6480.000 0.331
6485.000 0.333
6490.000 0.337
6495.000 0.338
6500.000 0.344
6505.000 0.346
6510.000 0.352
6515.000 0.353
6520.000 0.360
6525.000 0.365
6530.000 0.369
6535.000 0.371
6540.000 0.378
6545.000 0.385
6550.000 0.395
6555.000 0.404
6560.000 0.411
6565.000 0.423
6570.000 0.431
6575.000 0.455
6580.000 0.462
6585.000 0.490
6590.000 0.516
6595.000 0.532
6600.000 0.582
6605.000 0.604
6610.000 0.656
6615.000 0.727
6620.000 0.775
6625.000 0.888
6630.000 0.962
6635.000 1.160
6640.000 1.456
6645.000 1.661
6650.000 2.205
6655.000 2.568
6660.000 3.490
6665.000 4.593
6670.000 5.120
6675.000 5.956
6680.000 6.150
6685.000 5.696
6690.000 4.516
6695.000 3.964
6700.000 3.076
6705.000 2.734
6710.000 2.210
6715.000 1.862
6720.000 1.738
6725.000 1.558
6730.000 1.490
6735.000 1.391
6740.000 1.336
6745.000 1.323
6750.000 1.326
6755.000 1.335
6760.000 1.356
6765.000 1.399
6770.000 1.424
6775.000 1.486
6780.000 1.530
6785.000 1.640
6790.000 1.788
6795.000 1.879
6800.000 2.134
6805.000 2.308
6810.000 2.762
6815.000 3.437
6820.000 3.877
6825.000 4.997
6830.000 5.640
6835.000 6.854
6840.000 7.474
6845.000 7.414
6850.000 6.328
6855.000 5.608
6860.000 4.220
6865.000 3.285
6870.000 2.940
6875.000 2.416
6880.000 2.225
6885.000 1.935
6890.000 1.737
6895.000 1.664
6900.000 1.539
6905.000 1.485
6910.000 1.403
6915.000 1.335
6920.000 1.304
6925.000 1.246
6930.000 1.222
6935.000 1.186
6940.000 1.154
6945.000 1.136
6950.000 1.117
6955.000 1.107
6960.000 1.088
6965.000 1.073
6970.000 1.076
6975.000 1.067
6980.000 1.067
6985.000 1.072
6990.000 1.067
6995.000 1.080
7000.000 1.078
7005.000 1.088
7010.000 1.102
7015.000 1.126
7020.000 1.125
7025.000 1.164
7030.000 1.174
7035.000 1.211
7040.000 1.253
7045.000 1.278
7050.000 1.324
7055.000 1.351
7060.000 1.418
7065.000 1.508
7070.000 1.549
7075.000 1.659
7080.000 1.726
7085.000 1.889
7090.000 2.102
7095.000 2.239
7100.000 2.588
7105.000 2.807
7110.000 3.360
7115.000 4.091
7120.000 4.514
7125.000 5.331
7130.000 5.632
7135.000 5.837
7140.000 5.272
7145.000 4.792
7150.000 3.800
7155.000 3.361
7160.000 2.650
7165.000 2.396
7170.000 1.997
7175.000 1.724
7180.000 1.623
7185.000 1.446
7190.000 1.374
7195.000 1.245
7200.000 1.138
7205.000 1.089
7210.000 1.014
7215.000 0.973
7220.000 0.912
7225.000 0.857
7230.000 0.834
7235.000 0.787
7240.000 0.768
7245.000 0.735
7250.000 0.700
7255.000 0.683
7260.000 0.653
7265.000 0.639
7270.000 0.608
7275.000 0.584
7280.000 0.572
7285.000 0.554
7290.000 0.545
7295.000 0.533
7300.000 0.523
7305.000 0.517
7310.000 0.507
7315.000 0.505
7320.000 0.506
7325.000 0.502
7330.000 0.505
7335.000 0.507
7340.000 0.509
7345.000 0.516
7350.000 0.526
7355.000 0.535
7360.000 0.552
7365.000 0.557
7370.000 0.594
7375.000 0.612
7380.000 0.619
7385.000 0.652
7390.000 0.669
7395.000 0.695
7400.000 0.738
7405.000 0.761
7410.000 0.817
7415.000 0.847
7420.000 0.936
7425.000 1.031
7430.000 1.111
7435.000 1.287
7440.000 1.404
7445.000 1.691
7450.000 2.098
7455.000 2.379
7460.000 2.954
7465.000 3.237
7470.000 3.784
7475.000 4.016
7480.000 3.886
7485.000 3.279
7490.000 2.945
7495.000 2.343
7500.000 1.888
7505.000 1.713
7510.000 1.457
7515.000 1.359
7520.000 1.200
7525.000 1.087
7530.000 1.044
7535.000 0.976
7540.000 0.944
7545.000 0.895
7550.000 0.849
7555.000 0.836
7560.000 0.802
7565.000 0.784
7570.000 0.761
7575.000 0.743
7580.000 0.733
7585.000 0.710
7590.000 0.703
7595.000 0.697
7600.000 0.683
7605.000 0.677
7610.000 0.669
7615.000 0.664
7620.000 0.660
7625.000 0.655
7630.000 0.653
7635.000 0.650
7640.000 0.654
7645.000 0.653
7650.000 0.653
7655.000 0.652
7660.000 0.656
7665.000 0.658
7670.000 0.664
7675.000 0.669
7680.000 0.672
7685.000 0.682
7690.000 0.687
7695.000 0.700
7700.000 0.718
7705.000 0.722
7710.000 0.740
7715.000 0.752
7720.000 0.777
7725.000 0.800
7730.000 0.817
7735.000 0.855
7740.000 0.876
7745.000 0.931
7750.000 0.986
7755.000 1.028
7760.000 1.108
7765.000 1.166
7770.000 1.292
7775.000 1.363
7780.000 1.517
7785.000 1.687
7790.000 1.765
7795.000 1.856
7800.000 1.815
7805.000 1.610
7810.000 1.344
7815.000 1.220
7820.000 1.007
7825.000 0.916
7830.000 0.764
7835.000 0.656
7840.000 0.607
7845.000 0.529
7850.000 0.496
7855.000 0.440
7860.000 0.395
7865.000 0.375
7870.000 0.337
7875.000 0.324
7880.000 0.300
7885.000 0.278
7890.000 0.272
7895.000 0.257
7900.000 0.251
7905.000 0.241
7910.000 0.231
7915.000 0.227
7920.000 0.221
7925.000 0.218
7930.000 0.214
7935.000 0.209
7940.000 0.207
7945.000 0.201
7950.000 0.201
7955.000 0.200
7960.000 0.197
7965.000 0.191
7970.000 0.184
7975.000 0.183
7980.000 0.178
7985.000 0.172
7990.000 0.174
7995.000 0.166
8000.000 0.154
8005.000 0.150
8010.000 0.135
8015.000 0.129
8020.000 0.107
8025.000 0.099
8030.000 0.083
8035.000 0.093
8040.000 0.102
8045.000 0.152
8050.000 0.189
8055.000 0.242
8060.000 0.286
8065.000 0.303
8070.000 0.313
8075.000 0.311
8080.000 0.308
8085.000 0.313
8090.000 0.316
8095.000 0.319
8100.000 0.319
8105.000 0.314
8110.000 0.312
8115.000 0.312
8120.000 0.308
8125.000 0.307
8130.000 0.310
8135.000 0.308
8140.000 0.309
8145.000 0.309
8150.000 0.310
8155.000 0.308
8160.000 0.306
8165.000 0.304
8170.000 0.304
8175.000 0.302
8180.000 0.303
8185.000 0.303
8190.000 0.299
8195.000 0.301
8200.000 0.300
8205.000 0.299
8210.000 0.302
8215.000 0.300
8220.000 0.299
8225.000 0.297
8230.000 0.302
8235.000 0.304
8240.000 0.300
8245.000 0.303
8250.000 0.302
8255.000 0.305
8260.000 0.305
8265.000 0.303
8270.000 0.304
8275.000 0.306
8280.000 0.304
8285.000 0.307
8290.000 0.305
8295.000 0.307
8300.000 0.305
8305.000 0.304
8310.000 0.303
8315.000 0.302
8320.000 0.306
8325.000 0.303
8330.000 0.303
8335.000 0.302
8340.000 0.304
8345.000 0.304
8350.000 0.305
8355.000 0.304
8360.000 0.303
8365.000 0.302
8370.000 0.302
8375.000 0.303
8380.000 0.305
8385.000 0.304
8390.000 0.303
8395.000 0.303
8400.000 0.303
8405.000 0.303
8410.000 0.302
8415.000 0.304
8420.000 0.305
8425.000 0.305
8430.000 0.304
8435.000 0.304
8440.000 0.303
8445.000 0.308
8450.000 0.306
8455.000 0.304
8460.000 0.304
8465.000 0.306
8470.000 0.305
8475.000 0.306
8480.000 0.305
8485.000 0.305
8490.000 0.301
8495.000 0.303
8500.000 0.302
8505.000 0.303
8510.000 0.302
8515.000 0.303
8520.000 0.304
8525.000 0.304
8530.000 0.304
8535.000 0.309
8540.000 0.305
8545.000 0.305
8550.000 0.306
8555.000 0.309
8560.000 0.307
8565.000 0.308
8570.000 0.308
8575.000 0.308
8580.000 0.308
8585.000 0.307
8590.000 0.307
8595.000 0.308
8600.000 0.307
8605.000 0.308
8610.000 0.311
8615.000 0.307
8620.000 0.308
8625.000 0.306
8630.000 0.305
8635.000 0.306
8640.000 0.306
8645.000 0.307
8650.000 0.308
8655.000 0.309
8660.000 0.310
8665.000 0.310
8670.000 0.309
8675.000 0.308
8680.000 0.311
8685.000 0.310
8690.000 0.308
8695.000 0.312
8700.000 0.311
8705.000 0.308
8710.000 0.309
8715.000 0.310
8720.000 0.310
8725.000 0.310
8730.000 0.311
8735.000 0.309
8740.000 0.310
8745.000 0.311
8750.000 0.312
8755.000 0.313
8760.000 0.311
8765.000 0.313
8770.000 0.311
8775.000 0.314
8780.000 0.313
8785.000 0.308
8790.000 0.309
8795.000 0.311
8800.000 0.313
8805.000 0.316
8810.000 0.314
8815.000 0.313
8820.000 0.305
8825.000 0.300
8830.000 0.322
8835.000 0.321
8840.000 0.311
8845.000 0.314
8850.000 0.314
8855.000 0.313
8860.000 0.318
8865.000 0.312
8870.000 0.316
8875.000 0.314
8880.000 0.315
8885.000 0.316
8890.000 0.316
8895.000 0.316
8900.000 0.316
8905.000 0.316
8910.000 0.315
8915.000 0.321
8920.000 0.320
8925.000 0.317
8930.000 0.319
8935.000 0.319
8940.000 0.315
8945.000 0.318
8950.000 0.313
8955.000 0.314
8960.000 0.317
8965.000 0.320
8970.000 0.316
8975.000 0.311
8980.000 0.311
8985.000 0.309
8990.000 0.319
8995.000 0.313
9000.000 0.314
9005.000 0.313
9010.000 0.315
9015.000 0.309
9020.000 0.313
9025.000 0.312
9030.000 0.313
9035.000 0.319
9040.000 0.320
9045.000 0.320
9050.000 0.314
9055.000 0.323
9060.000 0.314
9065.000 0.315
9070.000 0.312
9075.000 0.314
9080.000 0.318
9085.000 0.318
9090.000 0.318
9095.000 0.319
9100.000 0.318
9105.000 0.316
9110.000 0.318
9115.000 0.320
9120.000 0.318
9125.000 0.318
9130.000 0.319
9135.000 0.320
9140.000 0.320
9145.000 0.320
9150.000 0.319
9155.000 0.318
9160.000 0.318
9165.000 0.316
9170.000 0.318
9175.000 0.315
9180.000 0.316
9185.000 0.314
9190.000 0.316
9195.000 0.319
9200.000 0.317
9205.000 0.317
9210.000 0.318
9215.000 0.318
9220.000 0.318
9225.000 0.321
9230.000 0.319
9235.000 0.324
9240.000 0.320
9245.000 0.320
9250.000 0.319
9255.000 0.316
9260.000 0.321
9265.000 0.320
9270.000 0.323
9275.000 0.319
9280.000 0.321
9285.000 0.319
9290.000 0.325
9295.000 0.326
9300.000 0.327
9305.000 0.325
9310.000 0.326
9315.000 0.324
9320.000 0.321
9325.000 0.322
9330.000 0.322
9335.000 0.320
9340.000 0.322
9345.000 0.324
9350.000 0.328
9355.000 0.323
9360.000 0.323
9365.000 0.324
9370.000 0.322
9375.000 0.323
9380.000 0.322
9385.000 0.324
9390.000 0.322
9395.000 0.321
9400.000 0.320
9405.000 0.322
9410.000 0.320
9415.000 0.322
9420.000 0.321
9425.000 0.320
9430.000 0.320
9435.000 0.323
9440.000 0.321
9445.000 0.320
9450.000 0.320
9455.000 0.321
9460.000 0.321
9465.000 0.323
9470.000 0.323
9475.000 0.321
9480.000 0.320
9485.000 0.321
9490.000 0.320
9495.000 0.319
9500.000 0.331
9505.000 0.477
9510.000 0.477
9515.000 0.466
9520.000 0.447
9525.000 0.406
9530.000 0.377
9535.000 0.358
9540.000 0.341
9545.000 0.335
9550.000 0.327
9555.000 0.323
9560.000 0.320
9565.000 0.320
9570.000 0.320
9575.000 0.324
9580.000 0.322
9585.000 0.322
9590.000 0.320
9595.000 0.319
9600.000 0.320
9605.000 0.324
9610.000 0.323
9615.000 0.325
9620.000 0.326
9625.000 0.326
9630.000 0.327
9635.000 0.325
9640.000 0.326
9645.000 0.325
9650.000 0.324
9655.000 0.322
9660.000 0.325
9665.000 0.324
9670.000 0.324
9675.000 0.325
9680.000 0.326
9685.000 0.327
9690.000 0.326
9695.000 0.327
9700.000 0.326
9705.000 0.327
9710.000 0.331
9715.000 0.330
9720.000 0.330
9725.000 0.332
9730.000 0.330
9735.000 0.331
9740.000 0.331
9745.000 0.333
9750.000 0.334
9755.000 0.335
9760.000 0.338
9765.000 0.341
9770.000 0.340
9775.000 0.342
9780.000 0.342
9785.000 0.345
9790.000 0.349
9795.000 0.354
9800.000 0.357
9805.000 0.355
9810.000 0.359
9815.000 0.364
9820.000 0.364
9825.000 0.365
9830.000 0.365
9835.000 0.375
9840.000 0.379
9845.000 0.379
9850.000 0.384
9855.000 0.390
9860.000 0.397
9865.000 0.399
9870.000 0.408
9875.000 0.421
9880.000 0.428
9885.000 0.442
9890.000 0.452
9895.000 0.473
9900.000 0.529
9905.000 0.543
9910.000 0.579
9915.000 0.597
9920.000 0.653
9925.000 0.712
9930.000 0.753
9935.000 0.855
9940.000 0.906
9945.000 0.967
9950.000 0.919
9955.000 0.854
9960.000 0.681
9965.000 0.601
9970.000 0.463
9975.000 0.367
9980.000 0.329
9985.000 0.265
9990.000 0.238
9995.000 0.209
10000.000 0.181
10005.000 0.175
10010.000 0.167
10015.000 0.164
10020.000 0.158
10025.000 0.167
10030.000 0.175
10035.000 0.191
10040.000 0.207
10045.000 0.239
10050.000 0.277
10055.000 0.307
10060.000 0.386
10065.000 0.442
10070.000 0.587
10075.000 0.811
10080.000 0.957
10085.000 1.323
10090.000 1.540
10095.000 2.003
10100.000 2.479
10105.000 2.696
10110.000 3.018
10115.000 3.091
10120.000 3.025
10125.000 2.757
10130.000 2.565
10135.000 2.201
10140.000 2.029
10145.000 1.708
10150.000 1.450
10155.000 1.345
10160.000 1.169
10165.000 1.096
10170.000 0.978
10175.000 0.892
10180.000 0.858
10185.000 0.814
10190.000 0.801
10195.000 0.783
10200.000 0.767
10205.000 0.760
10210.000 0.751
10215.000 0.750
10220.000 0.741
10225.000 0.736
10230.000 0.734
10235.000 0.737
10240.000 0.738
10245.000 0.738
10250.000 0.740
10255.000 0.749
10260.000 0.752
10265.000 0.760
10270.000 0.775
10275.000 0.802
10280.000 0.812
10285.000 0.833
10290.000 0.851
10295.000 0.883
10300.000 0.918
10305.000 0.942
10310.000 0.990
10315.000 1.016
10320.000 1.085
10325.000 1.156
10330.000 1.201
10335.000 1.298
10340.000 1.351
10345.000 1.464
10350.000 1.568
10355.000 1.603
10360.000 1.610
10365.000 1.590
10370.000 1.471
10375.000 1.275
10380.000 1.171
10385.000 0.976
10390.000 0.898
10395.000 0.734
10400.000 0.611
10405.000 0.558
10410.000 0.468
10415.000 0.429
10420.000 0.364
10425.000 0.309
10430.000 0.283
10435.000 0.241
10440.000 0.225
10445.000 0.187
10450.000 0.174
10455.000 0.145
10460.000 0.123
10465.000 0.112
10470.000 0.096
10475.000 0.089
10480.000 0.076
10485.000 0.066
10490.000 0.061
10495.000 0.053
10500.000 0.049
10505.000 0.042
10510.000 0.037
10515.000 0.034
10520.000 0.030
10525.000 0.029
10530.000 0.026
10535.000 0.023
10540.000 0.021
10545.000 0.024
10550.000 0.024
10555.000 0.029
10560.000 0.036
10565.000 0.041
10570.000 0.055
10575.000 0.063
10580.000 0.083
10585.000 0.105
10590.000 0.118
10595.000 0.155
10600.000 0.177
10605.000 0.238
10610.000 0.324
10615.000 0.383
10620.000 0.520
10625.000 0.602
10630.000 0.794
10635.000 1.016
10640.000 1.147
10645.000 1.433
10650.000 1.583
10655.000 1.877
10660.000 2.117
10665.000 2.205
10670.000 2.259
10675.000 2.225
10680.000 2.103
10685.000 1.954
10690.000 1.855
10695.000 1.679
10700.000 1.594
10705.000 1.442
10710.000 1.309
10715.000 1.254
10720.000 1.139
10725.000 1.083
10730.000 0.990
10735.000 0.904
10740.000 0.865
10745.000 0.792
10750.000 0.763
10755.000 0.709
10760.000 0.664
10765.000 0.643
10770.000 0.610
10775.000 0.598
10780.000 0.582
10785.000 0.570
10790.000 0.565
10795.000 0.567
10800.000 0.563
10805.000 0.559
10810.000 0.558
10815.000 0.555
10820.000 0.554
10825.000 0.554
10830.000 0.553
10835.000 0.554
10840.000 0.554
10845.000 0.556
10850.000 0.554
10855.000 0.558
10860.000 0.563
10865.000 0.565
10870.000 0.569
10875.000 0.574
10880.000 0.583
10885.000 0.594
10890.000 0.603
10895.000 0.623
10900.000 0.631
10905.000 0.652
10910.000 0.673
10915.000 0.684
10920.000 0.707
10925.000 0.718
10930.000 0.743
10935.000 0.753
10940.000 0.746
10945.000 0.717
10950.000 0.691
10955.000 0.606
10960.000 0.505
10965.000 0.454
10970.000 0.366
10975.000 0.331
10980.000 0.271
10985.000 0.220
10990.000 0.199
10995.000 0.167
11000.000 0.161
11005.000 0.142
11010.000 0.136
11015.000 0.137
11020.000 0.137
11025.000 0.139
11030.000 0.151
11035.000 0.148
11040.000 0.163
11045.000 0.168
11050.000 0.167
11055.000 0.171
11060.000 0.172
11065.000 0.176
11070.000 0.177
11075.000 0.178
11080.000 0.179
11085.000 0.183
11090.000 0.181
11095.000 0.179
11100.000 0.179
11105.000 0.179
11110.000 0.179
11115.000 0.177
11120.000 0.177
11125.000 0.178
11130.000 0.180
11135.000 0.182
11140.000 0.195
11145.000 0.213
11150.000 0.226
11155.000 0.267
11160.000 0.295
11165.000 0.354
11170.000 0.410
11175.000 0.426
11180.000 0.445
11185.000 0.442
11190.000 0.433
11195.000 0.411
11200.000 0.403
11205.000 0.382
11210.000 0.375
11215.000 0.365
11220.000 0.362
11225.000 0.357
11230.000 0.351
11235.000 0.350
11240.000 0.348
11245.000 0.340
11250.000 0.338
11255.000 0.335
11260.000 0.334
11265.000 0.333
11270.000 0.332
11275.000 0.330
11280.000 0.327
11285.000 0.326
11290.000 0.325
11295.000 0.328
11300.000 0.326
11305.000 0.323
11310.000 0.322
11315.000 0.323
11320.000 0.322
11325.000 0.323
11330.000 0.322
11335.000 0.320
11340.000 0.323
11345.000 0.323
11350.000 0.321
11355.000 0.319
11360.000 0.319
11365.000 0.318
11370.000 0.318
11375.000 0.317
11380.000 0.318
11385.000 0.316
11390.000 0.318
11395.000 0.313
11400.000 0.313
11405.000 0.314
11410.000 0.317
11415.000 0.314
11420.000 0.310
11425.000 0.313
11430.000 0.314
11435.000 0.310
11440.000 0.313
11445.000 0.312
11450.000 0.312
11455.000 0.309
11460.000 0.309
11465.000 0.309
11470.000 0.309
11475.000 0.307
11480.000 0.311
11485.000 0.311
11490.000 0.310
11495.000 0.312
11500.000 0.309
11505.000 0.312
11510.000 0.310
11515.000 0.313
11520.000 0.312
11525.000 0.311
11530.000 0.311
11535.000 0.312
11540.000 0.311
11545.000 0.309
11550.000 0.310
11555.000 0.308
11560.000 0.308
11565.000 0.311
11570.000 0.310
11575.000 0.309
11580.000 0.311
11585.000 0.311
11590.000 0.310
11595.000 0.306
11600.000 0.307
11605.000 0.308
11610.000 0.309
11615.000 0.309
11620.000 0.310
11625.000 0.308
11630.000 0.307
11635.000 0.309
11640.000 0.308
11645.000 0.311
11650.000 0.310
11655.000 0.307
11660.000 0.304
11665.000 0.303
11670.000 0.306
11675.000 0.301
11680.000 0.306
11685.000 0.308
11690.000 0.306
11695.000 0.308
11700.000 0.309
11705.000 0.306
11710.000 0.302
11715.000 0.305
11720.000 0.306
11725.000 0.307
11730.000 0.310
11735.000 0.305
11740.000 0.309
11745.000 0.305
11750.000 0.305
11755.000 0.305
11760.000 0.301
11765.000 0.302
11770.000 0.305
11775.000 0.303
11780.000 0.303
11785.000 0.304
11790.000 0.304
11795.000 0.300
11800.000 0.299
11805.000 0.304
11810.000 0.301
11815.000 0.300
11820.000 0.303
11825.000 0.300
11830.000 0.302
11835.000 0.302
11840.000 0.302
11845.000 0.303
11850.000 0.300
11855.000 0.299
11860.000 0.299
11865.000 0.298
11870.000 0.298
11875.000 0.302
11880.000 0.301
11885.000 0.298
11890.000 0.299
11895.000 0.301
11900.000 0.299
11905.000 0.302
11910.000 0.301
11915.000 0.299
11920.000 0.299
11925.000 0.299
11930.000 0.298
11935.000 0.298
11940.000 0.297
11945.000 0.299
11950.000 0.301
11955.000 0.298
11960.000 0.299
11965.000 0.301
11970.000 0.299
11975.000 0.300
11980.000 0.298
11985.000 0.296
11990.000 0.298
11995.000 0.299
12000.000 0.300
