105.000 0.029
110.000 0.570
115.000 0.887
120.000 1.107
125.000 1.170
130.000 1.307
135.000 1.395
140.000 1.422
145.000 1.436
150.000 1.441
155.000 1.430
160.000 1.452
165.000 1.447
170.000 1.539
175.000 1.593
180.000 1.644
185.000 1.807
190.000 1.875
195.000 2.095
200.000 2.266
205.000 2.909
210.000 3.494
215.000 3.791
220.000 4.719
225.000 5.574
230.000 8.834
235.000 9.460
240.000 14.086
245.000 17.811
250.000 21.114
255.000 24.630
260.000 26.074
265.000 25.828
270.000 21.254
275.000 19.099
280.000 14.975
285.000 12.985
290.000 10.989
295.000 8.971
300.000 8.107
305.000 6.992
310.000 6.700
315.000 5.957
320.000 5.541
325.000 5.268
330.000 5.056
335.000 5.053
340.000 5.001
345.000 5.030
350.000 5.128
355.000 5.300
360.000 5.652
365.000 5.894
370.000 6.403
375.000 6.683
380.000 7.460
385.000 8.691
390.000 10.298
395.000 10.953
400.000 11.308
405.000 12.822
410.000 14.820
415.000 15.240
420.000 17.932
425.000 19.006
430.000 20.912
435.000 22.710
440.000 22.877
445.000 25.988
450.000 25.989
455.000 28.065
460.000 29.007
465.000 30.663
470.000 32.543
475.000 33.533
480.000 35.863
485.000 39.106
490.000 41.319
495.000 44.539
500.000 46.986
505.000 48.510
510.000 44.991
515.000 39.758
520.000 30.392
525.000 26.233
530.000 20.606
535.000 18.258
540.000 14.339
545.000 11.139
550.000 9.857
555.000 8.011
560.000 7.212
565.000 5.797
570.000 4.770
575.000 4.397
580.000 3.727
585.000 3.481
590.000 3.060
595.000 2.675
600.000 2.574
605.000 2.313
610.000 2.218
615.000 2.035
620.000 1.904
625.000 1.831
630.000 1.825
635.000 1.707
640.000 1.739
645.000 1.618
650.000 1.564
655.000 1.562
660.000 1.529
665.000 1.530
670.000 1.498
675.000 1.493
680.000 1.568
685.000 1.574
690.000 1.642
695.000 1.854
700.000 1.890
705.000 1.965
710.000 2.101
715.000 2.398
720.000 2.915
725.000 3.303
730.000 4.379
735.000 4.878
740.000 5.767
745.000 5.690
750.000 5.240
755.000 3.995
760.000 3.386
765.000 2.427
770.000 1.928
775.000 1.615
780.000 1.273
785.000 1.151
790.000 0.920
795.000 0.780
800.000 0.708
805.000 0.615
810.000 0.577
815.000 0.528
820.000 0.498
825.000 0.452
830.000 0.408
835.000 0.387
840.000 0.358
845.000 0.342
850.000 0.321
855.000 0.287
860.000 0.303
865.000 0.273
870.000 0.263
875.000 0.247
880.000 0.238
885.000 0.232
890.000 0.226
895.000 0.221
900.000 0.216
905.000 0.207
910.000 0.234
915.000 0.212
920.000 0.218
925.000 0.217
930.000 0.215
935.000 0.212
940.000 0.217
945.000 0.218
950.000 0.229
955.000 0.231
960.000 0.242
965.000 0.256
970.000 0.264
975.000 0.300
980.000 0.346
985.000 0.367
990.000 0.442
995.000 0.490
1000.000 0.614
1005.000 0.817
1010.000 0.955
1015.000 1.347
1020.000 1.602
1025.000 1.988
1030.000 1.667
1035.000 1.389
1040.000 1.034
1045.000 0.917
1050.000 0.749
1055.000 0.644
1060.000 0.604
1065.000 0.545
1070.000 0.520
1075.000 0.481
1080.000 0.453
1085.000 0.444
1090.000 0.423
1095.000 0.417
1100.000 0.407
1105.000 0.400
1110.000 0.397
1115.000 0.397
1120.000 0.396
1125.000 0.399
1130.000 0.403
1135.000 0.409
1140.000 0.422
1145.000 0.428
1150.000 0.449
1155.000 0.461
1160.000 0.494
1165.000 0.519
1170.000 0.537
1175.000 0.587
1180.000 0.654
1185.000 0.727
1190.000 0.822
1195.000 0.876
1200.000 1.063
1205.000 1.460
1210.000 1.682
1215.000 2.333
1220.000 2.748
1225.000 3.044
1230.000 2.910
1235.000 2.558
1240.000 1.868
1245.000 1.671
1250.000 1.247
1255.000 0.992
1260.000 0.919
1265.000 0.746
1270.000 0.695
1275.000 0.605
1280.000 0.538
1285.000 0.516
1290.000 0.453
1295.000 0.437
1300.000 0.412
1305.000 0.392
1310.000 0.379
1315.000 0.362
1320.000 0.355
1325.000 0.350
1330.000 0.343
1335.000 0.345
1340.000 0.346
1345.000 0.348
1350.000 0.359
1355.000 0.374
1360.000 0.385
1365.000 0.406
1370.000 0.416
1375.000 0.463
1380.000 0.525
1385.000 0.530
1390.000 0.622
1395.000 0.650
1400.000 0.762
1405.000 0.887
1410.000 0.975
1415.000 1.229
1420.000 1.418
1425.000 1.952
1430.000 2.353
1435.000 3.380
1440.000 4.729
1445.000 5.354
1450.000 5.364
1455.000 4.791
1460.000 3.407
1465.000 2.428
1470.000 2.094
1475.000 1.622
1480.000 1.452
1485.000 1.211
1490.000 1.038
1495.000 0.974
1500.000 0.874
1505.000 0.843
1510.000 0.795
1515.000 0.760
1520.000 0.744
1525.000 0.727
1530.000 0.716
1535.000 0.720
1540.000 0.711
1545.000 0.705
1550.000 0.707
1555.000 0.710
1560.000 0.753
1565.000 0.755
1570.000 0.763
1575.000 0.803
1580.000 0.812
1585.000 1.050
1590.000 1.066
1595.000 1.064
1600.000 1.183
1605.000 1.208
1610.000 1.328
1615.000 1.555
1620.000 1.718
1625.000 2.180
1630.000 2.502
1635.000 3.214
1640.000 3.430
1645.000 3.092
1650.000 2.023
1655.000 1.591
1660.000 1.042
1665.000 0.741
1670.000 0.642
1675.000 0.494
1680.000 0.455
1685.000 0.396
1690.000 0.363
1695.000 0.347
1700.000 0.324
1705.000 0.312
1710.000 0.298
1715.000 0.281
1720.000 0.271
1725.000 0.260
1730.000 0.252
1735.000 0.237
1740.000 0.228
1745.000 0.221
1750.000 0.210
1755.000 0.204
1760.000 0.194
1765.000 0.186
1770.000 0.183
1775.000 0.173
1780.000 0.168
1785.000 0.159
1790.000 0.152
1795.000 0.152
1800.000 0.145
1805.000 0.144
1810.000 0.139
1815.000 0.172
1820.000 0.173
1825.000 0.154
1830.000 0.147
1835.000 0.136
1840.000 0.125
1845.000 0.123
1850.000 0.118
1855.000 0.111
1860.000 0.105
1865.000 0.101
1870.000 0.099
1875.000 0.094
1880.000 0.090
1885.000 0.086
1890.000 0.082
1895.000 0.081
1900.000 0.078
1905.000 0.075
1910.000 0.075
1915.000 0.070
1920.000 0.068
1925.000 0.064
1930.000 0.061
1935.000 0.056
1940.000 0.056
1945.000 0.054
1950.000 0.051
1955.000 0.052
1960.000 0.043
1965.000 0.038
1970.000 0.039
1975.000 0.039
1980.000 0.035
1985.000 0.029
1990.000 0.025
1995.000 0.019
2000.000 0.012
2005.000 0.014
2010.000 0.009
2015.000 0.006
2020.000 0.015
2025.000 0.017
2030.000 0.021
2035.000 0.026
2040.000 0.028
2045.000 0.035
2050.000 0.054
2055.000 0.060
2060.000 0.072
2065.000 0.079
2070.000 0.088
2075.000 0.098
2080.000 0.099
2085.000 0.110
2090.000 0.117
2095.000 0.127
2100.000 0.139
2105.000 0.145
2110.000 0.165
2115.000 0.174
2120.000 0.203
2125.000 0.239
2130.000 0.254
2135.000 0.283
2140.000 0.302
2145.000 0.337
2150.000 0.381
2155.000 0.404
2160.000 0.455
2165.000 0.485
2170.000 0.573
2175.000 0.649
2180.000 0.695
2185.000 0.798
2190.000 0.860
2195.000 1.004
2200.000 1.184
2205.000 1.288
2210.000 1.538
2215.000 1.688
2220.000 2.034
2225.000 2.480
2230.000 2.753
2235.000 3.385
2240.000 3.769
2245.000 4.708
2250.000 5.935
2255.000 6.732
2260.000 8.819
2265.000 10.161
2270.000 13.478
2275.000 16.860
2280.000 18.344
2285.000 19.957
2290.000 19.972
2295.000 18.856
2300.000 16.764
2305.000 15.862
2310.000 14.489
2315.000 13.949
2320.000 13.076
2325.000 12.684
2330.000 12.600
2335.000 12.697
2340.000 12.819
2345.000 13.673
2350.000 14.458
2355.000 15.037
2360.000 16.096
2365.000 16.796
2370.000 18.230
2375.000 18.495
2380.000 18.373
2385.000 16.580
2390.000 15.299
2395.000 12.003
2400.000 9.266
2405.000 8.150
2410.000 6.439
2415.000 5.795
2420.000 4.939
2425.000 4.234
2430.000 3.950
2435.000 3.503
2440.000 3.331
2445.000 3.361
2450.000 3.202
2455.000 3.183
2460.000 3.129
2465.000 3.067
2470.000 2.959
2475.000 2.907
2480.000 2.890
2485.000 2.887
2490.000 2.901
2495.000 2.959
2500.000 3.064
2505.000 3.137
2510.000 3.581
2515.000 3.831
2520.000 4.106
2525.000 4.592
2530.000 4.974
2535.000 5.869
2540.000 6.464
2545.000 8.113
2550.000 10.190
2555.000 11.283
2560.000 12.334
2565.000 12.050
2570.000 10.292
2575.000 7.817
2580.000 6.788
2585.000 5.209
2590.000 4.626
2595.000 3.714
2600.000 3.608
2605.000 3.124
2610.000 2.790
2615.000 2.648
2620.000 2.410
2625.000 2.310
2630.000 2.130
2635.000 2.026
2640.000 1.972
2645.000 1.894
2650.000 1.858
2655.000 1.790
2660.000 1.736
2665.000 1.718
2670.000 1.697
2675.000 1.688
2680.000 1.688
2685.000 1.698
2690.000 1.710
2695.000 1.804
2700.000 1.830
2705.000 1.902
2710.000 1.988
2715.000 2.045
2720.000 2.191
2725.000 2.284
2730.000 2.538
2735.000 2.933
2740.000 3.206
2745.000 3.944
2750.000 4.417
2755.000 5.379
2760.000 5.683
2765.000 5.378
2770.000 4.258
2775.000 3.660
2780.000 2.689
2785.000 2.028
2790.000 1.792
2795.000 1.457
2800.000 1.331
2805.000 1.112
2810.000 0.942
2815.000 0.873
2820.000 0.762
2825.000 0.718
2830.000 0.677
2835.000 0.620
2840.000 0.594
2845.000 0.544
2850.000 0.519
2855.000 0.479
2860.000 0.451
2865.000 0.441
2870.000 0.417
2875.000 0.406
2880.000 0.390
2885.000 0.378
2890.000 0.380
2895.000 0.372
2900.000 0.387
2905.000 0.386
2910.000 0.380
2915.000 0.378
2920.000 0.373
2925.000 0.371
2930.000 0.371
2935.000 0.378
2940.000 0.382
2945.000 0.413
2950.000 0.412
2955.000 0.425
2960.000 0.436
2965.000 0.440
2970.000 0.454
2975.000 0.464
2980.000 0.483
2985.000 0.510
2990.000 0.514
2995.000 0.551
3000.000 0.588
3005.000 0.671
3010.000 0.736
3015.000 0.775
3020.000 0.899
3025.000 0.966
3030.000 1.190
3035.000 1.537
3040.000 1.773
3045.000 2.503
3050.000 3.033
3055.000 4.446
3060.000 6.124
3065.000 7.055
3070.000 8.773
3075.000 9.372
3080.000 9.328
3085.000 7.794
3090.000 6.649
3095.000 4.861
3100.000 4.189
3105.000 3.232
3110.000 2.569
3115.000 2.328
3120.000 1.986
3125.000 1.855
3130.000 1.665
3135.000 1.617
3140.000 1.579
3145.000 1.548
3150.000 1.542
3155.000 1.553
3160.000 1.657
3165.000 1.720
3170.000 1.795
3175.000 1.839
3180.000 2.022
3185.000 2.249
3190.000 2.457
3195.000 3.028
3200.000 3.421
3205.000 4.389
3210.000 4.890
3215.000 5.420
3220.000 4.744
3225.000 4.253
3230.000 3.136
3235.000 2.648
3240.000 1.965
3245.000 1.541
3250.000 1.375
3255.000 1.155
3260.000 1.075
3265.000 0.935
3270.000 0.823
3275.000 0.780
3280.000 0.710
3285.000 0.689
3290.000 0.647
3295.000 0.621
3300.000 0.610
3305.000 0.594
3310.000 0.613
3315.000 0.634
3320.000 0.635
3325.000 0.636
3330.000 0.653
3335.000 0.666
3340.000 0.711
3345.000 0.779
3350.000 0.827
3355.000 0.963
3360.000 1.066
3365.000 1.365
3370.000 1.873
3375.000 2.183
3380.000 2.960
3385.000 3.412
3390.000 3.813
3395.000 3.231
3400.000 2.764
3405.000 2.027
3410.000 1.712
3415.000 1.280
3420.000 1.005
3425.000 0.909
3430.000 0.764
3435.000 0.714
3440.000 0.634
3445.000 0.576
3450.000 0.552
3455.000 0.511
3460.000 0.497
3465.000 0.471
3470.000 0.451
3475.000 0.445
3480.000 0.432
3485.000 0.429
3490.000 0.424
3495.000 0.425
3500.000 0.427
3505.000 0.432
3510.000 0.433
3515.000 0.433
3520.000 0.426
3525.000 0.371
3530.000 0.267
3535.000 0.206
3540.000 0.118
3545.000 0.098
3550.000 0.099
3555.000 0.117
3560.000 0.122
3565.000 0.143
3570.000 0.153
3575.000 0.161
3580.000 0.171
3585.000 0.173
3590.000 0.180
3595.000 0.185
3600.000 0.195
3605.000 0.200
3610.000 0.199
3615.000 0.201
3620.000 0.202
3625.000 0.205
3630.000 0.210
3635.000 0.212
3640.000 0.212
3645.000 0.211
3650.000 0.210
3655.000 0.215
3660.000 0.219
3665.000 0.219
3670.000 0.219
3675.000 0.222
3680.000 0.220
3685.000 0.225
3690.000 0.225
3695.000 0.225
3700.000 0.226
3705.000 0.224
3710.000 0.220
3715.000 0.217
3720.000 0.222
3725.000 0.218
3730.000 0.224
3735.000 0.226
3740.000 0.225
3745.000 0.225
3750.000 0.224
3755.000 0.223
3760.000 0.227
3765.000 0.230
3770.000 0.237
3775.000 0.235
3780.000 0.232
3785.000 0.234
3790.000 0.228
3795.000 0.229
3800.000 0.226
3805.000 0.230
3810.000 0.227
3815.000 0.228
3820.000 0.230
3825.000 0.230
3830.000 0.230
3835.000 0.232
3840.000 0.231
3845.000 0.232
3850.000 0.231
3855.000 0.237
3860.000 0.240
3865.000 0.237
3870.000 0.237
3875.000 0.234
3880.000 0.234
3885.000 0.234
3890.000 0.239
3895.000 0.240
3900.000 0.240
3905.000 0.233
3910.000 0.232
3915.000 0.239
3920.000 0.237
3925.000 0.236
3930.000 0.239
3935.000 0.238
3940.000 0.236
3945.000 0.237
3950.000 0.239
3955.000 0.238
3960.000 0.244
3965.000 0.244
3970.000 0.245
3975.000 0.241
3980.000 0.248
3985.000 0.244
3990.000 0.255
3995.000 0.244
4000.000 0.245
4005.000 0.249
4010.000 0.249
4015.000 0.248
4020.000 0.247
4025.000 0.253
4030.000 0.247
4035.000 0.257
4040.000 0.253
4045.000 0.251
4050.000 0.259
4055.000 0.256
4060.000 0.255
4065.000 0.250
4070.000 0.254
4075.000 0.255
4080.000 0.252
4085.000 0.254
4090.000 0.252
4095.000 0.254
4100.000 0.254
4105.000 0.252
4110.000 0.253
4115.000 0.254
4120.000 0.254
4125.000 0.255
4130.000 0.256
4135.000 0.255
4140.000 0.257
4145.000 0.256
4150.000 0.255
4155.000 0.253
4160.000 0.252
4165.000 0.252
4170.000 0.254
4175.000 0.255
4180.000 0.254
4185.000 0.252
4190.000 0.261
4195.000 0.264
4200.000 0.264
4205.000 0.263
4210.000 0.261
4215.000 0.258
4220.000 0.257
4225.000 0.256
4230.000 0.257
4235.000 0.255
4240.000 0.257
4245.000 0.258
4250.000 0.258
4255.000 0.256
4260.000 0.257
4265.000 0.258
4270.000 0.257
4275.000 0.258
4280.000 0.260
4285.000 0.257
4290.000 0.256
4295.000 0.264
4300.000 0.265
4305.000 0.260
4310.000 0.258
4315.000 0.261
4320.000 0.260
4325.000 0.265
4330.000 0.265
4335.000 0.264
4340.000 0.268
4345.000 0.269
4350.000 0.268
4355.000 0.265
4360.000 0.264
4365.000 0.264
4370.000 0.261
4375.000 0.259
4380.000 0.260
4385.000 0.262
4390.000 0.262
4395.000 0.264
4400.000 0.266
4405.000 0.265
4410.000 0.266
4415.000 0.264
4420.000 0.261
4425.000 0.262
4430.000 0.265
4435.000 0.260
4440.000 0.255
4445.000 0.256
4450.000 0.253
4455.000 0.254
4460.000 0.254
4465.000 0.261
4470.000 0.263
4475.000 0.266
4480.000 0.267
4485.000 0.278
4490.000 0.299
4495.000 0.319
4500.000 0.383
4505.000 0.437
4510.000 0.629
4515.000 1.040
4520.000 1.395
4525.000 2.407
4530.000 3.027
4535.000 3.957
4540.000 4.210
4545.000 4.094
4550.000 3.811
4555.000 3.711
4560.000 3.637
4565.000 3.719
4570.000 3.840
4575.000 4.227
4580.000 4.479
4585.000 5.041
4590.000 5.474
4595.000 5.492
4600.000 4.770
4605.000 4.110
4610.000 2.881
4615.000 2.047
4620.000 1.757
4625.000 1.328
4630.000 1.197
4635.000 1.005
4640.000 0.890
4645.000 0.851
4650.000 0.807
4655.000 0.807
4660.000 0.850
4665.000 0.894
4670.000 0.932
4675.000 1.025
4680.000 1.089
4685.000 1.284
4690.000 1.421
4695.000 1.830
4700.000 2.476
4705.000 2.904
4710.000 4.026
4715.000 4.604
4720.000 5.584
4725.000 5.695
4730.000 5.279
4735.000 3.999
4740.000 3.452
4745.000 2.564
4750.000 1.970
4755.000 1.761
4760.000 1.462
4765.000 1.338
4770.000 1.133
4775.000 1.013
4780.000 0.988
4785.000 0.917
4790.000 0.887
4795.000 0.844
4800.000 0.811
4805.000 0.809
4810.000 0.815
4815.000 0.837
4820.000 0.856
4825.000 0.864
4830.000 0.868
4835.000 0.879
4840.000 0.893
4845.000 0.942
4850.000 1.016
4855.000 1.062
4860.000 1.192
4865.000 1.271
4870.000 1.396
4875.000 1.331
4880.000 1.225
4885.000 0.943
4890.000 0.804
4895.000 0.606
4900.000 0.453
4905.000 0.391
4910.000 0.300
4915.000 0.255
4920.000 0.197
4925.000 0.151
4930.000 0.136
4935.000 0.111
4940.000 0.099
4945.000 0.078
4950.000 0.065
4955.000 0.063
4960.000 0.051
4965.000 0.054
4970.000 0.043
4975.000 0.038
4980.000 0.037
4985.000 0.039
4990.000 0.030
4995.000 0.036
5000.000 0.030
5005.000 0.039
5010.000 0.043
5015.000 0.047
5020.000 0.049
5025.000 0.064
5030.000 0.066
5035.000 0.084
5040.000 0.092
5045.000 0.108
5050.000 0.125
5055.000 0.135
5060.000 0.160
5065.000 0.184
5070.000 0.219
5075.000 0.279
5080.000 0.311
5085.000 0.399
5090.000 0.457
5095.000 0.614
5100.000 0.837
5105.000 1.000
5110.000 1.283
5115.000 1.463
5120.000 1.806
5125.000 2.203
5130.000 2.443
5135.000 2.970
5140.000 3.282
5145.000 4.103
5150.000 5.077
5155.000 5.675
5160.000 7.109
5165.000 7.950
5170.000 10.024
5175.000 11.780
5180.000 12.235
5185.000 11.796
5190.000 11.057
5195.000 9.526
5200.000 8.385
5205.000 7.887
5210.000 7.117
5215.000 6.831
5220.000 6.428
5225.000 6.199
5230.000 6.132
5235.000 6.092
5240.000 6.126
5245.000 6.296
5250.000 6.637
5255.000 6.997
5260.000 7.677
5265.000 8.059
5270.000 9.120
5275.000 9.621
5280.000 10.627
5285.000 10.585
5290.000 10.035
5295.000 7.948
5300.000 6.785
5305.000 4.915
5310.000 3.620
5315.000 3.151
5320.000 2.480
5325.000 2.269
5330.000 1.900
5335.000 1.635
5340.000 1.541
5345.000 1.403
5350.000 1.365
5355.000 1.330
5360.000 1.315
5365.000 1.321
5370.000 1.353
5375.000 1.372
5380.000 1.444
5385.000 1.565
5390.000 1.638
5395.000 1.923
5400.000 2.095
5405.000 2.555
5410.000 3.216
5415.000 3.543
5420.000 3.889
5425.000 3.791
5430.000 3.135
5435.000 2.359
5440.000 2.044
5445.000 1.569
5450.000 1.396
5455.000 1.154
5460.000 1.013
5465.000 0.965
5470.000 0.854
5475.000 0.783
5480.000 0.718
5485.000 0.648
5490.000 0.620
5495.000 0.572
5500.000 0.551
5505.000 0.518
5510.000 0.469
5515.000 0.450
5520.000 0.388
5525.000 0.341
5530.000 0.250
5535.000 0.150
5540.000 0.123
5545.000 0.126
5550.000 0.138
5555.000 0.161
5560.000 0.179
5565.000 0.183
5570.000 0.194
5575.000 0.197
5580.000 0.206
5585.000 0.210
5590.000 0.212
5595.000 0.213
5600.000 0.213
5605.000 0.216
5610.000 0.224
5615.000 0.227
5620.000 0.227
5625.000 0.226
5630.000 0.228
5635.000 0.228
5640.000 0.227
5645.000 0.226
5650.000 0.226
5655.000 0.229
5660.000 0.227
5665.000 0.226
5670.000 0.228
5675.000 0.228
5680.000 0.231
5685.000 0.229
5690.000 0.230
5695.000 0.230
5700.000 0.229
5705.000 0.229
5710.000 0.230
5715.000 0.227
5720.000 0.230
5725.000 0.231
5730.000 0.230
5735.000 0.230
5740.000 0.236
5745.000 0.239
5750.000 0.239
5755.000 0.236
5760.000 0.236
5765.000 0.236
5770.000 0.232
5775.000 0.235
5780.000 0.235
5785.000 0.235
5790.000 0.232
5795.000 0.233
5800.000 0.233
5805.000 0.232
5810.000 0.233
5815.000 0.233
5820.000 0.233
5825.000 0.235
5830.000 0.234
5835.000 0.233
5840.000 0.233
5845.000 0.237
5850.000 0.236
5855.000 0.239
5860.000 0.238
5865.000 0.238
5870.000 0.242
5875.000 0.241
5880.000 0.241
5885.000 0.241
5890.000 0.252
5895.000 0.249
5900.000 0.247
5905.000 0.245
5910.000 0.244
5915.000 0.243
5920.000 0.242
5925.000 0.242
5930.000 0.243
5935.000 0.242
5940.000 0.241
5945.000 0.243
5950.000 0.244
5955.000 0.240
5960.000 0.243
5965.000 0.243
5970.000 0.244
5975.000 0.246
5980.000 0.247
5985.000 0.252
5990.000 0.245
5995.000 0.244
6000.000 0.251
6005.000 0.247
6010.000 0.242
6015.000 0.245
6020.000 0.255
6025.000 0.247
6030.000 0.247
6035.000 0.250
6040.000 0.255
6045.000 0.255
6050.000 0.253
6055.000 0.252
6060.000 0.251
6065.000 0.248
6070.000 0.254
6075.000 0.252
6080.000 0.250
6085.000 0.248
6090.000 0.252
6095.000 0.250
6100.000 0.250
6105.000 0.250
6110.000 0.252
6115.000 0.251
6120.000 0.253
6125.000 0.252
6130.000 0.255
6135.000 0.253
6140.000 0.254
6145.000 0.254
6150.000 0.255
6155.000 0.257
6160.000 0.259
6165.000 0.258
6170.000 0.261
6175.000 0.260
6180.000 0.260
6185.000 0.258
6190.000 0.261
6195.000 0.261
6200.000 0.262
6205.000 0.261
6210.000 0.262
6215.000 0.262
6220.000 0.264
6225.000 0.264
6230.000 0.264
6235.000 0.264
6240.000 0.265
6245.000 0.268
6250.000 0.267
6255.000 0.268
6260.000 0.269
6265.000 0.270
6270.000 0.270
6275.000 0.272
6280.000 0.276
6285.000 0.282
6290.000 0.287
6295.000 0.281
6300.000 0.282
6305.000 0.281
6310.000 0.287
6315.000 0.282
6320.000 0.278
6325.000 0.279
6330.000 0.278
6335.000 0.280
6340.000 0.277
6345.000 0.282
6350.000 0.283
6355.000 0.281
6360.000 0.285
6365.000 0.290
6370.000 0.289
6375.000 0.289
6380.000 0.289
6385.000 0.288
6390.000 0.288
6395.000 0.288
6400.000 0.291
6405.000 0.290
6410.000 0.302
6415.000 0.303
6420.000 0.299
6425.000 0.300
6430.000 0.298
6435.000 0.298
6440.000 0.297
6445.000 0.296
6450.000 0.297
6455.000 0.300
6460.000 0.297
6465.000 0.302
6470.000 0.299
6475.000 0.307
6480.000 0.314
6485.000 0.314
6490.000 0.312
6495.000 0.311
6500.000 0.314
6505.000 0.339
6510.000 0.338
6515.000 0.325
6520.000 0.323
6525.000 0.323
6530.000 0.315
6535.000 0.320
6540.000 0.323
6545.000 0.319
6550.000 0.320
6555.000 0.321
6560.000 0.317
6565.000 0.316
6570.000 0.315
6575.000 0.314
6580.000 0.334
6585.000 0.336
6590.000 0.329
6595.000 0.326
6600.000 0.330
6605.000 0.325
6610.000 0.329
6615.000 0.338
6620.000 0.336
6625.000 0.331
6630.000 0.327
6635.000 0.323
6640.000 0.320
6645.000 0.320
6650.000 0.325
6655.000 0.334
6660.000 0.332
6665.000 0.333
6670.000 0.331
6675.000 0.330
6680.000 0.334
6685.000 0.333
6690.000 0.334
6695.000 0.336
6700.000 0.343
6705.000 0.346
6710.000 0.354
6715.000 0.364
6720.000 0.371
6725.000 0.392
6730.000 0.413
6735.000 0.432
6740.000 0.476
6745.000 0.509
6750.000 0.618
6755.000 0.775
6760.000 0.916
6765.000 1.359
6770.000 1.634
6775.000 2.342
6780.000 3.193
6785.000 3.548
6790.000 3.742
6795.000 3.690
6800.000 3.375
6805.000 3.209
6810.000 3.215
6815.000 3.469
6820.000 3.727
6825.000 4.434
6830.000 5.087
6835.000 5.329
6840.000 5.284
6845.000 4.842
6850.000 3.741
6855.000 2.991
6860.000 2.692
6865.000 2.264
6870.000 2.115
6875.000 1.923
6880.000 1.836
6885.000 1.802
6890.000 1.792
6895.000 1.809
6900.000 1.931
6905.000 2.174
6910.000 2.351
6915.000 2.832
6920.000 3.130
6925.000 3.754
6930.000 4.027
6935.000 3.929
6940.000 3.305
6945.000 2.904
6950.000 2.233
6955.000 1.771
6960.000 1.589
6965.000 1.351
6970.000 1.272
6975.000 1.125
6980.000 1.042
6985.000 1.009
6990.000 0.941
6995.000 0.919
7000.000 0.921
7005.000 0.881
7010.000 0.889
7015.000 0.917
7020.000 0.937
7025.000 0.976
7030.000 1.057
7035.000 1.114
7040.000 1.287
7045.000 1.431
7050.000 1.612
7055.000 1.626
7060.000 1.492
7065.000 1.208
7070.000 1.070
7075.000 0.880
7080.000 0.811
7085.000 0.706
7090.000 0.635
7095.000 0.606
7100.000 0.561
7105.000 0.550
7110.000 0.528
7115.000 0.501
7120.000 0.487
7125.000 0.485
7130.000 0.478
7135.000 0.468
7140.000 0.454
7145.000 0.446
7150.000 0.437
7155.000 0.429
7160.000 0.419
7165.000 0.415
7170.000 0.412
7175.000 0.426
7180.000 0.426
7185.000 0.419
7190.000 0.420
7195.000 0.434
7200.000 0.449
7205.000 0.450
7210.000 0.449
7215.000 0.456
7220.000 0.460
7225.000 0.478
7230.000 0.481
7235.000 0.500
7240.000 0.516
7245.000 0.523
7250.000 0.540
7255.000 0.550
7260.000 0.581
7265.000 0.618
7270.000 0.649
7275.000 0.727
7280.000 0.753
7285.000 0.835
7290.000 0.948
7295.000 1.030
7300.000 1.246
7305.000 1.397
7310.000 1.826
7315.000 2.271
7320.000 2.534
7325.000 3.015
7330.000 3.115
7335.000 2.854
7340.000 2.290
7345.000 2.026
7350.000 1.593
7355.000 1.452
7360.000 1.298
7365.000 1.240
7370.000 1.141
7375.000 1.057
7380.000 1.070
7385.000 1.095
7390.000 1.124
7395.000 1.215
7400.000 1.385
7405.000 1.492
7410.000 1.749
7415.000 1.865
7420.000 1.968
7425.000 1.782
7430.000 1.614
7435.000 1.337
7440.000 1.230
7445.000 1.124
7450.000 1.028
7455.000 0.984
7460.000 0.918
7465.000 0.896
7470.000 0.868
7475.000 0.854
7480.000 0.858
7485.000 0.868
7490.000 0.879
7495.000 0.915
7500.000 0.969
7505.000 1.004
7510.000 1.121
7515.000 1.171
7520.000 1.275
7525.000 1.343
7530.000 1.308
7535.000 1.186
7540.000 1.093
7545.000 0.872
7550.000 0.695
7555.000 0.625
7560.000 0.542
7565.000 0.494
7570.000 0.419
7575.000 0.356
7580.000 0.332
7585.000 0.280
7590.000 0.258
7595.000 0.215
7600.000 0.152
7605.000 0.119
7610.000 0.044
7615.000 0.027
7620.000 0.104
7625.000 0.182
7630.000 0.211
7635.000 0.252
7640.000 0.264
7645.000 0.275
7650.000 0.282
7655.000 0.283
7660.000 0.289
7665.000 0.290
7670.000 0.292
7675.000 0.304
7680.000 0.300
7685.000 0.294
7690.000 0.298
7695.000 0.296
7700.000 0.295
7705.000 0.296
7710.000 0.296
7715.000 0.295
7720.000 0.297
7725.000 0.308
7730.000 0.307
7735.000 0.309
7740.000 0.312
7745.000 0.308
7750.000 0.303
7755.000 0.300
7760.000 0.303
7765.000 0.300
7770.000 0.306
7775.000 0.306
7780.000 0.301
7785.000 0.300
7790.000 0.301
7795.000 0.300
7800.000 0.305
7805.000 0.299
7810.000 0.296
7815.000 0.298
7820.000 0.301
7825.000 0.301
7830.000 0.299
7835.000 0.298
7840.000 0.297
7845.000 0.297
7850.000 0.296
7855.000 0.298
7860.000 0.296
7865.000 0.299
7870.000 0.302
7875.000 0.298
7880.000 0.298
7885.000 0.296
7890.000 0.303
7895.000 0.306
7900.000 0.300
7905.000 0.299
7910.000 0.295
7915.000 0.296
7920.000 0.291
7925.000 0.290
7930.000 0.292
7935.000 0.301
7940.000 0.296
7945.000 0.294
7950.000 0.295
7955.000 0.284
7960.000 0.279
7965.000 0.276
7970.000 0.282
7975.000 0.282
7980.000 0.281
7985.000 0.298
7990.000 0.292
7995.000 0.296
8000.000 0.288
8005.000 0.295
8010.000 0.294
8015.000 0.292
8020.000 0.281
8025.000 0.291
8030.000 0.295
8035.000 0.293
8040.000 0.295
8045.000 0.295
8050.000 0.288
8055.000 0.290
8060.000 0.289
8065.000 0.286
8070.000 0.287
8075.000 0.288
8080.000 0.288
8085.000 0.285
8090.000 0.284
8095.000 0.284
8100.000 0.287
8105.000 0.284
8110.000 0.291
8115.000 0.288
8120.000 0.290
8125.000 0.291
8130.000 0.287
8135.000 0.294
8140.000 0.293
8145.000 0.291
8150.000 0.292
8155.000 0.287
8160.000 0.284
8165.000 0.284
8170.000 0.284
8175.000 0.284
8180.000 0.285
8185.000 0.285
8190.000 0.287
8195.000 0.287
8200.000 0.287
8205.000 0.288
8210.000 0.288
8215.000 0.290
8220.000 0.300
8225.000 0.300
8230.000 0.301
8235.000 0.298
8240.000 0.299
8245.000 0.297
8250.000 0.296
8255.000 0.294
8260.000 0.296
8265.000 0.293
8270.000 0.292
8275.000 0.294
8280.000 0.294
8285.000 0.294
8290.000 0.296
8295.000 0.296
8300.000 0.296
8305.000 0.296
8310.000 0.296
8315.000 0.294
8320.000 0.294
8325.000 0.296
8330.000 0.293
8335.000 0.296
8340.000 0.297
8345.000 0.298
8350.000 0.296
8355.000 0.295
8360.000 0.297
8365.000 0.299
8370.000 0.296
8375.000 0.297
8380.000 0.297
8385.000 0.300
8390.000 0.300
8395.000 0.298
8400.000 0.296
8405.000 0.482
8410.000 0.468
8415.000 0.457
8420.000 0.419
8425.000 0.424
8430.000 0.485
8435.000 0.456
8440.000 0.438
8445.000 0.396
8450.000 0.378
8455.000 0.346
8460.000 0.323
8465.000 0.318
8470.000 0.307
8475.000 0.314
8480.000 0.302
8485.000 0.302
8490.000 0.300
8495.000 0.303
8500.000 0.297
8505.000 0.299
8510.000 0.318
8515.000 0.313
8520.000 0.301
8525.000 0.302
8530.000 0.296
8535.000 0.293
8540.000 0.295
8545.000 0.315
8550.000 0.310
8555.000 0.301
8560.000 0.300
8565.000 0.296
8570.000 0.289
8575.000 0.290
8580.000 0.291
8585.000 0.292
8590.000 0.292
8595.000 0.293
8600.000 0.295
8605.000 0.293
8610.000 0.295
8615.000 0.294
8620.000 0.296
8625.000 0.296
8630.000 0.297
8635.000 0.296
8640.000 0.295
8645.000 0.295
8650.000 0.298
8655.000 0.295
8660.000 0.297
8665.000 0.299
8670.000 0.300
8675.000 0.298
8680.000 0.299
8685.000 0.300
8690.000 0.299
8695.000 0.301
8700.000 0.303
8705.000 0.302
8710.000 0.300
8715.000 0.300
8720.000 0.301
8725.000 0.303
8730.000 0.301
8735.000 0.298
8740.000 0.303
8745.000 0.300
8750.000 0.301
8755.000 0.300
8760.000 0.302
8765.000 0.302
8770.000 0.302
8775.000 0.302
8780.000 0.300
8785.000 0.299
8790.000 0.304
8795.000 0.300
8800.000 0.299
8805.000 0.303
8810.000 0.305
8815.000 0.306
8820.000 0.319
8825.000 0.315
8830.000 0.323
8835.000 0.327
8840.000 0.315
8845.000 0.312
8850.000 0.310
8855.000 0.308
8860.000 0.309
8865.000 0.306
8870.000 0.310
8875.000 0.309
8880.000 0.309
8885.000 0.310
8890.000 0.310
8895.000 0.311
8900.000 0.310
8905.000 0.311
8910.000 0.310
8915.000 0.312
8920.000 0.315
8925.000 0.315
8930.000 0.317
8935.000 0.318
8940.000 0.323
8945.000 0.325
8950.000 0.328
8955.000 0.341
8960.000 0.341
8965.000 0.348
8970.000 0.363
8975.000 0.366
8980.000 0.387
8985.000 0.398
8990.000 0.432
8995.000 0.477
9000.000 0.503
9005.000 0.569
9010.000 0.620
9015.000 0.692
9020.000 0.677
9025.000 0.650
9030.000 0.569
9035.000 0.529
9040.000 0.521
9045.000 0.586
9050.000 0.658
9055.000 0.987
9060.000 1.235
9065.000 1.862
9070.000 2.376
9075.000 2.508
9080.000 2.508
9085.000 2.388
9090.000 2.074
9095.000 1.799
9100.000 1.696
9105.000 1.529
9110.000 1.472
9115.000 1.390
9120.000 1.357
9125.000 1.361
9130.000 1.418
9135.000 1.480
9140.000 1.646
9145.000 1.733
9150.000 1.841
9155.000 1.757
9160.000 1.643
9165.000 1.351
9170.000 1.205
9175.000 0.946
9180.000 0.762
9185.000 0.688
9190.000 0.574
9195.000 0.529
9200.000 0.457
9205.000 0.410
9210.000 0.395
9215.000 0.373
9220.000 0.369
9225.000 0.379
9230.000 0.411
9235.000 0.441
9240.000 0.551
9245.000 0.638
9250.000 0.870
9255.000 1.108
9260.000 1.174
9265.000 1.171
9270.000 1.119
9275.000 0.961
9280.000 0.804
9285.000 0.743
9290.000 0.646
9295.000 0.608
9300.000 0.561
9305.000 0.530
9310.000 0.517
9315.000 0.494
9320.000 0.488
9325.000 0.475
9330.000 0.465
9335.000 0.464
9340.000 0.456
9345.000 0.455
9350.000 0.450
9355.000 0.444
9360.000 0.447
9365.000 0.440
9370.000 0.440
9375.000 0.438
9380.000 0.436
9385.000 0.439
9390.000 0.439
9395.000 0.440
9400.000 0.442
9405.000 0.448
9410.000 0.452
9415.000 0.459
9420.000 0.459
9425.000 0.468
9430.000 0.481
9435.000 0.488
9440.000 0.502
9445.000 0.507
9450.000 0.526
9455.000 0.546
9460.000 0.559
9465.000 0.590
9470.000 0.610
9475.000 0.652
9480.000 0.713
9485.000 0.746
9490.000 0.840
9495.000 0.896
9500.000 0.976
9505.000 1.001
9510.000 0.977
9515.000 0.866
9520.000 0.803
9525.000 0.666
9530.000 0.548
9535.000 0.501
9540.000 0.424
9545.000 0.398
9550.000 0.367
9555.000 0.362
9560.000 0.368
9565.000 0.416
9570.000 0.455
9575.000 0.601
9580.000 0.835
9585.000 0.985
9590.000 1.294
9595.000 1.406
9600.000 1.520
9605.000 1.482
9610.000 1.390
9615.000 1.197
9620.000 1.111
9625.000 0.972
9630.000 0.864
9635.000 0.821
9640.000 0.763
9645.000 0.746
9650.000 0.732
9655.000 0.733
9660.000 0.733
9665.000 0.745
9670.000 0.754
9675.000 0.770
9680.000 0.779
9685.000 0.772
9690.000 0.736
9695.000 0.696
9700.000 0.585
9705.000 0.453
9710.000 0.392
9715.000 0.291
9720.000 0.257
9725.000 0.204
9730.000 0.183
9735.000 0.157
9740.000 0.142
9745.000 0.138
9750.000 0.137
9755.000 0.144
9760.000 0.177
9765.000 0.238
9770.000 0.273
9775.000 0.342
9780.000 0.367
9785.000 0.387
9790.000 0.380
9795.000 0.373
9800.000 0.358
9805.000 0.353
9810.000 0.343
9815.000 0.338
9820.000 0.333
9825.000 0.329
9830.000 0.328
9835.000 0.331
9840.000 0.331
9845.000 0.319
9850.000 0.321
9855.000 0.321
9860.000 0.322
9865.000 0.321
9870.000 0.321
9875.000 0.319
9880.000 0.322
9885.000 0.318
9890.000 0.317
9895.000 0.317
9900.000 0.316
9905.000 0.316
9910.000 0.315
9915.000 0.315
9920.000 0.317
9925.000 0.319
9930.000 0.322
9935.000 0.320
9940.000 0.319
9945.000 0.319
9950.000 0.316
9955.000 0.318
9960.000 0.317
9965.000 0.318
9970.000 0.322
9975.000 0.316
9980.000 0.317
9985.000 0.317
9990.000 0.320
9995.000 0.322
10000.000 0.324
10005.000 0.318
10010.000 0.314
10015.000 0.315
10020.000 0.322
10025.000 0.317
10030.000 0.318
10035.000 0.315
10040.000 0.318
10045.000 0.316
10050.000 0.319
10055.000 0.321
10060.000 0.322
10065.000 0.320
10070.000 0.321
10075.000 0.320
10080.000 0.319
10085.000 0.317
10090.000 0.317
10095.000 0.320
10100.000 0.318
10105.000 0.316
10110.000 0.315
10115.000 0.315
10120.000 0.314
10125.000 0.315
10130.000 0.316
10135.000 0.316
10140.000 0.313
10145.000 0.320
10150.000 0.319
10155.000 0.317
10160.000 0.319
10165.000 0.317
10170.000 0.318
10175.000 0.316
10180.000 0.317
10185.000 0.320
10190.000 0.324
10195.000 0.321
10200.000 0.321
10205.000 0.320
10210.000 0.318
10215.000 0.320
10220.000 0.323
10225.000 0.320
10230.000 0.318
10235.000 0.318
10240.000 0.318
10245.000 0.319
10250.000 0.319
10255.000 0.318
10260.000 0.319
10265.000 0.319
10270.000 0.317
10275.000 0.316
10280.000 0.313
10285.000 0.315
10290.000 0.314
10295.000 0.314
10300.000 0.317
10305.000 0.319
10310.000 0.318
10315.000 0.315
10320.000 0.316
10325.000 0.315
10330.000 0.316
10335.000 0.317
10340.000 0.317
10345.000 0.317
10350.000 0.314
10355.000 0.315
10360.000 0.316
10365.000 0.318
10370.000 0.318
10375.000 0.316
10380.000 0.314
10385.000 0.320
10390.000 0.310
10395.000 0.324
10400.000 0.323
10405.000 0.323
10410.000 0.322
10415.000 0.323
10420.000 0.318
10425.000 0.326
10430.000 0.327
10435.000 0.452
10440.000 0.451
10445.000 0.441
10450.000 0.412
10455.000 0.397
10460.000 0.367
10465.000 0.354
10470.000 0.334
10475.000 0.323
10480.000 0.323
10485.000 0.316
10490.000 0.316
10495.000 0.314
10500.000 0.316
10505.000 0.315
10510.000 0.316
10515.000 0.316
10520.000 0.312
10525.000 0.314
10530.000 0.314
10535.000 0.313
10540.000 0.312
10545.000 0.316
10550.000 0.316
10555.000 0.313
10560.000 0.311
10565.000 0.313
10570.000 0.311
10575.000 0.329
10580.000 0.441
10585.000 0.441
10590.000 0.423
10595.000 0.386
10600.000 0.359
10605.000 0.348
10610.000 0.330
10615.000 0.326
10620.000 0.318
10625.000 0.317
10630.000 0.315
10635.000 0.317
10640.000 0.316
10645.000 0.446
10650.000 0.446
10655.000 0.435
10660.000 0.396
10665.000 0.382
10670.000 0.355
10675.000 0.345
10680.000 0.334
10685.000 0.323
10690.000 0.318
10695.000 0.313
10700.000 0.311
10705.000 0.313
10710.000 0.315
10715.000 0.314
10720.000 0.314
10725.000 0.314
10730.000 0.314
10735.000 0.317
10740.000 0.316
10745.000 0.314
10750.000 0.315
10755.000 0.316
10760.000 0.316
10765.000 0.316
10770.000 0.315
10775.000 0.318
10780.000 0.316
10785.000 0.315
10790.000 0.312
10795.000 0.319
10800.000 0.318
10805.000 0.317
10810.000 0.319
10815.000 0.318
10820.000 0.317
10825.000 0.319
10830.000 0.306
10835.000 0.308
10840.000 0.310
10845.000 0.310
10850.000 0.307
10855.000 0.307
10860.000 0.306
10865.000 0.308
10870.000 0.309
10875.000 0.308
10880.000 0.313
10885.000 0.314
10890.000 0.314
10895.000 0.313
10900.000 0.312
10905.000 0.311
10910.000 0.311
10915.000 0.315
10920.000 0.313
10925.000 0.311
10930.000 0.316
10935.000 0.311
10940.000 0.312
10945.000 0.310
10950.000 0.313
10955.000 0.314
10960.000 0.313
10965.000 0.312
10970.000 0.313
10975.000 0.309
10980.000 0.311
10985.000 0.311
10990.000 0.315
10995.000 0.313
11000.000 0.309
11005.000 0.317
11010.000 0.314
11015.000 0.314
11020.000 0.315
11025.000 0.311
11030.000 0.315
11035.000 0.318
11040.000 0.330
11045.000 0.338
11050.000 0.332
11055.000 0.316
11060.000 0.311
11065.000 0.312
11070.000 0.319
11075.000 0.315
11080.000 0.313
11085.000 0.313
11090.000 0.315
11095.000 0.316
11100.000 0.314
11105.000 0.314
11110.000 0.310
11115.000 0.310
11120.000 0.311
11125.000 0.312
11130.000 0.315
11135.000 0.313
11140.000 0.315
11145.000 0.312
11150.000 0.314
11155.000 0.316
11160.000 0.319
11165.000 0.318
11170.000 0.320
11175.000 0.320
11180.000 0.330
11185.000 0.331
11190.000 0.329
11195.000 0.331
11200.000 0.330
11205.000 0.332
11210.000 0.317
11215.000 0.307
11220.000 0.302
11225.000 0.290
11230.000 0.211
11235.000 0.162
11240.000 0.077
11245.000 0.088
11250.000 0.116
11255.000 0.226
11260.000 0.308
11265.000 0.462
11270.000 0.686
11275.000 0.817
11280.000 1.093
11285.000 1.208
11290.000 1.340
11295.000 1.351
11300.000 1.337
11305.000 1.280
11310.000 1.252
11315.000 1.199
11320.000 1.165
11325.000 1.147
11330.000 1.137
11335.000 1.139
11340.000 1.146
11345.000 1.161
11350.000 1.167
11355.000 1.160
11360.000 1.135
11365.000 1.021
11370.000 0.801
11375.000 0.682
11380.000 0.456
11385.000 0.364
11390.000 0.226
11395.000 0.135
11400.000 0.101
11405.000 0.048
11410.000 0.029
11415.000 0.018
11420.000 0.047
11425.000 0.065
11430.000 0.104
11435.000 0.138
11440.000 0.254
11445.000 0.431
11450.000 0.517
11455.000 0.696
11460.000 0.789
11465.000 0.925
11470.000 0.979
11475.000 0.969
11480.000 0.917
11485.000 0.888
11490.000 0.826
11495.000 0.772
11500.000 0.750
11505.000 0.709
11510.000 0.693
11515.000 0.662
11520.000 0.641
11525.000 0.633
11530.000 0.610
11535.000 0.600
11540.000 0.582
11545.000 0.566
11550.000 0.556
11555.000 0.536
11560.000 0.525
11565.000 0.506
11570.000 0.491
11575.000 0.481
11580.000 0.461
11585.000 0.452
11590.000 0.432
11595.000 0.414
11600.000 0.406
11605.000 0.395
11610.000 0.387
11615.000 0.381
11620.000 0.379
11625.000 0.384
11630.000 0.390
11635.000 0.390
11640.000 0.402
11645.000 0.403
11650.000 0.408
11655.000 0.415
11660.000 0.419
11665.000 0.431
11670.000 0.441
11675.000 0.439
11680.000 0.444
11685.000 0.442
11690.000 0.424
11695.000 0.381
11700.000 0.350
11705.000 0.272
11710.000 0.231
11715.000 0.156
11720.000 0.094
11725.000 0.068
11730.000 0.030
11735.000 0.025
11740.000 0.041
11745.000 0.082
11750.000 0.106
11755.000 0.166
11760.000 0.212
11765.000 0.315
11770.000 0.444
11775.000 0.523
11780.000 0.675
11785.000 0.753
11790.000 0.902
11795.000 0.975
11800.000 0.986
11805.000 0.981
11810.000 0.955
11815.000 0.911
11820.000 0.890
11825.000 0.848
11830.000 0.813
11835.000 0.797
11840.000 0.763
11845.000 0.746
11850.000 0.717
11855.000 0.690
11860.000 0.668
11865.000 0.634
11870.000 0.608
11875.000 0.551
11880.000 0.479
11885.000 0.434
11890.000 0.340
11895.000 0.300
11900.000 0.238
11905.000 0.201
11910.000 0.192
11915.000 0.186
11920.000 0.191
11925.000 0.197
11930.000 0.201
11935.000 0.204
11940.000 0.223
11945.000 0.234
11950.000 0.257
11955.000 0.283
11960.000 0.292
11965.000 0.303
11970.000 0.310
11975.000 0.308
11980.000 0.308
11985.000 0.306
11990.000 0.308
11995.000 0.305
12000.000 0.307
