105.000 0.016
110.000 0.030
115.000 2.155
120.000 2.558
125.000 2.835
130.000 3.128
135.000 3.181
140.000 3.176
145.000 3.115
150.000 3.116
155.000 2.814
160.000 2.745
165.000 2.518
170.000 2.399
175.000 2.386
180.000 2.344
185.000 2.286
190.000 2.340
195.000 2.414
200.000 2.446
205.000 2.602
210.000 2.641
215.000 2.861
220.000 3.073
225.000 3.221
230.000 3.370
235.000 3.415
240.000 3.536
245.000 3.591
250.000 3.773
255.000 4.245
260.000 4.716
265.000 5.952
270.000 7.612
275.000 8.504
280.000 10.633
285.000 11.712
290.000 14.134
295.000 17.032
300.000 18.457
305.000 22.319
310.000 24.565
315.000 30.351
320.000 38.064
325.000 44.994
330.000 53.045
335.000 54.847
340.000 50.878
345.000 39.202
350.000 34.785
355.000 28.431
360.000 26.327
365.000 23.005
370.000 20.689
375.000 19.947
380.000 18.659
385.000 18.329
390.000 17.838
395.000 18.261
400.000 18.512
405.000 19.315
410.000 19.756
415.000 20.797
420.000 21.676
425.000 21.996
430.000 22.381
435.000 22.491
440.000 22.270
445.000 21.735
450.000 21.299
455.000 20.076
460.000 19.400
465.000 17.779
470.000 16.051
475.000 15.230
480.000 13.614
485.000 12.906
490.000 11.604
495.000 10.489
500.000 10.033
505.000 9.157
510.000 8.800
515.000 8.177
520.000 7.669
525.000 7.433
530.000 7.082
535.000 6.930
540.000 6.676
545.000 6.542
550.000 6.523
555.000 6.503
560.000 6.552
565.000 6.501
570.000 6.388
575.000 6.351
580.000 6.355
585.000 6.399
590.000 6.583
595.000 6.925
600.000 7.163
605.000 7.829
610.000 8.276
615.000 9.566
620.000 11.644
625.000 13.119
630.000 17.667
635.000 20.936
640.000 29.500
645.000 38.499
650.000 41.345
655.000 36.916
660.000 27.621
665.000 15.338
670.000 9.953
675.000 8.343
680.000 6.117
685.000 5.286
690.000 4.221
695.000 3.784
700.000 3.115
705.000 2.615
710.000 2.419
715.000 2.085
720.000 1.941
725.000 1.718
730.000 1.534
735.000 1.464
740.000 1.328
745.000 1.270
750.000 1.169
755.000 1.079
760.000 1.040
765.000 0.972
770.000 0.946
775.000 0.891
780.000 0.844
785.000 0.825
790.000 0.784
795.000 0.771
800.000 0.742
805.000 0.726
810.000 0.717
815.000 0.712
820.000 0.723
825.000 0.729
830.000 0.741
835.000 1.114
840.000 0.771
845.000 0.758
850.000 0.733
855.000 0.718
860.000 0.707
865.000 0.704
870.000 0.702
875.000 0.705
880.000 0.712
885.000 0.722
890.000 0.736
895.000 0.741
900.000 0.769
905.000 0.810
910.000 0.828
915.000 0.880
920.000 0.918
925.000 1.023
930.000 1.140
935.000 1.222
940.000 1.438
945.000 1.591
950.000 2.081
955.000 2.949
960.000 3.445
965.000 4.211
970.000 3.881
975.000 2.392
980.000 1.494
985.000 1.244
990.000 0.908
995.000 0.783
1000.000 0.614
1005.000 0.495
1010.000 0.455
1015.000 0.373
1020.000 0.339
1025.000 0.295
1030.000 0.254
1035.000 0.244
1040.000 0.214
1045.000 0.200
1050.000 0.184
1055.000 0.164
1060.000 0.164
1065.000 0.151
1070.000 0.150
1075.000 0.145
1080.000 0.137
1085.000 0.136
1090.000 0.135
1095.000 0.141
1100.000 0.135
1105.000 0.137
1110.000 0.139
1115.000 0.144
1120.000 0.148
1125.000 0.156
1130.000 0.160
1135.000 0.165
1140.000 0.172
1145.000 0.179
1150.000 0.192
1155.000 0.205
1160.000 0.209
1165.000 0.223
1170.000 0.232
1175.000 0.249
1180.000 0.268
1185.000 0.279
1190.000 0.304
1195.000 0.316
1200.000 0.349
1205.000 0.545
1210.000 0.559
1215.000 0.606
1220.000 0.629
1225.000 0.703
1230.000 0.790
1235.000 0.848
1240.000 1.009
1245.000 1.123
1250.000 1.478
1255.000 2.072
1260.000 2.590
1265.000 4.527
1270.000 5.817
1275.000 8.370
1280.000 8.611
1285.000 6.350
1290.000 4.208
1295.000 3.535
1300.000 2.613
1305.000 2.292
1310.000 1.828
1315.000 1.516
1320.000 1.386
1325.000 1.200
1330.000 1.126
1335.000 1.009
1340.000 0.917
1345.000 0.881
1350.000 0.817
1355.000 0.793
1360.000 0.748
1365.000 0.715
1370.000 0.701
1375.000 0.676
1380.000 0.668
1385.000 0.650
1390.000 0.641
1395.000 0.637
1400.000 0.633
1405.000 0.631
1410.000 0.630
1415.000 0.634
1420.000 0.636
1425.000 0.639
1430.000 0.645
1435.000 0.651
1440.000 0.664
1445.000 0.673
1450.000 0.689
1455.000 0.702
1460.000 0.724
1465.000 0.753
1470.000 0.773
1475.000 0.809
1480.000 0.832
1485.000 0.886
1490.000 0.954
1495.000 0.994
1500.000 1.088
1505.000 1.132
1510.000 1.210
1515.000 1.323
1520.000 1.386
1525.000 1.553
1530.000 1.648
1535.000 1.912
1540.000 2.278
1545.000 2.519
1550.000 3.178
1555.000 3.611
1560.000 4.848
1565.000 6.721
1570.000 7.964
1575.000 11.028
1580.000 12.332
1585.000 12.654
1590.000 11.423
1595.000 7.949
1600.000 5.430
1605.000 4.550
1610.000 3.312
1615.000 2.884
1620.000 2.249
1625.000 1.816
1630.000 1.653
1635.000 1.382
1640.000 1.280
1645.000 1.133
1650.000 1.012
1655.000 0.951
1660.000 0.847
1665.000 0.806
1670.000 0.738
1675.000 0.689
1680.000 0.680
1685.000 0.678
1690.000 0.696
1695.000 0.708
1700.000 0.745
1705.000 0.768
1710.000 0.827
1715.000 0.860
1720.000 0.925
1725.000 0.976
1730.000 1.035
1735.000 1.061
1740.000 1.080
1745.000 1.126
1750.000 1.171
1755.000 1.198
1760.000 1.248
1765.000 1.275
1770.000 1.344
1775.000 1.407
1780.000 1.445
1785.000 1.527
1790.000 1.573
1795.000 1.681
1800.000 1.839
1805.000 1.912
1810.000 2.097
1815.000 2.208
1820.000 2.487
1825.000 2.862
1830.000 3.110
1835.000 3.757
1840.000 4.173
1845.000 5.267
1850.000 6.844
1855.000 7.881
1860.000 10.486
1865.000 12.129
1870.000 15.918
1875.000 19.491
1880.000 20.560
1885.000 20.545
1890.000 19.061
1895.000 14.677
1900.000 10.906
1905.000 9.434
1910.000 7.222
1915.000 6.414
1920.000 5.199
1925.000 4.354
1930.000 4.029
1935.000 3.522
1940.000 3.323
1945.000 3.031
1950.000 2.839
1955.000 2.766
1960.000 2.625
1965.000 2.569
1970.000 2.453
1975.000 2.385
1980.000 2.347
1985.000 2.269
1990.000 2.240
1995.000 2.187
2000.000 2.148
2005.000 2.136
2010.000 2.114
2015.000 2.097
2020.000 2.078
2025.000 2.087
2030.000 2.118
2035.000 2.104
2040.000 2.125
2045.000 2.121
2050.000 2.124
2055.000 2.139
2060.000 2.152
2065.000 2.169
2070.000 2.324
2075.000 2.348
2080.000 2.374
2085.000 2.431
2090.000 2.464
2095.000 2.590
2100.000 2.690
2105.000 2.752
2110.000 2.908
2115.000 2.991
2120.000 3.208
2125.000 3.523
2130.000 3.721
2135.000 4.274
2140.000 4.626
2145.000 5.614
2150.000 7.006
2155.000 7.880
2160.000 9.755
2165.000 10.567
2170.000 11.277
2175.000 10.840
2180.000 8.731
2185.000 6.491
2190.000 5.589
2195.000 4.236
2200.000 3.726
2205.000 2.974
2210.000 2.475
2215.000 2.297
2220.000 2.012
2225.000 1.891
2230.000 1.687
2235.000 1.517
2240.000 1.440
2245.000 1.319
2250.000 1.256
2255.000 1.131
2260.000 1.024
2265.000 0.976
2270.000 0.903
2275.000 0.871
2280.000 0.815
2285.000 0.774
2290.000 0.754
2295.000 0.724
2300.000 0.713
2305.000 0.701
2310.000 0.693
2315.000 0.690
2320.000 0.694
2325.000 0.699
2330.000 0.715
2335.000 0.740
2340.000 0.759
2345.000 0.804
2350.000 0.832
2355.000 0.916
2360.000 1.033
2365.000 1.110
2370.000 1.328
2375.000 1.457
2380.000 1.811
2385.000 2.391
2390.000 2.812
2395.000 3.915
2400.000 4.579
2405.000 5.570
2410.000 4.975
2415.000 4.170
2420.000 2.741
2425.000 2.257
2430.000 1.615
2435.000 1.218
2440.000 1.075
2445.000 0.858
2450.000 0.783
2455.000 0.657
2460.000 0.568
2465.000 0.532
2470.000 0.468
2475.000 0.443
2480.000 0.401
2485.000 0.368
2490.000 0.354
2495.000 0.330
2500.000 0.321
2505.000 0.301
2510.000 0.286
2515.000 0.280
2520.000 0.267
2525.000 0.261
2530.000 0.252
2535.000 0.243
2540.000 0.239
2545.000 0.233
2550.000 0.230
2555.000 0.225
2560.000 0.220
2565.000 0.216
2570.000 0.213
2575.000 0.212
2580.000 0.207
2585.000 0.204
2590.000 0.201
2595.000 0.199
2600.000 0.200
2605.000 0.198
2610.000 0.197
2615.000 0.197
2620.000 0.194
2625.000 0.190
2630.000 0.191
2635.000 0.190
2640.000 0.195
2645.000 0.191
2650.000 0.193
2655.000 0.192
2660.000 0.191
2665.000 0.187
2670.000 0.188
2675.000 0.188
2680.000 0.185
2685.000 0.185
2690.000 0.184
2695.000 0.185
2700.000 0.185
2705.000 0.184
2710.000 0.183
2715.000 0.181
2720.000 0.189
2725.000 0.186
2730.000 0.186
2735.000 0.186
2740.000 0.184
2745.000 0.183
2750.000 0.182
2755.000 0.180
2760.000 0.183
2765.000 0.183
2770.000 0.184
2775.000 0.183
2780.000 0.180
2785.000 0.180
2790.000 0.181
2795.000 0.179
2800.000 0.180
2805.000 0.179
2810.000 0.179
2815.000 0.177
2820.000 0.179
2825.000 0.180
2830.000 0.176
2835.000 0.177
2840.000 0.177
2845.000 0.179
2850.000 0.178
2855.000 0.179
2860.000 0.178
2865.000 0.178
2870.000 0.177
2875.000 0.177
2880.000 0.178
2885.000 0.177
2890.000 0.176
2895.000 0.178
2900.000 0.180
2905.000 0.179
2910.000 0.179
2915.000 0.182
2920.000 0.182
2925.000 0.180
2930.000 0.186
2935.000 0.189
2940.000 0.191
2945.000 0.188
2950.000 0.189
2955.000 0.188
2960.000 0.188
2965.000 0.184
2970.000 0.190
2975.000 0.185
2980.000 0.184
2985.000 0.185
2990.000 0.184
2995.000 0.186
3000.000 0.184
3005.000 0.183
3010.000 0.187
3015.000 0.185
3020.000 0.180
3025.000 0.190
3030.000 0.189
3035.000 0.182
3040.000 0.184
3045.000 0.185
3050.000 0.184
3055.000 0.189
3060.000 0.184
3065.000 0.189
3070.000 0.185
3075.000 0.184
3080.000 0.186
3085.000 0.187
3090.000 0.185
3095.000 0.189
3100.000 0.189
3105.000 0.189
3110.000 0.194
3115.000 0.194
3120.000 0.195
3125.000 0.195
3130.000 0.197
3135.000 0.196
3140.000 0.195
3145.000 0.197
3150.000 0.195
3155.000 0.195
3160.000 0.196
3165.000 0.198
3170.000 0.198
3175.000 0.201
3180.000 0.219
3185.000 0.218
3190.000 0.218
3195.000 0.306
3200.000 0.320
3205.000 0.310
3210.000 0.297
3215.000 0.279
3220.000 0.266
3225.000 0.260
3230.000 0.256
3235.000 0.255
3240.000 0.257
3245.000 0.265
3250.000 0.270
3255.000 0.279
3260.000 0.286
3265.000 0.304
3270.000 0.327
3275.000 0.341
3280.000 0.370
3285.000 0.393
3290.000 0.448
3295.000 0.529
3300.000 0.575
3305.000 0.721
3310.000 0.834
3315.000 1.206
3320.000 1.862
3325.000 2.297
3330.000 3.454
3335.000 4.150
3340.000 5.730
3345.000 7.194
3350.000 7.525
3355.000 6.880
3360.000 6.042
3365.000 4.679
3370.000 4.136
3375.000 3.345
3380.000 2.773
3385.000 2.561
3390.000 2.251
3395.000 2.142
3400.000 1.986
3405.000 1.906
3410.000 1.908
3415.000 1.944
3420.000 1.995
3425.000 2.195
3430.000 2.549
3435.000 2.800
3440.000 3.528
3445.000 4.051
3450.000 5.528
3455.000 7.556
3460.000 8.603
3465.000 10.031
3470.000 9.889
3475.000 7.919
3480.000 5.604
3485.000 4.710
3490.000 3.466
3495.000 3.031
3500.000 2.404
3505.000 1.983
3510.000 1.825
3515.000 1.700
3520.000 1.624
3525.000 1.480
3530.000 1.400
3535.000 1.347
3540.000 1.268
3545.000 1.236
3550.000 1.215
3555.000 1.155
3560.000 1.131
3565.000 1.103
3570.000 1.087
3575.000 1.099
3580.000 1.072
3585.000 1.063
3590.000 1.070
3595.000 1.074
3600.000 1.082
3605.000 1.094
3610.000 1.109
3615.000 1.144
3620.000 1.175
3625.000 1.227
3630.000 1.301
3635.000 1.337
3640.000 1.439
3645.000 1.506
3650.000 1.693
3655.000 1.997
3660.000 2.205
3665.000 2.771
3670.000 3.195
3675.000 4.403
3680.000 6.030
3685.000 6.886
3690.000 8.040
3695.000 8.058
3700.000 6.610
3705.000 4.623
3710.000 3.822
3715.000 2.722
3720.000 2.345
3725.000 1.812
3730.000 1.458
3735.000 1.326
3740.000 1.129
3745.000 1.064
3750.000 0.961
3755.000 0.884
3760.000 0.852
3765.000 0.806
3770.000 0.784
3775.000 0.765
3780.000 0.712
3785.000 0.688
3790.000 0.650
3795.000 0.636
3800.000 0.611
3805.000 0.591
3810.000 0.585
3815.000 0.576
3820.000 0.573
3825.000 0.570
3830.000 0.573
3835.000 0.574
3840.000 0.577
3845.000 0.585
3850.000 0.599
3855.000 0.618
3860.000 0.627
3865.000 0.652
3870.000 0.666
3875.000 0.703
3880.000 0.751
3885.000 0.780
3890.000 0.852
3895.000 0.891
3900.000 0.983
3905.000 1.094
3910.000 1.161
3915.000 1.353
3920.000 1.484
3925.000 1.836
3930.000 2.395
3935.000 2.786
3940.000 3.840
3945.000 4.506
3950.000 6.018
3955.000 6.798
3960.000 7.319
3965.000 6.203
3970.000 5.283
3975.000 3.734
3980.000 3.155
3985.000 2.332
3990.000 1.830
3995.000 1.629
4000.000 1.350
4005.000 1.250
4010.000 1.102
4015.000 0.999
4020.000 0.957
4025.000 0.905
4030.000 0.873
4035.000 0.829
4040.000 0.779
4045.000 0.756
4050.000 0.723
4055.000 0.698
4060.000 0.671
4065.000 0.652
4070.000 0.644
4075.000 0.639
4080.000 0.649
4085.000 0.630
4090.000 0.613
4095.000 0.611
4100.000 0.602
4105.000 0.597
4110.000 0.596
4115.000 0.598
4120.000 0.600
4125.000 0.603
4130.000 0.608
4135.000 0.621
4140.000 0.630
4145.000 0.638
4150.000 0.660
4155.000 0.674
4160.000 0.701
4165.000 0.735
4170.000 0.759
4175.000 0.810
4180.000 0.841
4185.000 0.911
4190.000 1.006
4195.000 1.065
4200.000 1.235
4205.000 1.350
4210.000 1.662
4215.000 2.140
4220.000 2.445
4225.000 3.126
4230.000 3.397
4235.000 3.484
4240.000 2.805
4245.000 2.368
4250.000 1.624
4255.000 1.386
4260.000 1.054
4265.000 0.855
4270.000 0.769
4275.000 0.640
4280.000 0.593
4285.000 0.513
4290.000 0.458
4295.000 0.435
4300.000 0.395
4305.000 0.363
4310.000 0.348
4315.000 0.325
4320.000 0.316
4325.000 0.302
4330.000 0.288
4335.000 0.280
4340.000 0.269
4345.000 0.272
4350.000 0.266
4355.000 0.260
4360.000 0.258
4365.000 0.252
4370.000 0.250
4375.000 0.254
4380.000 0.258
4385.000 0.260
4390.000 0.262
4395.000 0.267
4400.000 0.271
4405.000 0.280
4410.000 0.284
4415.000 0.295
4420.000 0.304
4425.000 0.323
4430.000 0.339
4435.000 0.349
4440.000 0.370
4445.000 0.384
4450.000 0.418
4455.000 0.472
4460.000 0.508
4465.000 0.607
4470.000 0.680
4475.000 0.892
4480.000 1.256
4485.000 1.521
4490.000 2.215
4495.000 2.611
4500.000 3.348
4505.000 3.643
4510.000 3.505
4515.000 2.796
4520.000 2.417
4525.000 1.818
4530.000 1.403
4535.000 1.252
4540.000 1.030
4545.000 0.947
4550.000 0.812
4555.000 0.724
4560.000 0.696
4565.000 0.652
4570.000 0.636
4575.000 0.612
4580.000 0.586
4585.000 0.581
4590.000 0.561
4595.000 0.556
4600.000 0.542
4605.000 0.538
4610.000 0.533
4615.000 0.528
4620.000 0.529
4625.000 0.554
4630.000 0.550
4635.000 0.551
4640.000 0.562
4645.000 0.561
4650.000 0.561
4655.000 0.561
4660.000 0.562
4665.000 0.570
4670.000 0.577
4675.000 0.591
4680.000 0.606
4685.000 0.621
4690.000 0.655
4695.000 0.667
4700.000 0.690
4705.000 0.723
4710.000 0.743
4715.000 0.788
4720.000 0.815
4725.000 0.909
4730.000 1.013
4735.000 1.080
4740.000 1.258
4745.000 1.402
4750.000 1.577
4755.000 1.627
4760.000 1.566
4765.000 1.267
4770.000 1.082
4775.000 0.731
4780.000 0.492
4785.000 0.412
4790.000 0.298
4795.000 0.252
4800.000 0.194
4805.000 0.154
4810.000 0.136
4815.000 0.112
4820.000 0.104
4825.000 0.094
4830.000 0.088
4835.000 0.086
4840.000 0.084
4845.000 0.083
4850.000 0.081
4855.000 0.081
4860.000 0.080
4865.000 0.078
4870.000 0.076
4875.000 0.072
4880.000 0.070
4885.000 0.063
4890.000 0.055
4895.000 0.051
4900.000 0.044
4905.000 0.043
4910.000 0.035
4915.000 0.038
4920.000 0.042
4925.000 0.062
4930.000 0.075
4935.000 0.110
4940.000 0.178
4945.000 0.230
4950.000 0.409
4955.000 0.524
4960.000 0.838
4965.000 1.238
4970.000 1.502
4975.000 2.145
4980.000 2.462
4985.000 2.897
4990.000 2.945
4995.000 2.804
5000.000 2.491
5005.000 2.310
5010.000 2.049
5015.000 1.830
5020.000 1.761
5025.000 1.587
5030.000 1.537
5035.000 1.397
5040.000 1.285
5045.000 1.231
5050.000 1.130
5055.000 1.087
5060.000 1.005
5065.000 0.911
5070.000 0.879
5075.000 0.817
5080.000 0.790
5085.000 0.752
5090.000 0.722
5095.000 0.721
5100.000 0.730
5105.000 0.739
5110.000 0.760
5115.000 0.794
5120.000 0.817
5125.000 0.860
5130.000 0.879
5135.000 0.904
5140.000 0.885
5145.000 0.841
5150.000 0.668
5155.000 0.548
5160.000 0.319
5165.000 0.155
5170.000 0.098
5175.000 0.026
5180.000 0.032
5185.000 0.070
5190.000 0.102
5195.000 0.121
5200.000 0.157
5205.000 0.174
5210.000 0.208
5215.000 0.234
5220.000 0.248
5225.000 0.276
5230.000 0.283
5235.000 0.304
5240.000 0.316
5245.000 0.318
5250.000 0.316
5255.000 0.308
5260.000 0.302
5265.000 0.293
5270.000 0.287
5275.000 0.280
5280.000 0.274
5285.000 0.265
5290.000 0.263
5295.000 0.263
5300.000 0.263
5305.000 0.265
5310.000 0.265
5315.000 0.268
5320.000 0.267
5325.000 0.267
5330.000 0.268
5335.000 0.272
5340.000 0.270
5345.000 0.271
5350.000 0.269
5355.000 0.270
5360.000 0.270
5365.000 0.275
5370.000 0.273
5375.000 0.272
5380.000 0.274
5385.000 0.272
5390.000 0.276
5395.000 0.275
5400.000 0.278
5405.000 0.278
5410.000 0.276
5415.000 0.277
5420.000 0.276
5425.000 0.275
5430.000 0.277
5435.000 0.277
5440.000 0.277
5445.000 0.281
5450.000 0.278
5455.000 0.278
5460.000 0.280
5465.000 0.281
5470.000 0.281
5475.000 0.282
5480.000 0.284
5485.000 0.281
5490.000 0.280
5495.000 0.284
5500.000 0.284
5505.000 0.284
5510.000 0.285
5515.000 0.283
5520.000 0.293
5525.000 0.293
5530.000 0.296
5535.000 0.290
5540.000 0.292
5545.000 0.284
5550.000 0.286
5555.000 0.284
5560.000 0.285
5565.000 0.283
5570.000 0.287
5575.000 0.285
5580.000 0.284
5585.000 0.288
5590.000 0.287
5595.000 0.288
5600.000 0.284
5605.000 0.288
5610.000 0.288
5615.000 0.289
5620.000 0.287
5625.000 0.287
5630.000 0.287
5635.000 0.288
5640.000 0.289
5645.000 0.293
5650.000 0.289
5655.000 0.290
5660.000 0.291
5665.000 0.291
5670.000 0.290
5675.000 0.289
5680.000 0.290
5685.000 0.289
5690.000 0.296
5695.000 0.301
5700.000 0.300
5705.000 0.300
5710.000 0.295
5715.000 0.296
5720.000 0.295
5725.000 0.293
5730.000 0.298
5735.000 0.295
5740.000 0.296
5745.000 0.294
5750.000 0.297
5755.000 0.296
5760.000 0.296
5765.000 0.300
5770.000 0.302
5775.000 0.301
5780.000 0.299
5785.000 0.298
5790.000 0.300
5795.000 0.299
5800.000 0.299
5805.000 0.302
5810.000 0.297
5815.000 0.300
5820.000 0.299
5825.000 0.300
5830.000 0.301
5835.000 0.303
5840.000 0.302
5845.000 0.302
5850.000 0.300
5855.000 0.302
5860.000 0.299
5865.000 0.301
5870.000 0.301
5875.000 0.300
5880.000 0.305
5885.000 0.304
5890.000 0.306
5895.000 0.308
5900.000 0.306
5905.000 0.307
5910.000 0.309
5915.000 0.307
5920.000 0.305
5925.000 0.304
5930.000 0.309
5935.000 0.302
5940.000 0.303
5945.000 0.306
5950.000 0.310
5955.000 0.306
5960.000 0.309
5965.000 0.311
5970.000 0.312
5975.000 0.314
5980.000 0.315
5985.000 0.307
5990.000 0.309
5995.000 0.303
6000.000 0.313
6005.000 0.309
6010.000 0.309
6015.000 0.310
6020.000 0.311
6025.000 0.304
6030.000 0.310
6035.000 0.320
6040.000 0.323
6045.000 0.323
6050.000 0.316
6055.000 0.321
6060.000 0.320
6065.000 0.307
6070.000 0.310
6075.000 0.306
6080.000 0.311
6085.000 0.315
6090.000 0.311
6095.000 0.310
6100.000 0.310
6105.000 0.314
6110.000 0.323
6115.000 0.321
6120.000 0.318
6125.000 0.318
6130.000 0.329
6135.000 0.322
6140.000 0.319
6145.000 0.315
6150.000 0.318
6155.000 0.317
6160.000 0.311
6165.000 0.310
6170.000 0.311
6175.000 0.309
6180.000 0.311
6185.000 0.316
6190.000 0.324
6195.000 0.317
6200.000 0.314
6205.000 0.314
6210.000 0.315
6215.000 0.313
6220.000 0.311
6225.000 0.312
6230.000 0.316
6235.000 0.313
6240.000 0.317
6245.000 0.317
6250.000 0.317
6255.000 0.317
6260.000 0.314
6265.000 0.314
6270.000 0.313
6275.000 0.315
6280.000 0.313
6285.000 0.314
6290.000 0.311
6295.000 0.316
6300.000 0.313
6305.000 0.321
6310.000 0.324
6315.000 0.324
6320.000 0.316
6325.000 0.317
6330.000 0.313
6335.000 0.313
6340.000 0.312
6345.000 0.310
6350.000 0.314
6355.000 0.314
6360.000 0.318
6365.000 0.316
6370.000 0.316
6375.000 0.316
6380.000 0.315
6385.000 0.312
6390.000 0.316
6395.000 0.314
6400.000 0.317
6405.000 0.318
6410.000 0.321
6415.000 0.321
6420.000 0.345
6425.000 0.346
6430.000 0.338
6435.000 0.334
6440.000 0.330
6445.000 0.330
6450.000 0.327
6455.000 0.324
6460.000 0.324
6465.000 0.324
6470.000 0.320
6475.000 0.322
6480.000 0.324
6485.000 0.322
6490.000 0.320
6495.000 0.324
6500.000 0.326
6505.000 0.326
6510.000 0.328
6515.000 0.331
6520.000 0.332
6525.000 0.334
6530.000 0.334
6535.000 0.339
6540.000 0.513
6545.000 0.546
6550.000 0.542
6555.000 0.531
6560.000 0.523
6565.000 0.473
6570.000 0.448
6575.000 0.436
6580.000 0.417
6585.000 0.411
6590.000 0.415
6595.000 0.431
6600.000 0.441
6605.000 0.475
6610.000 0.496
6615.000 0.555
6620.000 0.646
6625.000 0.712
6630.000 0.920
6635.000 1.071
6640.000 1.512
6645.000 2.196
6650.000 2.631
6655.000 3.574
6660.000 3.972
6665.000 4.244
6670.000 3.639
6675.000 3.248
6680.000 2.608
6685.000 2.371
6690.000 2.039
6695.000 1.842
6700.000 1.786
6705.000 1.755
6710.000 1.772
6715.000 1.924
6720.000 2.310
6725.000 2.609
6730.000 3.427
6735.000 3.943
6740.000 5.019
6745.000 5.644
6750.000 5.627
6755.000 4.679
6760.000 4.088
6765.000 3.097
6770.000 2.439
6775.000 2.203
6780.000 1.868
6785.000 1.750
6790.000 1.574
6795.000 1.467
6800.000 1.434
6805.000 1.386
6810.000 1.375
6815.000 1.360
6820.000 1.365
6825.000 1.372
6830.000 1.397
6835.000 1.418
6840.000 1.471
6845.000 1.539
6850.000 1.585
6855.000 1.702
6860.000 1.783
6865.000 1.974
6870.000 2.253
6875.000 2.447
6880.000 2.977
6885.000 3.331
6890.000 4.261
6895.000 5.361
6900.000 5.845
6905.000 6.258
6910.000 6.082
6915.000 4.969
6920.000 3.723
6925.000 3.173
6930.000 2.449
6935.000 2.191
6940.000 1.803
6945.000 1.655
6950.000 1.437
6955.000 1.298
6960.000 1.238
6965.000 1.145
6970.000 1.106
6975.000 1.028
6980.000 0.971
6985.000 0.953
6990.000 0.915
6995.000 0.909
7000.000 0.891
7005.000 0.861
7010.000 0.854
7015.000 0.855
7020.000 0.863
7025.000 0.855
7030.000 0.873
7035.000 0.882
7040.000 0.923
7045.000 0.938
7050.000 0.975
7055.000 1.051
7060.000 1.092
7065.000 1.185
7070.000 1.253
7075.000 1.423
7080.000 1.679
7085.000 1.853
7090.000 2.314
7095.000 2.605
7100.000 3.318
7105.000 4.010
7110.000 4.257
7115.000 4.412
7120.000 4.174
7125.000 3.390
7130.000 2.642
7135.000 2.346
7140.000 1.893
7145.000 1.730
7150.000 1.485
7155.000 1.307
7160.000 1.241
7165.000 1.155
7170.000 1.113
7175.000 1.053
7180.000 1.001
7185.000 0.986
7190.000 0.957
7195.000 0.941
7200.000 0.923
7205.000 0.911
7210.000 0.903
7215.000 0.909
7220.000 0.901
7225.000 0.909
7230.000 0.905
7235.000 0.907
7240.000 0.936
7245.000 0.946
7250.000 0.954
7255.000 0.974
7260.000 0.988
7265.000 1.014
7270.000 1.036
7275.000 1.086
7280.000 1.149
7285.000 1.188
7290.000 1.280
7295.000 1.336
7300.000 1.483
7305.000 1.678
7310.000 1.812
7315.000 2.143
7320.000 2.344
7325.000 2.839
7330.000 3.355
7335.000 3.542
7340.000 3.667
7345.000 3.509
7350.000 2.917
7355.000 2.277
7360.000 2.025
7365.000 1.654
7370.000 1.488
7375.000 1.234
7380.000 1.054
7385.000 0.992
7390.000 0.879
7395.000 0.831
7400.000 0.764
7405.000 0.701
7410.000 0.672
7415.000 0.627
7420.000 0.619
7425.000 0.590
7430.000 0.555
7435.000 0.547
7440.000 0.528
7445.000 0.518
7450.000 0.498
7455.000 0.478
7460.000 0.471
7465.000 0.453
7470.000 0.447
7475.000 0.441
7480.000 0.445
7485.000 0.445
7490.000 0.453
7495.000 0.459
7500.000 0.479
7505.000 0.500
7510.000 0.512
7515.000 0.540
7520.000 0.564
7525.000 0.614
7530.000 0.647
7535.000 0.741
7540.000 0.877
7545.000 0.970
7550.000 1.262
7555.000 1.462
7560.000 1.792
7565.000 2.190
7570.000 2.357
7575.000 2.389
7580.000 2.251
7585.000 1.876
7590.000 1.509
7595.000 1.365
7600.000 1.152
7605.000 1.079
7610.000 0.939
7615.000 0.844
7620.000 0.806
7625.000 0.770
7630.000 0.752
7635.000 0.723
7640.000 0.690
7645.000 0.680
7650.000 0.663
7655.000 0.652
7660.000 0.647
7665.000 0.636
7670.000 0.631
7675.000 0.629
7680.000 0.632
7685.000 0.629
7690.000 0.637
7695.000 0.639
7700.000 0.644
7705.000 0.653
7710.000 0.662
7715.000 0.682
7720.000 0.687
7725.000 0.713
7730.000 0.729
7735.000 0.761
7740.000 0.803
7745.000 0.829
7750.000 0.892
7755.000 0.944
7760.000 1.087
7765.000 1.191
7770.000 1.264
7775.000 1.385
7780.000 1.436
7785.000 1.472
7790.000 1.353
7795.000 1.248
7800.000 1.037
7805.000 0.938
7810.000 0.768
7815.000 0.632
7820.000 0.582
7825.000 0.501
7830.000 0.471
7835.000 0.423
7840.000 0.402
7845.000 0.381
7850.000 0.350
7855.000 0.338
7860.000 0.322
7865.000 0.298
7870.000 0.285
7875.000 0.266
7880.000 0.261
7885.000 0.253
7890.000 0.240
7895.000 0.232
7900.000 0.221
7905.000 0.216
7910.000 0.203
7915.000 0.195
7920.000 0.187
7925.000 0.175
7930.000 0.169
7935.000 0.155
7940.000 0.147
7945.000 0.144
7950.000 0.153
7955.000 0.169
7960.000 0.222
7965.000 0.334
7970.000 0.417
7975.000 0.556
7980.000 0.582
7985.000 0.595
7990.000 0.584
7995.000 0.582
8000.000 0.546
8005.000 0.535
8010.000 0.509
8015.000 0.504
8020.000 0.588
8025.000 0.608
8030.000 0.635
8035.000 0.608
8040.000 0.599
8045.000 0.568
8050.000 0.518
8055.000 0.517
8060.000 0.474
8065.000 0.437
8070.000 0.427
8075.000 0.423
8080.000 0.428
8085.000 0.556
8090.000 0.698
8095.000 0.681
8100.000 0.614
8105.000 0.569
8110.000 0.486
8115.000 0.447
8120.000 0.387
8125.000 0.341
8130.000 0.325
8135.000 0.311
8140.000 0.305
8145.000 0.301
8150.000 0.295
8155.000 0.296
8160.000 0.299
8165.000 0.298
8170.000 0.297
8175.000 0.299
8180.000 0.298
8185.000 0.295
8190.000 0.296
8195.000 0.295
8200.000 0.295
8205.000 0.295
8210.000 0.294
8215.000 0.294
8220.000 0.297
8225.000 0.300
8230.000 0.299
8235.000 0.300
8240.000 0.299
8245.000 0.300
8250.000 0.297
8255.000 0.299
8260.000 0.301
8265.000 0.295
8270.000 0.297
8275.000 0.300
8280.000 0.300
8285.000 0.301
8290.000 0.302
8295.000 0.299
8300.000 0.302
8305.000 0.301
8310.000 0.305
8315.000 0.300
8320.000 0.303
8325.000 0.303
8330.000 0.302
8335.000 0.302
8340.000 0.302
8345.000 0.301
8350.000 0.301
8355.000 0.300
8360.000 0.298
8365.000 0.303
8370.000 0.302
8375.000 0.303
8380.000 0.301
8385.000 0.305
8390.000 0.303
8395.000 0.300
8400.000 0.303
8405.000 0.304
8410.000 0.301
8415.000 0.301
8420.000 0.302
8425.000 0.304
8430.000 0.304
8435.000 0.302
8440.000 0.307
8445.000 0.305
8450.000 0.305
8455.000 0.305
8460.000 0.303
8465.000 0.305
8470.000 0.303
8475.000 0.304
8480.000 0.305
8485.000 0.302
8490.000 0.306
8495.000 0.306
8500.000 0.306
8505.000 0.305
8510.000 0.306
8515.000 0.311
8520.000 0.309
8525.000 0.310
8530.000 0.310
8535.000 0.310
8540.000 0.308
8545.000 0.310
8550.000 0.312
8555.000 0.312
8560.000 0.308
8565.000 0.309
8570.000 0.309
8575.000 0.308
8580.000 0.307
8585.000 0.311
8590.000 0.309
8595.000 0.313
8600.000 0.312
8605.000 0.313
8610.000 0.313
8615.000 0.311
8620.000 0.309
8625.000 0.308
8630.000 0.311
8635.000 0.311
8640.000 0.312
8645.000 0.309
8650.000 0.323
8655.000 0.318
8660.000 0.318
8665.000 0.316
8670.000 0.324
8675.000 0.315
8680.000 0.317
8685.000 0.318
8690.000 0.318
8695.000 0.318
8700.000 0.316
8705.000 0.318
8710.000 0.312
8715.000 0.316
8720.000 0.315
8725.000 0.315
8730.000 0.321
8735.000 0.324
8740.000 0.322
8745.000 0.320
8750.000 0.315
8755.000 0.318
8760.000 0.315
8765.000 0.315
8770.000 0.316
8775.000 0.318
8780.000 0.319
8785.000 0.316
8790.000 0.317
8795.000 0.319
8800.000 0.315
8805.000 0.316
8810.000 0.317
8815.000 0.323
8820.000 0.331
8825.000 0.335
8830.000 0.346
8835.000 0.339
8840.000 0.323
8845.000 0.321
8850.000 0.323
8855.000 0.319
8860.000 0.318
8865.000 0.319
8870.000 0.318
8875.000 0.315
8880.000 0.314
8885.000 0.317
8890.000 0.317
8895.000 0.319
8900.000 0.323
8905.000 0.323
8910.000 0.321
8915.000 0.322
8920.000 0.326
8925.000 0.324
8930.000 0.320
8935.000 0.319
8940.000 0.318
8945.000 0.320
8950.000 0.320
8955.000 0.322
8960.000 0.322
8965.000 0.315
8970.000 0.323
8975.000 0.317
8980.000 0.320
8985.000 0.324
8990.000 0.320
8995.000 0.320
9000.000 0.325
9005.000 0.319
9010.000 0.321
9015.000 0.316
9020.000 0.326
9025.000 0.319
9030.000 0.320
9035.000 0.324
9040.000 0.322
9045.000 0.324
9050.000 0.321
9055.000 0.320
9060.000 0.323
9065.000 0.320
9070.000 0.321
9075.000 0.324
9080.000 0.321
9085.000 0.319
9090.000 0.320
9095.000 0.318
9100.000 0.322
9105.000 0.319
9110.000 0.318
9115.000 0.321
9120.000 0.321
9125.000 0.320
9130.000 0.319
9135.000 0.322
9140.000 0.320
9145.000 0.323
9150.000 0.321
9155.000 0.320
9160.000 0.320
9165.000 0.320
9170.000 0.322
9175.000 0.320
9180.000 0.319
9185.000 0.321
9190.000 0.319
9195.000 0.322
9200.000 0.321
9205.000 0.322
9210.000 0.323
9215.000 0.322
9220.000 0.323
9225.000 0.323
9230.000 0.321
9235.000 0.324
9240.000 0.324
9245.000 0.325
9250.000 0.323
9255.000 0.323
9260.000 0.324
9265.000 0.324
9270.000 0.320
9275.000 0.321
9280.000 0.320
9285.000 0.321
9290.000 0.323
9295.000 0.323
9300.000 0.322
9305.000 0.320
9310.000 0.321
9315.000 0.318
9320.000 0.320
9325.000 0.321
9330.000 0.323
9335.000 0.321
9340.000 0.325
9345.000 0.319
9350.000 0.322
9355.000 0.320
9360.000 0.321
9365.000 0.320
9370.000 0.330
9375.000 0.329
9380.000 0.325
9385.000 0.326
9390.000 0.326
9395.000 0.324
9400.000 0.324
9405.000 0.325
9410.000 0.324
9415.000 0.321
9420.000 0.324
9425.000 0.321
9430.000 0.322
9435.000 0.322
9440.000 0.321
9445.000 0.320
9450.000 0.320
9455.000 0.320
9460.000 0.319
9465.000 0.319
9470.000 0.319
9475.000 0.319
9480.000 0.319
9485.000 0.318
9490.000 0.320
9495.000 0.322
9500.000 0.323
9505.000 0.319
9510.000 0.321
9515.000 0.318
9520.000 0.320
9525.000 0.321
9530.000 0.323
9535.000 0.319
9540.000 0.325
9545.000 0.322
9550.000 0.323
9555.000 0.321
9560.000 0.321
9565.000 0.321
9570.000 0.322
9575.000 0.321
9580.000 0.321
9585.000 0.322
9590.000 0.321
9595.000 0.321
9600.000 0.321
9605.000 0.332
9610.000 0.336
9615.000 0.336
9620.000 0.335
9625.000 0.330
9630.000 0.329
9635.000 0.327
9640.000 0.328
9645.000 0.328
9650.000 0.323
9655.000 0.324
9660.000 0.319
9665.000 0.320
9670.000 0.317
9675.000 0.319
9680.000 0.318
9685.000 0.318
9690.000 0.318
9695.000 0.319
9700.000 0.325
9705.000 0.330
9710.000 0.327
9715.000 0.324
9720.000 0.322
9725.000 0.323
9730.000 0.323
9735.000 0.323
9740.000 0.320
9745.000 0.320
9750.000 0.318
9755.000 0.320
9760.000 0.318
9765.000 0.319
9770.000 0.320
9775.000 0.316
9780.000 0.317
9785.000 0.315
9790.000 0.314
9795.000 0.315
9800.000 0.314
9805.000 0.312
9810.000 0.316
9815.000 0.311
9820.000 0.314
9825.000 0.314
9830.000 0.306
9835.000 0.306
9840.000 0.302
9845.000 0.301
9850.000 0.300
9855.000 0.298
9860.000 0.293
9865.000 0.288
9870.000 0.283
9875.000 0.276
9880.000 0.262
9885.000 0.263
9890.000 0.251
9895.000 0.245
9900.000 0.238
9905.000 0.252
9910.000 0.278
9915.000 0.391
9920.000 0.499
9925.000 0.807
9930.000 1.084
9935.000 1.163
9940.000 1.182
9945.000 1.154
9950.000 1.087
9955.000 1.018
9960.000 1.003
9965.000 0.978
9970.000 0.967
9975.000 0.967
9980.000 0.994
9985.000 1.020
9990.000 1.103
9995.000 1.171
10000.000 1.280
10005.000 1.282
10010.000 1.232
10015.000 1.030
10020.000 0.907
10025.000 0.681
10030.000 0.514
10035.000 0.450
10040.000 0.355
10045.000 0.316
10050.000 0.246
10055.000 0.206
10060.000 0.186
10065.000 0.162
10070.000 0.154
10075.000 0.140
10080.000 0.140
10085.000 0.147
10090.000 0.161
10095.000 0.170
10100.000 0.206
10105.000 0.260
10110.000 0.298
10115.000 0.424
10120.000 0.512
10125.000 0.758
10130.000 1.118
10135.000 1.325
10140.000 1.770
10145.000 1.980
10150.000 2.333
10155.000 2.483
10160.000 2.466
10165.000 2.294
10170.000 2.173
10175.000 1.904
10180.000 1.645
10185.000 1.523
10190.000 1.309
10195.000 1.206
10200.000 1.080
10205.000 1.020
10210.000 0.912
10215.000 0.838
10220.000 0.808
10225.000 0.783
10230.000 0.771
10235.000 0.765
10240.000 0.760
10245.000 0.767
10250.000 0.773
10255.000 0.778
10260.000 0.791
10265.000 0.806
10270.000 0.818
10275.000 0.848
10280.000 0.866
10285.000 0.913
10290.000 0.969
10295.000 1.000
10300.000 1.071
10305.000 1.110
10310.000 1.205
10315.000 1.286
10320.000 1.308
10325.000 1.311
10330.000 1.286
10335.000 1.142
10340.000 0.949
10345.000 0.848
10350.000 0.663
10355.000 0.592
10360.000 0.472
10365.000 0.375
10370.000 0.335
10375.000 0.269
10380.000 0.238
10385.000 0.202
10390.000 0.163
10395.000 0.151
10400.000 0.121
10405.000 0.109
10410.000 0.090
10415.000 0.073
10420.000 0.067
10425.000 0.054
10430.000 0.049
10435.000 0.040
10440.000 0.035
10445.000 0.036
10450.000 0.040
10455.000 0.043
10460.000 0.057
10465.000 0.074
10470.000 0.087
10475.000 0.120
10480.000 0.139
10485.000 0.205
10490.000 0.329
10495.000 0.407
10500.000 0.619
10505.000 0.746
10510.000 1.018
10515.000 1.314
10520.000 1.475
10525.000 1.762
10530.000 1.865
10535.000 1.989
10540.000 1.968
10545.000 1.926
10550.000 1.792
10555.000 1.721
10560.000 1.568
10565.000 1.433
10570.000 1.364
10575.000 1.244
10580.000 1.192
10585.000 1.084
10590.000 0.986
10595.000 0.943
10600.000 0.859
10605.000 0.824
10610.000 0.760
10615.000 0.713
10620.000 0.694
10625.000 0.660
10630.000 0.645
10635.000 0.625
10640.000 0.615
10645.000 0.613
10650.000 0.618
10655.000 0.620
10660.000 0.628
10665.000 0.639
10670.000 0.643
10675.000 0.658
10680.000 0.674
10685.000 0.692
10690.000 0.713
10695.000 0.725
10700.000 0.755
10705.000 0.772
10710.000 0.803
10715.000 0.832
10720.000 0.846
10725.000 0.847
10730.000 0.831
10735.000 0.775
10740.000 0.672
10745.000 0.616
10750.000 0.493
10755.000 0.436
10760.000 0.334
10765.000 0.256
10770.000 0.222
10775.000 0.172
10780.000 0.152
10785.000 0.125
10790.000 0.114
10795.000 0.102
10800.000 0.095
10805.000 0.093
10810.000 0.092
10815.000 0.091
10820.000 0.094
10825.000 0.095
10830.000 0.097
10835.000 0.095
10840.000 0.094
10845.000 0.093
10850.000 0.093
10855.000 0.094
10860.000 0.091
10865.000 0.091
10870.000 0.091
10875.000 0.092
10880.000 0.097
10885.000 0.110
10890.000 0.125
10895.000 0.161
10900.000 0.223
10905.000 0.263
10910.000 0.365
10915.000 0.430
10920.000 0.587
10925.000 0.761
10930.000 0.853
10935.000 0.984
10940.000 1.020
10945.000 1.052
10950.000 1.021
10955.000 0.988
10960.000 0.917
10965.000 0.879
10970.000 0.806
10975.000 0.741
10980.000 0.710
10985.000 0.650
10990.000 0.634
10995.000 0.588
11000.000 0.552
11005.000 0.536
11010.000 0.509
11015.000 0.498
11020.000 0.476
11025.000 0.476
11030.000 0.472
11035.000 0.483
11040.000 0.491
11045.000 0.496
11050.000 0.488
11055.000 0.489
11060.000 0.490
11065.000 0.491
11070.000 0.501
11075.000 0.492
11080.000 0.484
11085.000 0.457
11090.000 0.445
11095.000 0.397
11100.000 0.345
11105.000 0.319
11110.000 0.270
11115.000 0.249
11120.000 0.226
11125.000 0.213
11130.000 0.214
11135.000 0.218
11140.000 0.216
11145.000 0.220
11150.000 0.223
11155.000 0.225
11160.000 0.224
11165.000 0.227
11170.000 0.230
11175.000 0.232
11180.000 0.235
11185.000 0.244
11190.000 0.247
11195.000 0.262
11200.000 0.280
11205.000 0.291
11210.000 0.310
11215.000 0.316
11220.000 0.323
11225.000 0.328
11230.000 0.325
11235.000 0.322
11240.000 0.324
11245.000 0.321
11250.000 0.320
11255.000 0.320
11260.000 0.317
11265.000 0.318
11270.000 0.317
11275.000 0.313
11280.000 0.313
11285.000 0.312
11290.000 0.311
11295.000 0.312
11300.000 0.312
11305.000 0.310
11310.000 0.313
11315.000 0.310
11320.000 0.311
11325.000 0.309
11330.000 0.311
11335.000 0.309
11340.000 0.309
11345.000 0.312
11350.000 0.314
11355.000 0.313
11360.000 0.312
11365.000 0.309
11370.000 0.311
11375.000 0.310
11380.000 0.308
11385.000 0.310
11390.000 0.312
11395.000 0.311
11400.000 0.309
11405.000 0.307
11410.000 0.309
11415.000 0.310
11420.000 0.308
11425.000 0.308
11430.000 0.306
11435.000 0.306
11440.000 0.306
11445.000 0.306
11450.000 0.308
11455.000 0.306
11460.000 0.308
11465.000 0.306
11470.000 0.304
11475.000 0.304
11480.000 0.306
11485.000 0.306
11490.000 0.306
11495.000 0.304
11500.000 0.303
11505.000 0.300
11510.000 0.305
11515.000 0.306
11520.000 0.302
11525.000 0.303
11530.000 0.303
11535.000 0.307
11540.000 0.308
11545.000 0.307
11550.000 0.305
11555.000 0.304
11560.000 0.303
11565.000 0.303
11570.000 0.304
11575.000 0.301
11580.000 0.303
11585.000 0.304
11590.000 0.304
11595.000 0.303
11600.000 0.305
11605.000 0.303
11610.000 0.301
11615.000 0.303
11620.000 0.301
11625.000 0.300
11630.000 0.302
11635.000 0.298
11640.000 0.301
11645.000 0.302
11650.000 0.300
11655.000 0.303
11660.000 0.300
11665.000 0.302
11670.000 0.301
11675.000 0.303
11680.000 0.302
11685.000 0.305
11690.000 0.302
11695.000 0.301
11700.000 0.302
11705.000 0.301
11710.000 0.302
11715.000 0.303
11720.000 0.305
11725.000 0.302
11730.000 0.302
11735.000 0.303
11740.000 0.300
11745.000 0.300
11750.000 0.301
11755.000 0.297
11760.000 0.298
11765.000 0.296
11770.000 0.296
11775.000 0.296
11780.000 0.294
11785.000 0.296
11790.000 0.297
11795.000 0.297
11800.000 0.297
11805.000 0.296
11810.000 0.297
11815.000 0.298
11820.000 0.295
11825.000 0.297
11830.000 0.297
11835.000 0.297
11840.000 0.295
11845.000 0.296
11850.000 0.293
11855.000 0.298
11860.000 0.298
11865.000 0.299
11870.000 0.297
11875.000 0.297
11880.000 0.296
11885.000 0.292
11890.000 0.296
11895.000 0.295
11900.000 0.295
11905.000 0.295
11910.000 0.292
11915.000 0.292
11920.000 0.293
11925.000 0.294
11930.000 0.294
11935.000 0.294
11940.000 0.296
11945.000 0.296
11950.000 0.296
11955.000 0.295
11960.000 0.296
11965.000 0.298
11970.000 0.293
11975.000 0.295
11980.000 0.295
11985.000 0.292
11990.000 0.302
11995.000 0.326
12000.000 0.352
