105.000 0.047
110.000 1.586
115.000 2.440
120.000 2.936
125.000 3.187
130.000 3.443
135.000 3.749
140.000 3.904
145.000 4.076
150.000 4.575
155.000 5.084
160.000 5.399
165.000 5.623
170.000 6.077
175.000 6.159
180.000 6.841
185.000 7.546
190.000 7.762
195.000 8.660
200.000 9.220
205.000 10.876
210.000 12.542
215.000 13.743
220.000 16.059
225.000 17.688
230.000 20.890
235.000 24.325
240.000 25.589
245.000 26.895
250.000 26.869
255.000 25.391
260.000 22.342
265.000 21.195
270.000 19.577
275.000 17.274
280.000 15.470
285.000 15.033
290.000 13.642
295.000 12.803
300.000 12.377
305.000 11.744
310.000 11.348
315.000 11.226
320.000 11.122
325.000 11.103
330.000 11.165
335.000 11.304
340.000 11.478
345.000 11.895
350.000 12.169
355.000 12.817
360.000 13.506
365.000 14.029
370.000 15.209
375.000 15.738
380.000 16.924
385.000 18.376
390.000 19.255
395.000 21.436
400.000 22.591
405.000 24.888
410.000 27.804
415.000 29.463
420.000 31.991
425.000 34.939
430.000 37.356
435.000 39.096
440.000 43.772
445.000 47.127
450.000 49.045
455.000 52.785
460.000 56.052
465.000 57.101
470.000 57.375
475.000 55.953
480.000 48.444
485.000 43.893
490.000 35.445
495.000 31.962
500.000 26.015
505.000 21.091
510.000 16.974
515.000 15.240
520.000 12.300
525.000 11.074
530.000 9.059
535.000 7.561
540.000 7.025
545.000 5.966
550.000 5.472
555.000 4.763
560.000 4.559
565.000 4.071
570.000 3.676
575.000 3.554
580.000 3.378
585.000 3.247
590.000 2.965
595.000 2.864
600.000 2.692
605.000 2.653
610.000 2.606
615.000 2.595
620.000 2.565
625.000 2.544
630.000 2.641
635.000 2.761
640.000 2.858
645.000 3.013
650.000 3.144
655.000 3.546
660.000 3.792
665.000 4.337
670.000 5.172
675.000 5.670
680.000 7.151
685.000 8.158
690.000 9.963
695.000 10.688
700.000 10.134
705.000 7.705
710.000 6.463
715.000 4.598
720.000 3.447
725.000 2.993
730.000 2.698
735.000 2.149
740.000 1.808
745.000 1.535
750.000 1.389
755.000 1.201
760.000 1.129
765.000 1.006
770.000 0.931
775.000 0.880
780.000 0.804
785.000 0.776
790.000 0.722
795.000 0.684
800.000 0.671
805.000 0.651
810.000 0.647
815.000 0.655
820.000 0.654
825.000 0.665
830.000 0.665
835.000 0.667
840.000 0.681
845.000 0.705
850.000 0.725
855.000 0.775
860.000 0.803
865.000 0.886
870.000 1.000
875.000 1.058
880.000 1.236
885.000 1.640
890.000 2.101
895.000 2.588
900.000 2.969
905.000 3.280
910.000 3.225
915.000 2.611
920.000 2.241
925.000 1.637
930.000 1.255
935.000 1.115
940.000 0.916
945.000 0.842
950.000 0.725
955.000 0.661
960.000 0.646
965.000 0.561
970.000 0.553
975.000 0.509
980.000 0.486
985.000 0.478
990.000 0.421
995.000 0.458
1000.000 0.476
1005.000 0.443
1010.000 0.443
1015.000 0.451
1020.000 0.459
1025.000 0.441
1030.000 0.449
1035.000 0.453
1040.000 0.461
1045.000 0.468
1050.000 0.483
1055.000 0.521
1060.000 0.528
1065.000 0.558
1070.000 0.572
1075.000 0.620
1080.000 0.684
1085.000 0.724
1090.000 0.830
1095.000 0.896
1100.000 1.107
1105.000 1.396
1110.000 1.575
1115.000 1.872
1120.000 1.917
1125.000 1.672
1130.000 1.248
1135.000 1.077
1140.000 0.820
1145.000 0.731
1150.000 0.590
1155.000 0.507
1160.000 0.477
1165.000 0.420
1170.000 0.401
1175.000 0.378
1180.000 0.360
1185.000 0.381
1190.000 0.624
1195.000 0.567
1200.000 0.392
1205.000 0.306
1210.000 0.354
1215.000 0.327
1220.000 0.319
1225.000 0.327
1230.000 0.337
1235.000 0.370
1240.000 0.383
1245.000 0.384
1250.000 0.397
1255.000 0.425
1260.000 0.448
1265.000 0.500
1270.000 0.532
1275.000 0.615
1280.000 0.665
1285.000 0.806
1290.000 1.025
1295.000 1.188
1300.000 2.564
1305.000 3.119
1310.000 3.775
1315.000 4.770
1320.000 4.676
1325.000 3.728
1330.000 2.640
1335.000 2.241
1340.000 1.689
1345.000 1.499
1350.000 1.233
1355.000 1.044
1360.000 0.975
1365.000 0.870
1370.000 0.837
1375.000 0.787
1380.000 0.745
1385.000 0.737
1390.000 0.731
1395.000 0.724
1400.000 0.727
1405.000 0.738
1410.000 0.751
1415.000 0.766
1420.000 0.792
1425.000 0.828
1430.000 0.889
1435.000 0.920
1440.000 0.962
1445.000 1.076
1450.000 1.265
1455.000 1.532
1460.000 1.718
1465.000 2.250
1470.000 2.656
1475.000 3.431
1480.000 3.654
1485.000 3.922
1490.000 2.872
1495.000 2.422
1500.000 2.106
1505.000 1.672
1510.000 1.334
1515.000 1.150
1520.000 1.022
1525.000 0.851
1530.000 0.787
1535.000 0.690
1540.000 0.623
1545.000 0.590
1550.000 0.557
1555.000 0.537
1560.000 0.502
1565.000 0.483
1570.000 0.474
1575.000 0.467
1580.000 0.472
1585.000 0.476
1590.000 0.488
1595.000 0.497
1600.000 0.525
1605.000 0.552
1610.000 0.600
1615.000 0.709
1620.000 0.758
1625.000 0.954
1630.000 1.114
1635.000 1.557
1640.000 2.140
1645.000 2.422
1650.000 2.742
1655.000 2.883
1660.000 2.389
1665.000 1.783
1670.000 1.573
1675.000 1.280
1680.000 1.192
1685.000 1.066
1690.000 1.061
1695.000 1.216
1700.000 1.244
1705.000 1.295
1710.000 1.559
1715.000 1.745
1720.000 1.792
1725.000 1.592
1730.000 1.373
1735.000 0.947
1740.000 0.667
1745.000 0.581
1750.000 0.469
1755.000 0.432
1760.000 0.377
1765.000 0.327
1770.000 0.325
1775.000 0.300
1780.000 0.292
1785.000 0.286
1790.000 0.278
1795.000 0.270
1800.000 0.267
1805.000 0.269
1810.000 0.265
1815.000 0.262
1820.000 0.282
1825.000 0.325
1830.000 0.312
1835.000 0.294
1840.000 0.288
1845.000 0.281
1850.000 0.278
1855.000 0.274
1860.000 0.275
1865.000 0.283
1870.000 0.307
1875.000 0.301
1880.000 0.295
1885.000 0.286
1890.000 0.285
1895.000 0.278
1900.000 0.284
1905.000 0.301
1910.000 0.321
1915.000 0.306
1920.000 0.300
1925.000 0.290
1930.000 0.293
1935.000 0.301
1940.000 0.303
1945.000 0.379
1950.000 0.578
1955.000 0.538
1960.000 0.453
1965.000 0.444
1970.000 0.391
1975.000 0.363
1980.000 0.348
1985.000 0.319
1990.000 0.307
1995.000 0.300
2000.000 0.350
2005.000 0.317
2010.000 0.312
2015.000 0.287
2020.000 0.287
2025.000 0.339
2030.000 0.345
2035.000 0.311
2040.000 0.306
2045.000 0.309
2050.000 0.288
2055.000 0.297
2060.000 0.291
2065.000 0.285
2070.000 0.292
2075.000 0.289
2080.000 0.289
2085.000 0.289
2090.000 0.289
2095.000 0.283
2100.000 0.284
2105.000 0.285
2110.000 0.285
2115.000 0.288
2120.000 0.285
2125.000 0.285
2130.000 0.278
2135.000 0.278
2140.000 0.277
2145.000 0.279
2150.000 0.277
2155.000 0.280
2160.000 0.280
2165.000 0.279
2170.000 0.286
2175.000 0.281
2180.000 0.283
2185.000 0.287
2190.000 0.284
2195.000 0.283
2200.000 0.282
2205.000 0.281
2210.000 0.279
2215.000 0.281
2220.000 0.283
2225.000 0.280
2230.000 0.287
2235.000 0.288
2240.000 0.285
2245.000 0.284
2250.000 0.280
2255.000 0.281
2260.000 0.283
2265.000 0.281
2270.000 0.286
2275.000 0.287
2280.000 0.285
2285.000 0.284
2290.000 0.283
2295.000 0.287
2300.000 0.283
2305.000 0.285
2310.000 0.286
2315.000 0.283
2320.000 0.283
2325.000 0.288
2330.000 0.286
2335.000 0.282
2340.000 0.286
2345.000 0.287
2350.000 0.313
2355.000 0.306
2360.000 0.299
2365.000 0.291
2370.000 0.289
2375.000 0.347
2380.000 0.405
2385.000 0.399
2390.000 0.408
2395.000 0.368
2400.000 0.344
2405.000 0.367
2410.000 0.344
2415.000 0.332
2420.000 0.317
2425.000 0.318
2430.000 0.311
2435.000 0.303
2440.000 0.302
2445.000 0.303
2450.000 0.304
2455.000 0.302
2460.000 0.304
2465.000 0.300
2470.000 0.306
2475.000 0.304
2480.000 0.305
2485.000 0.310
2490.000 0.314
2495.000 0.315
2500.000 0.355
2505.000 0.359
2510.000 0.346
2515.000 0.335
2520.000 0.353
2525.000 0.373
2530.000 0.358
2535.000 0.339
2540.000 0.333
2545.000 0.335
2550.000 0.341
2555.000 0.333
2560.000 0.327
2565.000 0.356
2570.000 0.356
2575.000 0.336
2580.000 0.334
2585.000 0.350
2590.000 0.391
2595.000 0.391
2600.000 0.364
2605.000 0.350
2610.000 0.330
2615.000 0.325
2620.000 0.323
2625.000 0.318
2630.000 0.310
2635.000 0.374
2640.000 0.371
2645.000 0.347
2650.000 0.332
2655.000 0.327
2660.000 0.351
2665.000 0.344
2670.000 0.328
2675.000 0.328
2680.000 0.320
2685.000 0.309
2690.000 0.310
2695.000 0.363
2700.000 0.355
2705.000 0.340
2710.000 0.325
2715.000 0.317
2720.000 0.313
2725.000 0.305
2730.000 0.317
2735.000 0.376
2740.000 0.365
2745.000 0.348
2750.000 0.340
2755.000 0.326
2760.000 0.315
2765.000 0.322
2770.000 0.317
2775.000 0.312
2780.000 0.318
2785.000 0.313
2790.000 0.309
2795.000 0.310
2800.000 0.312
2805.000 0.307
2810.000 0.305
2815.000 0.308
2820.000 0.326
2825.000 0.319
2830.000 0.311
2835.000 0.311
2840.000 0.309
2845.000 0.308
2850.000 0.305
2855.000 0.306
2860.000 0.306
2865.000 0.304
2870.000 0.303
2875.000 0.305
2880.000 0.345
2885.000 0.339
2890.000 0.329
2895.000 0.323
2900.000 0.314
2905.000 0.311
2910.000 0.366
2915.000 0.381
2920.000 0.356
2925.000 0.341
2930.000 0.328
2935.000 0.317
2940.000 0.320
2945.000 0.317
2950.000 0.316
2955.000 0.317
2960.000 0.313
2965.000 0.307
2970.000 0.315
2975.000 0.301
2980.000 0.305
2985.000 0.314
2990.000 0.313
2995.000 0.315
3000.000 0.308
3005.000 0.306
3010.000 0.312
3015.000 0.304
3020.000 0.305
3025.000 0.313
3030.000 0.312
3035.000 0.307
3040.000 0.302
3045.000 0.299
3050.000 0.335
3055.000 0.329
3060.000 0.328
3065.000 0.330
3070.000 0.395
3075.000 0.404
3080.000 0.417
3085.000 0.389
3090.000 0.388
3095.000 0.371
3100.000 0.358
3105.000 0.333
3110.000 0.325
3115.000 0.321
3120.000 0.311
3125.000 0.313
3130.000 0.307
3135.000 0.311
3140.000 0.307
3145.000 0.322
3150.000 0.329
3155.000 0.320
3160.000 0.318
3165.000 0.317
3170.000 0.309
3175.000 0.310
3180.000 0.307
3185.000 0.339
3190.000 0.346
3195.000 0.331
3200.000 0.319
3205.000 0.315
3210.000 0.308
3215.000 0.304
3220.000 0.302
3225.000 0.302
3230.000 0.301
3235.000 0.299
3240.000 0.298
3245.000 0.335
3250.000 0.328
3255.000 0.320
3260.000 0.317
3265.000 0.311
3270.000 0.307
3275.000 0.304
3280.000 0.303
3285.000 0.305
3290.000 0.303
3295.000 0.303
3300.000 0.302
3305.000 0.300
3310.000 0.322
3315.000 0.336
3320.000 0.327
3325.000 0.340
3330.000 0.356
3335.000 0.343
3340.000 0.327
3345.000 0.316
3350.000 0.320
3355.000 0.348
3360.000 0.349
3365.000 0.333
3370.000 0.327
3375.000 0.323
3380.000 0.314
3385.000 0.312
3390.000 0.309
3395.000 0.311
3400.000 0.317
3405.000 0.332
3410.000 0.336
3415.000 0.383
3420.000 0.445
3425.000 0.515
3430.000 0.852
3435.000 1.177
3440.000 2.230
3445.000 3.871
3450.000 4.942
3455.000 7.671
3460.000 9.195
3465.000 11.636
3470.000 12.289
3475.000 11.890
3480.000 9.674
3485.000 8.165
3490.000 5.788
3495.000 4.281
3500.000 3.630
3505.000 2.667
3510.000 2.317
3515.000 1.852
3520.000 1.487
3525.000 1.344
3530.000 1.159
3535.000 1.166
3540.000 1.032
3545.000 0.950
3550.000 0.914
3555.000 0.883
3560.000 0.865
3565.000 0.891
3570.000 0.891
3575.000 0.891
3580.000 0.900
3585.000 0.919
3590.000 0.990
3595.000 1.107
3600.000 1.181
3605.000 1.381
3610.000 1.529
3615.000 1.924
3620.000 2.506
3625.000 2.836
3630.000 3.439
3635.000 3.627
3640.000 3.718
3645.000 3.243
3650.000 2.932
3655.000 2.397
3660.000 2.193
3665.000 1.912
3670.000 1.744
3675.000 1.704
3680.000 1.813
3685.000 1.853
3690.000 1.982
3695.000 2.276
3700.000 2.497
3705.000 3.164
3710.000 3.630
3715.000 4.699
3720.000 5.102
3725.000 4.755
3730.000 3.584
3735.000 2.992
3740.000 2.239
3745.000 1.677
3750.000 1.487
3755.000 1.215
3760.000 1.119
3765.000 0.977
3770.000 0.874
3775.000 0.829
3780.000 0.757
3785.000 0.729
3790.000 0.681
3795.000 0.642
3800.000 0.624
3805.000 0.599
3810.000 0.589
3815.000 0.578
3820.000 0.573
3825.000 0.572
3830.000 0.579
3835.000 0.585
3840.000 0.625
3845.000 0.663
3850.000 0.692
3855.000 0.731
3860.000 0.759
3865.000 0.850
3870.000 0.902
3875.000 1.004
3880.000 1.005
3885.000 0.970
3890.000 0.998
3895.000 0.898
3900.000 0.717
3905.000 0.585
3910.000 0.539
3915.000 0.482
3920.000 0.459
3925.000 0.417
3930.000 0.391
3935.000 0.382
3940.000 0.374
3945.000 0.373
3950.000 0.398
3955.000 0.406
3960.000 0.423
3965.000 0.439
3970.000 0.453
3975.000 0.471
3980.000 0.522
3985.000 0.561
3990.000 0.669
3995.000 0.745
4000.000 0.993
4005.000 1.346
4010.000 1.600
4015.000 2.161
4020.000 2.372
4025.000 2.347
4030.000 1.819
4035.000 1.579
4040.000 1.193
4045.000 1.058
4050.000 0.857
4055.000 0.727
4060.000 0.672
4065.000 0.605
4070.000 0.583
4075.000 0.552
4080.000 0.526
4085.000 0.518
4090.000 0.501
4095.000 0.499
4100.000 0.487
4105.000 0.466
4110.000 0.447
4115.000 0.426
4120.000 0.348
4125.000 0.229
4130.000 0.125
4135.000 0.093
4140.000 0.089
4145.000 0.102
4150.000 0.123
4155.000 0.133
4160.000 0.148
4165.000 0.158
4170.000 0.162
4175.000 0.177
4180.000 0.180
4185.000 0.189
4190.000 0.198
4195.000 0.201
4200.000 0.208
4205.000 0.213
4210.000 0.223
4215.000 0.233
4220.000 0.239
4225.000 0.260
4230.000 0.271
4235.000 0.299
4240.000 0.342
4245.000 0.371
4250.000 0.450
4255.000 0.499
4260.000 0.560
4265.000 0.525
4270.000 0.483
4275.000 0.397
4280.000 0.357
4285.000 0.284
4290.000 0.230
4295.000 0.212
4300.000 0.205
4305.000 0.210
4310.000 0.228
4315.000 0.238
4320.000 0.243
4325.000 0.250
4330.000 0.249
4335.000 0.252
4340.000 0.255
4345.000 0.255
4350.000 0.258
4355.000 0.259
4360.000 0.261
4365.000 0.260
4370.000 0.260
4375.000 0.308
4380.000 0.300
4385.000 0.287
4390.000 0.287
4395.000 0.280
4400.000 0.284
4405.000 0.282
4410.000 0.276
4415.000 0.273
4420.000 0.270
4425.000 0.271
4430.000 0.267
4435.000 0.267
4440.000 0.267
4445.000 0.266
4450.000 0.263
4455.000 0.262
4460.000 0.259
4465.000 0.259
4470.000 0.258
4475.000 0.257
4480.000 0.256
4485.000 0.256
4490.000 0.256
4495.000 0.257
4500.000 0.255
4505.000 0.257
4510.000 0.258
4515.000 0.256
4520.000 0.255
4525.000 0.253
4530.000 0.257
4535.000 0.256
4540.000 0.255
4545.000 0.254
4550.000 0.254
4555.000 0.254
4560.000 0.258
4565.000 0.258
4570.000 0.257
4575.000 0.257
4580.000 0.258
4585.000 0.256
4590.000 0.256
4595.000 0.256
4600.000 0.256
4605.000 0.258
4610.000 0.254
4615.000 0.256
4620.000 0.256
4625.000 0.257
4630.000 0.258
4635.000 0.257
4640.000 0.257
4645.000 0.258
4650.000 0.260
4655.000 0.262
4660.000 0.260
4665.000 0.259
4670.000 0.260
4675.000 0.259
4680.000 0.259
4685.000 0.260
4690.000 0.261
4695.000 0.259
4700.000 0.260
4705.000 0.260
4710.000 0.261
4715.000 0.260
4720.000 0.260
4725.000 0.260
4730.000 0.262
4735.000 0.261
4740.000 0.263
4745.000 0.267
4750.000 0.268
4755.000 0.266
4760.000 0.278
4765.000 0.279
4770.000 0.275
4775.000 0.282
4780.000 0.283
4785.000 0.284
4790.000 0.283
4795.000 0.285
4800.000 0.283
4805.000 0.284
4810.000 0.291
4815.000 0.288
4820.000 0.282
4825.000 0.280
4830.000 0.280
4835.000 0.278
4840.000 0.276
4845.000 0.336
4850.000 0.330
4855.000 0.325
4860.000 0.310
4865.000 0.307
4870.000 0.308
4875.000 0.304
4880.000 0.298
4885.000 0.316
4890.000 0.312
4895.000 0.302
4900.000 0.294
4905.000 0.294
4910.000 0.287
4915.000 0.289
4920.000 0.286
4925.000 0.278
4930.000 0.279
4935.000 0.277
4940.000 0.277
4945.000 0.277
4950.000 0.275
4955.000 0.277
4960.000 0.272
4965.000 0.286
4970.000 0.277
4975.000 0.287
4980.000 0.286
4985.000 0.276
4990.000 0.273
4995.000 0.269
5000.000 0.276
5005.000 0.271
5010.000 0.309
5015.000 0.318
5020.000 0.321
5025.000 0.305
5030.000 0.306
5035.000 0.298
5040.000 0.289
5045.000 0.289
5050.000 0.291
5055.000 0.285
5060.000 0.282
5065.000 0.288
5070.000 0.278
5075.000 0.275
5080.000 0.279
5085.000 0.286
5090.000 0.284
5095.000 0.286
5100.000 0.287
5105.000 0.295
5110.000 0.298
5115.000 0.295
5120.000 0.289
5125.000 0.290
5130.000 0.290
5135.000 0.284
5140.000 0.285
5145.000 0.283
5150.000 0.284
5155.000 0.282
5160.000 0.283
5165.000 0.282
5170.000 0.280
5175.000 0.283
5180.000 0.278
5185.000 0.280
5190.000 0.281
5195.000 0.284
5200.000 0.283
5205.000 0.281
5210.000 0.282
5215.000 0.283
5220.000 0.284
5225.000 0.284
5230.000 0.285
5235.000 0.280
5240.000 0.280
5245.000 0.283
5250.000 0.294
5255.000 0.298
5260.000 0.295
5265.000 0.289
5270.000 0.288
5275.000 0.286
5280.000 0.285
5285.000 0.282
5290.000 0.285
5295.000 0.285
5300.000 0.285
5305.000 0.284
5310.000 0.286
5315.000 0.288
5320.000 0.285
5325.000 0.286
5330.000 0.285
5335.000 0.283
5340.000 0.286
5345.000 0.286
5350.000 0.288
5355.000 0.288
5360.000 0.290
5365.000 0.290
5370.000 0.288
5375.000 0.285
5380.000 0.287
5385.000 0.286
5390.000 0.286
5395.000 0.349
5400.000 0.344
5405.000 0.340
5410.000 0.332
5415.000 0.328
5420.000 0.323
5425.000 0.334
5430.000 0.328
5435.000 0.318
5440.000 0.312
5445.000 0.306
5450.000 0.316
5455.000 0.325
5460.000 0.322
5465.000 0.317
5470.000 0.316
5475.000 0.311
5480.000 0.305
5485.000 0.305
5490.000 0.298
5495.000 0.318
5500.000 0.327
5505.000 0.319
5510.000 0.311
5515.000 0.307
5520.000 0.313
5525.000 0.306
5530.000 0.313
5535.000 0.307
5540.000 0.303
5545.000 0.300
5550.000 0.298
5555.000 0.293
5560.000 0.293
5565.000 0.294
5570.000 0.294
5575.000 0.295
5580.000 0.301
5585.000 0.304
5590.000 0.304
5595.000 0.321
5600.000 0.329
5605.000 0.320
5610.000 0.309
5615.000 0.311
5620.000 0.306
5625.000 0.305
5630.000 0.316
5635.000 0.344
5640.000 0.339
5645.000 0.339
5650.000 0.343
5655.000 0.338
5660.000 0.329
5665.000 0.324
5670.000 0.317
5675.000 0.315
5680.000 0.330
5685.000 0.321
5690.000 0.320
5695.000 0.314
5700.000 0.312
5705.000 0.309
5710.000 0.310
5715.000 0.317
5720.000 0.318
5725.000 0.314
5730.000 0.311
5735.000 0.310
5740.000 0.311
5745.000 0.346
5750.000 0.340
5755.000 0.332
5760.000 0.319
5765.000 0.316
5770.000 0.310
5775.000 0.310
5780.000 0.308
5785.000 0.306
5790.000 0.319
5795.000 0.340
5800.000 0.334
5805.000 0.327
5810.000 0.321
5815.000 0.317
5820.000 0.308
5825.000 0.310
5830.000 0.350
5835.000 0.336
5840.000 0.338
5845.000 0.500
5850.000 0.514
5855.000 0.487
5860.000 0.424
5865.000 0.417
5870.000 0.378
5875.000 0.364
5880.000 0.347
5885.000 0.336
5890.000 0.340
5895.000 0.353
5900.000 0.355
5905.000 0.347
5910.000 0.337
5915.000 0.333
5920.000 0.325
5925.000 0.321
5930.000 0.322
5935.000 0.316
5940.000 0.327
5945.000 0.319
5950.000 0.320
5955.000 0.315
5960.000 0.316
5965.000 0.352
5970.000 0.352
5975.000 0.349
5980.000 0.342
5985.000 0.343
5990.000 0.323
5995.000 0.324
6000.000 0.331
6005.000 0.319
6010.000 0.314
6015.000 0.321
6020.000 0.325
6025.000 0.315
6030.000 0.325
6035.000 0.327
6040.000 0.342
6045.000 0.335
6050.000 0.328
6055.000 0.352
6060.000 0.338
6065.000 0.352
6070.000 0.338
6075.000 0.338
6080.000 0.330
6085.000 0.329
6090.000 0.326
6095.000 0.323
6100.000 0.359
6105.000 0.362
6110.000 0.363
6115.000 0.355
6120.000 0.346
6125.000 0.343
6130.000 0.341
6135.000 0.339
6140.000 0.334
6145.000 0.330
6150.000 0.328
6155.000 0.326
6160.000 0.329
6165.000 0.325
6170.000 0.324
6175.000 0.330
6180.000 0.329
6185.000 0.334
6190.000 0.363
6195.000 0.364
6200.000 0.360
6205.000 0.354
6210.000 0.350
6215.000 0.342
6220.000 0.361
6225.000 0.363
6230.000 0.358
6235.000 0.348
6240.000 0.346
6245.000 0.344
6250.000 0.340
6255.000 0.362
6260.000 0.538
6265.000 0.525
6270.000 0.542
6275.000 0.524
6280.000 0.500
6285.000 0.526
6290.000 0.510
6295.000 0.516
6300.000 0.486
6305.000 0.426
6310.000 0.418
6315.000 0.381
6320.000 0.356
6325.000 0.344
6330.000 0.336
6335.000 0.329
6340.000 0.325
6345.000 0.324
6350.000 0.324
6355.000 0.324
6360.000 0.326
6365.000 0.324
6370.000 0.350
6375.000 0.347
6380.000 0.344
6385.000 0.337
6390.000 0.335
6395.000 0.329
6400.000 0.332
6405.000 0.330
6410.000 0.329
6415.000 0.328
6420.000 0.324
6425.000 0.327
6430.000 0.323
6435.000 0.326
6440.000 0.324
6445.000 0.325
6450.000 0.325
6455.000 0.323
6460.000 0.325
6465.000 0.327
6470.000 0.321
6475.000 0.322
6480.000 0.323
6485.000 0.322
6490.000 0.321
6495.000 0.323
6500.000 0.323
6505.000 0.326
6510.000 0.327
6515.000 0.324
6520.000 0.324
6525.000 0.325
6530.000 0.326
6535.000 0.326
6540.000 0.324
6545.000 0.324
6550.000 0.325
6555.000 0.325
6560.000 0.324
6565.000 0.325
6570.000 0.325
6575.000 0.326
6580.000 0.322
6585.000 0.326
6590.000 0.321
6595.000 0.487
6600.000 0.510
6605.000 0.510
6610.000 0.506
6615.000 0.490
6620.000 0.466
6625.000 0.427
6630.000 0.392
6635.000 0.378
6640.000 0.357
6645.000 0.349
6650.000 0.345
6655.000 0.336
6660.000 0.337
6665.000 0.334
6670.000 0.337
6675.000 0.334
6680.000 0.338
6685.000 0.337
6690.000 0.335
6695.000 0.334
6700.000 0.335
6705.000 0.335
6710.000 0.335
6715.000 0.336
6720.000 0.336
6725.000 0.336
6730.000 0.332
6735.000 0.331
6740.000 0.336
6745.000 0.335
6750.000 0.333
6755.000 0.334
6760.000 0.333
6765.000 0.333
6770.000 0.328
6775.000 0.329
6780.000 0.325
6785.000 0.321
6790.000 0.314
6795.000 0.311
6800.000 0.302
6805.000 0.288
6810.000 0.276
6815.000 0.246
6820.000 0.237
6825.000 0.247
6830.000 0.433
6835.000 0.682
6840.000 1.282
6845.000 1.537
6850.000 1.807
6855.000 1.702
6860.000 1.539
6865.000 1.146
6870.000 0.979
6875.000 0.737
6880.000 0.651
6885.000 0.517
6890.000 0.431
6895.000 0.400
6900.000 0.344
6905.000 0.298
6910.000 0.275
6915.000 0.251
6920.000 0.252
6925.000 0.291
6930.000 0.462
6935.000 0.631
6940.000 1.040
6945.000 1.204
6950.000 1.387
6955.000 1.420
6960.000 1.464
6965.000 1.535
6970.000 1.595
6975.000 1.729
6980.000 1.938
6985.000 2.053
6990.000 2.355
6995.000 2.480
7000.000 2.409
7005.000 2.052
7010.000 1.808
7015.000 1.369
7020.000 1.204
7025.000 0.926
7030.000 0.743
7035.000 0.664
7040.000 0.556
7045.000 0.516
7050.000 0.458
7055.000 0.407
7060.000 0.398
7065.000 0.364
7070.000 0.349
7075.000 0.331
7080.000 0.318
7085.000 0.303
7090.000 0.304
7095.000 0.336
7100.000 0.443
7105.000 0.509
7110.000 0.598
7115.000 0.598
7120.000 0.587
7125.000 0.566
7130.000 0.557
7135.000 0.540
7140.000 0.529
7145.000 0.525
7150.000 0.535
7155.000 0.546
7160.000 0.593
7165.000 0.623
7170.000 0.645
7175.000 0.664
7180.000 0.727
7185.000 0.806
7190.000 0.907
7195.000 0.951
7200.000 0.984
7205.000 0.975
7210.000 0.864
7215.000 0.714
7220.000 0.647
7225.000 0.543
7230.000 0.498
7235.000 0.429
7240.000 0.504
7245.000 0.510
7250.000 0.405
7255.000 0.330
7260.000 0.189
7265.000 0.061
7270.000 0.053
7275.000 0.106
7280.000 0.211
7285.000 0.349
7290.000 0.402
7295.000 0.489
7300.000 0.533
7305.000 0.538
7310.000 0.544
7315.000 0.553
7320.000 0.574
7325.000 0.603
7330.000 0.605
7335.000 0.613
7340.000 0.622
7345.000 0.623
7350.000 0.635
7355.000 0.645
7360.000 0.667
7365.000 0.692
7370.000 0.688
7375.000 0.641
7380.000 0.592
7385.000 0.472
7390.000 0.363
7395.000 0.323
7400.000 0.290
7405.000 0.291
7410.000 0.303
7415.000 0.315
7420.000 0.321
7425.000 0.322
7430.000 0.325
7435.000 0.328
7440.000 0.334
7445.000 0.421
7450.000 0.496
7455.000 0.506
7460.000 0.451
7465.000 0.424
7470.000 0.386
7475.000 0.359
7480.000 0.346
7485.000 0.330
7490.000 0.323
7495.000 0.324
7500.000 0.320
7505.000 0.320
7510.000 0.315
7515.000 0.317
7520.000 0.313
7525.000 0.313
7530.000 0.314
7535.000 0.317
7540.000 0.313
7545.000 0.308
7550.000 0.315
7555.000 0.314
7560.000 0.318
7565.000 0.317
7570.000 0.315
7575.000 0.318
7580.000 0.318
7585.000 0.325
7590.000 0.324
7595.000 0.320
7600.000 0.319
7605.000 0.320
7610.000 0.318
7615.000 0.316
7620.000 0.316
7625.000 0.313
7630.000 0.314
7635.000 0.319
7640.000 0.318
7645.000 0.316
7650.000 0.316
7655.000 0.317
7660.000 0.315
7665.000 0.316
7670.000 0.316
7675.000 0.320
7680.000 0.314
7685.000 0.318
7690.000 0.317
7695.000 0.315
7700.000 0.313
7705.000 0.315
7710.000 0.313
7715.000 0.314
7720.000 0.314
7725.000 0.310
7730.000 0.314
7735.000 0.314
7740.000 0.318
7745.000 0.338
7750.000 0.334
7755.000 0.332
7760.000 0.328
7765.000 0.336
7770.000 0.331
7775.000 0.327
7780.000 0.327
7785.000 0.325
7790.000 0.325
7795.000 0.321
7800.000 0.317
7805.000 0.317
7810.000 0.314
7815.000 0.317
7820.000 0.316
7825.000 0.316
7830.000 0.316
7835.000 0.317
7840.000 0.320
7845.000 0.312
7850.000 0.317
7855.000 0.315
7860.000 0.315
7865.000 0.318
7870.000 0.314
7875.000 0.311
7880.000 0.374
7885.000 0.479
7890.000 0.484
7895.000 0.467
7900.000 0.417
7905.000 0.402
7910.000 0.374
7915.000 0.357
7920.000 0.334
7925.000 0.327
7930.000 0.322
7935.000 0.316
7940.000 0.403
7945.000 0.455
7950.000 0.433
7955.000 0.447
7960.000 0.455
7965.000 0.445
7970.000 0.449
7975.000 0.395
7980.000 0.378
7985.000 0.356
7990.000 0.344
7995.000 0.324
8000.000 0.308
8005.000 0.312
8010.000 0.310
8015.000 0.309
8020.000 0.297
8025.000 0.318
8030.000 0.315
8035.000 0.310
8040.000 0.310
8045.000 0.317
8050.000 0.311
8055.000 0.313
8060.000 0.314
8065.000 0.315
8070.000 0.322
8075.000 0.322
8080.000 0.314
8085.000 0.314
8090.000 0.309
8095.000 0.311
8100.000 0.312
8105.000 0.311
8110.000 0.311
8115.000 0.308
8120.000 0.310
8125.000 0.312
8130.000 0.309
8135.000 0.306
8140.000 0.306
8145.000 0.304
8150.000 0.303
8155.000 0.301
8160.000 0.304
8165.000 0.304
8170.000 0.304
8175.000 0.304
8180.000 0.303
8185.000 0.302
8190.000 0.301
8195.000 0.305
8200.000 0.305
8205.000 0.305
8210.000 0.304
8215.000 0.304
8220.000 0.304
8225.000 0.304
8230.000 0.319
8235.000 0.317
8240.000 0.315
8245.000 0.313
8250.000 0.313
8255.000 0.317
8260.000 0.313
8265.000 0.312
8270.000 0.310
8275.000 0.310
8280.000 0.330
8285.000 0.330
8290.000 0.330
8295.000 0.324
8300.000 0.324
8305.000 0.314
8310.000 0.318
8315.000 0.318
8320.000 0.322
8325.000 0.319
8330.000 0.318
8335.000 0.311
8340.000 0.311
8345.000 0.315
8350.000 0.320
8355.000 0.318
8360.000 0.320
8365.000 0.316
8370.000 0.313
8375.000 0.311
8380.000 0.313
8385.000 0.312
8390.000 0.312
8395.000 0.318
8400.000 0.315
8405.000 0.311
8410.000 0.308
8415.000 0.310
8420.000 0.307
8425.000 0.308
8430.000 0.322
8435.000 0.321
8440.000 0.318
8445.000 0.318
8450.000 0.315
8455.000 0.312
8460.000 0.313
8465.000 0.312
8470.000 0.311
8475.000 0.323
8480.000 0.328
8485.000 0.323
8490.000 0.319
8495.000 0.315
8500.000 0.318
8505.000 0.317
8510.000 0.320
8515.000 0.328
8520.000 0.326
8525.000 0.323
8530.000 0.324
8535.000 0.332
8540.000 0.326
8545.000 0.329
8550.000 0.329
8555.000 0.327
8560.000 0.323
8565.000 0.322
8570.000 0.321
8575.000 0.326
8580.000 0.325
8585.000 0.323
8590.000 0.319
8595.000 0.321
8600.000 0.320
8605.000 0.316
8610.000 0.317
8615.000 0.325
8620.000 0.323
8625.000 0.322
8630.000 0.321
8635.000 0.318
8640.000 0.319
8645.000 0.321
8650.000 0.320
8655.000 0.325
8660.000 0.326
8665.000 0.323
8670.000 0.323
8675.000 0.324
8680.000 0.333
8685.000 0.335
8690.000 0.330
8695.000 0.329
8700.000 0.327
8705.000 0.325
8710.000 0.323
8715.000 0.315
8720.000 0.323
8725.000 0.320
8730.000 0.315
8735.000 0.311
8740.000 0.321
8745.000 0.319
8750.000 0.311
8755.000 0.313
8760.000 0.314
8765.000 0.311
8770.000 0.318
8775.000 0.319
8780.000 0.321
8785.000 0.327
8790.000 0.324
8795.000 0.322
8800.000 0.321
8805.000 0.320
8810.000 0.322
8815.000 0.324
8820.000 0.325
8825.000 0.319
8830.000 0.331
8835.000 0.348
8840.000 0.338
8845.000 0.328
8850.000 0.324
8855.000 0.318
8860.000 0.320
8865.000 0.319
8870.000 0.325
8875.000 0.326
8880.000 0.323
8885.000 0.320
8890.000 0.352
8895.000 0.428
8900.000 0.449
8905.000 0.422
8910.000 0.383
8915.000 0.350
8920.000 0.330
8925.000 0.323
8930.000 0.312
8935.000 0.309
8940.000 0.305
8945.000 0.303
8950.000 0.302
8955.000 0.308
8960.000 0.306
8965.000 0.304
8970.000 0.304
8975.000 0.301
8980.000 0.303
8985.000 0.301
8990.000 0.304
8995.000 0.306
9000.000 0.307
9005.000 0.303
9010.000 0.306
9015.000 0.300
9020.000 0.308
9025.000 0.304
9030.000 0.306
9035.000 0.311
9040.000 0.308
9045.000 0.310
9050.000 0.308
9055.000 0.307
9060.000 0.306
9065.000 0.304
9070.000 0.305
9075.000 0.309
9080.000 0.307
9085.000 0.306
9090.000 0.304
9095.000 0.305
9100.000 0.305
9105.000 0.305
9110.000 0.305
9115.000 0.305
9120.000 0.306
9125.000 0.306
9130.000 0.301
9135.000 0.305
9140.000 0.304
9145.000 0.302
9150.000 0.313
9155.000 0.313
9160.000 0.309
9165.000 0.308
9170.000 0.306
9175.000 0.308
9180.000 0.311
9185.000 0.309
9190.000 0.308
9195.000 0.306
9200.000 0.304
9205.000 0.316
9210.000 0.316
9215.000 0.317
9220.000 0.316
9225.000 0.313
9230.000 0.311
9235.000 0.316
9240.000 0.317
9245.000 0.316
9250.000 0.311
9255.000 0.311
9260.000 0.311
9265.000 0.311
9270.000 0.309
9275.000 0.308
9280.000 0.311
9285.000 0.308
9290.000 0.308
9295.000 0.307
9300.000 0.308
9305.000 0.301
9310.000 0.303
9315.000 0.298
9320.000 0.287
9325.000 0.304
9330.000 0.305
9335.000 0.305
9340.000 0.306
9345.000 0.304
9350.000 0.303
9355.000 0.298
9360.000 0.293
9365.000 0.298
9370.000 0.299
9375.000 0.308
9380.000 0.307
9385.000 0.309
9390.000 0.307
9395.000 0.305
9400.000 0.303
9405.000 0.304
9410.000 0.299
9415.000 0.300
9420.000 0.308
9425.000 0.307
9430.000 0.303
9435.000 0.304
9440.000 0.304
9445.000 0.300
9450.000 0.299
9455.000 0.299
9460.000 0.300
9465.000 0.300
9470.000 0.299
9475.000 0.299
9480.000 0.296
9485.000 0.303
9490.000 0.302
9495.000 0.301
9500.000 0.301
9505.000 0.299
9510.000 0.298
9515.000 0.299
9520.000 0.296
9525.000 0.298
9530.000 0.297
9535.000 0.298
9540.000 0.305
9545.000 0.304
9550.000 0.303
9555.000 0.300
9560.000 0.298
9565.000 0.297
9570.000 0.297
9575.000 0.299
9580.000 0.303
9585.000 0.304
9590.000 0.309
9595.000 0.304
9600.000 0.303
9605.000 0.304
9610.000 0.300
9615.000 0.298
9620.000 0.297
9625.000 0.303
9630.000 0.304
9635.000 0.301
9640.000 0.300
9645.000 0.301
9650.000 0.300
9655.000 0.297
9660.000 0.299
9665.000 0.296
9670.000 0.293
9675.000 0.296
9680.000 0.291
9685.000 0.315
9690.000 0.309
9695.000 0.307
9700.000 0.308
9705.000 0.306
9710.000 0.305
9715.000 0.310
9720.000 0.309
9725.000 0.305
9730.000 0.306
9735.000 0.313
9740.000 0.306
9745.000 0.305
9750.000 0.302
9755.000 0.305
9760.000 0.302
9765.000 0.303
9770.000 0.306
9775.000 0.304
9780.000 0.308
9785.000 0.311
9790.000 0.310
9795.000 0.313
9800.000 0.312
9805.000 0.311
9810.000 0.307
9815.000 0.318
9820.000 0.318
9825.000 0.313
9830.000 0.309
9835.000 0.311
9840.000 0.308
9845.000 0.308
9850.000 0.307
9855.000 0.307
9860.000 0.307
9865.000 0.305
9870.000 0.304
9875.000 0.303
9880.000 0.303
9885.000 0.302
9890.000 0.303
9895.000 0.303
9900.000 0.300
9905.000 0.302
9910.000 0.305
9915.000 0.306
9920.000 0.307
9925.000 0.305
9930.000 0.303
9935.000 0.305
9940.000 0.304
9945.000 0.304
9950.000 0.304
9955.000 0.302
9960.000 0.303
9965.000 0.303
9970.000 0.298
9975.000 0.294
9980.000 0.349
9985.000 0.364
9990.000 0.356
9995.000 0.351
10000.000 0.351
10005.000 0.345
10010.000 0.339
10015.000 0.345
10020.000 0.349
10025.000 0.342
10030.000 0.343
10035.000 0.341
10040.000 0.347
10045.000 0.344
10050.000 0.344
10055.000 0.346
10060.000 0.345
10065.000 0.346
10070.000 0.350
10075.000 0.349
10080.000 0.347
10085.000 0.340
10090.000 0.340
10095.000 0.336
10100.000 0.336
10105.000 0.337
10110.000 0.340
10115.000 0.341
10120.000 0.347
10125.000 0.342
10130.000 0.341
10135.000 0.341
10140.000 0.337
10145.000 0.338
10150.000 0.337
10155.000 0.339
10160.000 0.337
10165.000 0.342
10170.000 0.343
10175.000 0.342
10180.000 0.346
10185.000 0.355
10190.000 0.372
10195.000 0.385
10200.000 0.408
10205.000 0.420
10210.000 0.428
10215.000 0.410
10220.000 0.389
10225.000 0.327
10230.000 0.290
10235.000 0.229
10240.000 0.202
10245.000 0.200
10250.000 0.192
10255.000 0.201
10260.000 0.215
10265.000 0.263
10270.000 0.302
10275.000 0.407
10280.000 0.469
10285.000 0.589
10290.000 0.630
10295.000 0.668
10300.000 0.678
10305.000 0.673
10310.000 0.664
10315.000 0.651
10320.000 0.643
10325.000 0.624
10330.000 0.620
10335.000 0.603
10340.000 0.589
10345.000 0.572
10350.000 0.520
10355.000 0.474
10360.000 0.367
10365.000 0.259
10370.000 0.213
10375.000 0.171
10380.000 0.101
10385.000 0.045
10390.000 0.035
10395.000 0.116
10400.000 0.264
10405.000 0.382
10410.000 0.632
10415.000 0.737
10420.000 0.904
10425.000 0.970
10430.000 0.984
10435.000 0.981
10440.000 0.963
10445.000 0.941
10450.000 0.912
10455.000 0.893
10460.000 0.869
10465.000 0.849
10470.000 0.823
10475.000 0.797
10480.000 0.767
10485.000 0.734
10490.000 0.725
10495.000 0.708
10500.000 0.681
10505.000 0.665
10510.000 0.619
10515.000 0.581
10520.000 0.469
10525.000 0.333
10530.000 0.272
10535.000 0.214
10540.000 0.118
10545.000 0.069
10550.000 0.121
10555.000 0.180
10560.000 0.363
10565.000 0.454
10570.000 0.575
10575.000 0.625
10580.000 0.640
10585.000 0.636
10590.000 0.629
10595.000 0.621
10600.000 0.596
10605.000 0.577
10610.000 0.547
10615.000 0.531
10620.000 0.509
10625.000 0.485
10630.000 0.478
10635.000 0.463
10640.000 0.443
10645.000 0.419
10650.000 0.388
10655.000 0.365
10660.000 0.326
10665.000 0.305
10670.000 0.265
10675.000 0.258
10680.000 0.265
10685.000 0.277
10690.000 0.283
10695.000 0.296
10700.000 0.297
10705.000 0.299
10710.000 0.300
10715.000 0.302
10720.000 0.307
10725.000 0.304
10730.000 0.306
10735.000 0.303
10740.000 0.300
10745.000 0.305
10750.000 0.306
10755.000 0.305
10760.000 0.302
10765.000 0.301
10770.000 0.299
10775.000 0.302
10780.000 0.299
10785.000 0.300
10790.000 0.302
10795.000 0.301
10800.000 0.303
10805.000 0.302
10810.000 0.303
10815.000 0.300
10820.000 0.302
10825.000 0.299
10830.000 0.294
10835.000 0.295
10840.000 0.300
10845.000 0.298
10850.000 0.298
10855.000 0.299
10860.000 0.310
10865.000 0.309
10870.000 0.308
10875.000 0.302
10880.000 0.303
10885.000 0.301
10890.000 0.301
10895.000 0.303
10900.000 0.303
10905.000 0.306
10910.000 0.305
10915.000 0.305
10920.000 0.308
10925.000 0.309
10930.000 0.305
10935.000 0.303
10940.000 0.304
10945.000 0.300
10950.000 0.297
10955.000 0.296
10960.000 0.295
10965.000 0.296
10970.000 0.294
10975.000 0.293
10980.000 0.296
10985.000 0.293
10990.000 0.298
10995.000 0.297
11000.000 0.295
11005.000 0.299
11010.000 0.298
11015.000 0.300
11020.000 0.300
11025.000 0.306
11030.000 0.307
11035.000 0.301
11040.000 0.315
11045.000 0.325
11050.000 0.319
11055.000 0.310
11060.000 0.305
11065.000 0.300
11070.000 0.297
11075.000 0.298
11080.000 0.300
11085.000 0.300
11090.000 0.296
11095.000 0.298
11100.000 0.292
11105.000 0.291
11110.000 0.291
11115.000 0.293
11120.000 0.294
11125.000 0.293
11130.000 0.298
11135.000 0.297
11140.000 0.296
11145.000 0.296
11150.000 0.297
11155.000 0.299
11160.000 0.297
11165.000 0.298
11170.000 0.296
11175.000 0.293
11180.000 0.383
11185.000 0.391
11190.000 0.376
11195.000 0.348
11200.000 0.336
11205.000 0.318
11210.000 0.308
11215.000 0.301
11220.000 0.297
11225.000 0.294
11230.000 0.293
11235.000 0.290
11240.000 0.290
11245.000 0.289
11250.000 0.289
11255.000 0.286
11260.000 0.289
11265.000 0.290
11270.000 0.294
11275.000 0.287
11280.000 0.293
11285.000 0.291
11290.000 0.291
11295.000 0.292
11300.000 0.291
11305.000 0.292
11310.000 0.291
11315.000 0.293
11320.000 0.294
11325.000 0.296
11330.000 0.288
11335.000 0.292
11340.000 0.291
11345.000 0.294
11350.000 0.291
11355.000 0.292
11360.000 0.294
11365.000 0.291
11370.000 0.295
11375.000 0.294
11380.000 0.297
11385.000 0.298
11390.000 0.296
11395.000 0.297
11400.000 0.295
11405.000 0.295
11410.000 0.296
11415.000 0.296
11420.000 0.296
11425.000 0.296
11430.000 0.296
11435.000 0.294
11440.000 0.295
11445.000 0.293
11450.000 0.296
11455.000 0.296
11460.000 0.297
11465.000 0.297
11470.000 0.293
11475.000 0.296
11480.000 0.295
11485.000 0.293
11490.000 0.292
11495.000 0.291
11500.000 0.291
11505.000 0.290
11510.000 0.291
11515.000 0.291
11520.000 0.293
11525.000 0.292
11530.000 0.290
11535.000 0.289
11540.000 0.294
11545.000 0.293
11550.000 0.294
11555.000 0.294
11560.000 0.292
11565.000 0.290
11570.000 0.292
11575.000 0.291
11580.000 0.286
11585.000 0.289
11590.000 0.292
11595.000 0.289
11600.000 0.288
11605.000 0.291
11610.000 0.289
11615.000 0.290
11620.000 0.291
11625.000 0.289
11630.000 0.290
11635.000 0.288
11640.000 0.289
11645.000 0.287
11650.000 0.288
11655.000 0.286
11660.000 0.287
11665.000 0.289
11670.000 0.290
11675.000 0.287
11680.000 0.290
11685.000 0.292
11690.000 0.291
11695.000 0.292
11700.000 0.290
11705.000 0.290
11710.000 0.291
11715.000 0.290
11720.000 0.290
11725.000 0.289
11730.000 0.289
11735.000 0.287
11740.000 0.285
11745.000 0.288
11750.000 0.288
11755.000 0.289
11760.000 0.287
11765.000 0.287
11770.000 0.286
11775.000 0.286
11780.000 0.288
11785.000 0.288
11790.000 0.283
11795.000 0.286
11800.000 0.288
11805.000 0.287
11810.000 0.286
11815.000 0.286
11820.000 0.287
11825.000 0.287
11830.000 0.286
11835.000 0.287
11840.000 0.286
11845.000 0.285
11850.000 0.284
11855.000 0.283
11860.000 0.283
11865.000 0.282
11870.000 0.280
11875.000 0.283
11880.000 0.281
11885.000 0.282
11890.000 0.285
11895.000 0.286
11900.000 0.284
11905.000 0.288
11910.000 0.289
11915.000 0.288
11920.000 0.286
11925.000 0.281
11930.000 0.284
11935.000 0.284
11940.000 0.282
11945.000 0.281
11950.000 0.284
11955.000 0.284
11960.000 0.278
11965.000 0.283
11970.000 0.279
11975.000 0.282
11980.000 0.282
11985.000 0.283
11990.000 0.287
11995.000 0.282
12000.000 0.285
