105.000 0.053
110.000 0.062
115.000 0.483
120.000 0.518
125.000 0.640
130.000 0.645
135.000 0.695
140.000 0.698
145.000 0.687
150.000 0.625
155.000 0.646
160.000 0.601
165.000 0.573
170.000 0.573
175.000 0.590
180.000 0.576
185.000 0.609
190.000 0.644
195.000 0.681
200.000 0.710
205.000 0.849
210.000 0.677
215.000 0.847
220.000 0.875
225.000 1.077
230.000 0.997
235.000 0.981
240.000 1.116
245.000 1.182
250.000 1.270
255.000 1.352
260.000 1.668
265.000 2.041
270.000 2.322
275.000 3.284
280.000 4.008
285.000 6.004
290.000 8.591
295.000 9.367
300.000 9.458
305.000 9.126
310.000 7.239
315.000 5.759
320.000 5.085
325.000 4.153
330.000 3.599
335.000 3.131
340.000 2.680
345.000 2.518
350.000 2.599
355.000 2.259
360.000 2.142
365.000 2.158
370.000 2.070
375.000 2.073
380.000 2.033
385.000 2.010
390.000 2.258
395.000 2.631
400.000 3.204
405.000 3.135
410.000 3.312
415.000 3.414
420.000 3.747
425.000 4.157
430.000 4.327
435.000 4.366
440.000 4.404
445.000 5.301
450.000 5.049
455.000 4.792
460.000 4.546
465.000 4.440
470.000 4.108
475.000 3.764
480.000 3.824
485.000 3.704
490.000 3.650
495.000 3.463
500.000 3.309
505.000 3.254
510.000 3.194
515.000 3.174
520.000 3.244
525.000 3.734
530.000 4.258
535.000 4.047
540.000 4.213
545.000 4.715
550.000 5.585
555.000 6.202
560.000 7.671
565.000 8.729
570.000 10.744
575.000 11.719
580.000 11.426
585.000 9.182
590.000 7.862
595.000 5.565
600.000 4.024
605.000 3.522
610.000 2.685
615.000 2.423
620.000 1.938
625.000 1.625
630.000 1.537
635.000 1.329
640.000 1.235
645.000 1.110
650.000 1.020
655.000 0.917
660.000 0.819
665.000 0.766
670.000 0.690
675.000 0.666
680.000 0.608
685.000 0.581
690.000 0.561
695.000 0.530
700.000 0.515
705.000 0.485
710.000 0.467
715.000 0.450
720.000 0.436
725.000 0.430
730.000 0.417
735.000 0.407
740.000 0.400
745.000 0.397
750.000 0.396
755.000 0.388
760.000 0.395
765.000 0.395
770.000 0.400
775.000 0.402
780.000 0.408
785.000 0.429
790.000 0.433
795.000 0.454
800.000 0.462
805.000 0.498
810.000 0.544
815.000 0.569
820.000 0.637
825.000 0.691
830.000 0.808
835.000 0.981
840.000 1.082
845.000 1.237
850.000 1.237
855.000 1.117
860.000 0.866
865.000 0.738
870.000 0.535
875.000 0.456
880.000 0.343
885.000 0.256
890.000 0.226
895.000 0.173
900.000 0.160
905.000 0.119
910.000 0.100
915.000 0.095
920.000 0.082
925.000 0.074
930.000 0.070
935.000 0.061
940.000 0.059
945.000 0.057
950.000 0.055
955.000 0.056
960.000 0.054
965.000 0.054
970.000 0.052
975.000 0.053
980.000 0.055
985.000 0.048
990.000 0.052
995.000 0.051
1000.000 0.051
1005.000 0.050
1010.000 0.046
1015.000 0.044
1020.000 0.046
1025.000 0.043
1030.000 0.038
1035.000 0.042
1040.000 0.037
1045.000 0.036
1050.000 0.036
1055.000 0.025
1060.000 0.027
1065.000 0.022
1070.000 0.016
1075.000 0.008
1080.000 0.008
1085.000 0.020
1090.000 0.031
1095.000 0.043
1100.000 0.057
1105.000 0.098
1110.000 0.145
1115.000 0.179
1120.000 0.255
1125.000 0.323
1130.000 0.465
1135.000 0.600
1140.000 0.614
1145.000 0.563
1150.000 0.518
1155.000 0.437
1160.000 0.374
1165.000 0.349
1170.000 0.319
1175.000 0.303
1180.000 0.279
1185.000 0.261
1190.000 0.258
1195.000 0.245
1200.000 0.237
1205.000 0.234
1210.000 0.229
1215.000 0.227
1220.000 0.222
1225.000 0.220
1230.000 0.217
1235.000 0.216
1240.000 0.217
1245.000 0.216
1250.000 0.217
1255.000 0.217
1260.000 0.217
1265.000 0.219
1270.000 0.222
1275.000 0.224
1280.000 0.229
1285.000 0.229
1290.000 0.235
1295.000 0.243
1300.000 0.246
1305.000 0.254
1310.000 0.257
1315.000 0.269
1320.000 0.281
1325.000 0.291
1330.000 0.307
1335.000 0.317
1340.000 0.346
1345.000 0.375
1350.000 0.390
1355.000 0.424
1360.000 0.445
1365.000 0.498
1370.000 0.574
1375.000 0.629
1380.000 0.780
1385.000 0.893
1390.000 1.208
1395.000 1.622
1400.000 1.801
1405.000 1.920
1410.000 1.795
1415.000 1.385
1420.000 0.997
1425.000 0.855
1430.000 0.641
1435.000 0.567
1440.000 0.481
1445.000 0.402
1450.000 0.377
1455.000 0.332
1460.000 0.316
1465.000 0.288
1470.000 0.264
1475.000 0.259
1480.000 0.242
1485.000 0.233
1490.000 0.222
1495.000 0.208
1500.000 0.203
1505.000 0.192
1510.000 0.188
1515.000 0.181
1520.000 0.177
1525.000 0.174
1530.000 0.170
1535.000 0.170
1540.000 0.166
1545.000 0.167
1550.000 0.167
1555.000 0.167
1560.000 0.167
1565.000 0.167
1570.000 0.172
1575.000 0.174
1580.000 0.184
1585.000 0.194
1590.000 0.202
1595.000 0.216
1600.000 0.253
1605.000 0.263
1610.000 0.270
1615.000 0.286
1620.000 0.315
1625.000 0.334
1630.000 0.391
1635.000 0.431
1640.000 0.533
1645.000 0.691
1650.000 0.798
1655.000 1.105
1660.000 1.229
1665.000 1.426
1670.000 1.484
1675.000 1.442
1680.000 1.232
1685.000 1.100
1690.000 0.889
1695.000 0.739
1700.000 0.683
1705.000 0.599
1710.000 0.568
1715.000 0.519
1720.000 0.632
1725.000 0.674
1730.000 0.615
1735.000 0.595
1740.000 0.560
1745.000 0.538
1750.000 0.533
1755.000 0.520
1760.000 0.514
1765.000 0.506
1770.000 0.497
1775.000 0.505
1780.000 0.501
1785.000 0.504
1790.000 0.501
1795.000 0.505
1800.000 0.508
1805.000 0.513
1810.000 0.514
1815.000 0.524
1820.000 0.537
1825.000 0.542
1830.000 0.560
1835.000 0.570
1840.000 0.596
1845.000 0.607
1850.000 0.635
1855.000 0.663
1860.000 0.682
1865.000 0.717
1870.000 0.739
1875.000 0.787
1880.000 0.855
1885.000 0.883
1890.000 0.972
1895.000 1.025
1900.000 1.151
1905.000 1.327
1910.000 1.513
1915.000 1.921
1920.000 2.064
1925.000 2.404
1930.000 2.997
1935.000 3.373
1940.000 4.069
1945.000 4.153
1950.000 3.901
1955.000 3.178
1960.000 2.801
1965.000 2.196
1970.000 1.969
1975.000 1.549
1980.000 1.258
1985.000 1.143
1990.000 0.980
1995.000 0.930
2000.000 0.874
2005.000 0.777
2010.000 0.732
2015.000 0.663
2020.000 0.634
2025.000 0.573
2030.000 0.535
2035.000 0.508
2040.000 0.484
2045.000 0.476
2050.000 0.543
2055.000 0.524
2060.000 0.510
2065.000 0.500
2070.000 0.484
2075.000 0.475
2080.000 0.499
2085.000 0.499
2090.000 0.516
2095.000 0.512
2100.000 0.529
2105.000 0.597
2110.000 0.608
2115.000 0.658
2120.000 0.672
2125.000 0.721
2130.000 0.796
2135.000 0.910
2140.000 1.136
2145.000 1.224
2150.000 1.507
2155.000 1.857
2160.000 2.073
2165.000 2.499
2170.000 2.619
2175.000 2.823
2180.000 2.676
2185.000 2.468
2190.000 1.988
2195.000 1.766
2200.000 1.406
2205.000 1.148
2210.000 1.049
2215.000 0.895
2220.000 0.831
2225.000 0.740
2230.000 0.679
2235.000 0.655
2240.000 0.612
2245.000 0.591
2250.000 0.557
2255.000 0.611
2260.000 0.629
2265.000 0.578
2270.000 0.557
2275.000 0.532
2280.000 0.502
2285.000 0.494
2290.000 0.510
2295.000 0.521
2300.000 0.502
2305.000 0.528
2310.000 0.515
2315.000 0.504
2320.000 0.499
2325.000 0.495
2330.000 0.496
2335.000 0.501
2340.000 0.517
2345.000 0.523
2350.000 0.623
2355.000 0.677
2360.000 0.685
2365.000 0.725
2370.000 0.739
2375.000 0.733
2380.000 0.603
2385.000 0.490
2390.000 0.315
2395.000 0.237
2400.000 0.137
2405.000 0.094
2410.000 0.085
2415.000 0.086
2420.000 0.091
2425.000 0.096
2430.000 0.105
2435.000 0.108
2440.000 0.113
2445.000 0.115
2450.000 0.123
2455.000 0.124
2460.000 0.127
2465.000 0.132
2470.000 0.133
2475.000 0.136
2480.000 0.139
2485.000 0.168
2490.000 0.170
2495.000 0.191
2500.000 0.186
2505.000 0.181
2510.000 0.174
2515.000 0.173
2520.000 0.178
2525.000 0.171
2530.000 0.170
2535.000 0.169
2540.000 0.165
2545.000 0.167
2550.000 0.168
2555.000 0.167
2560.000 0.168
2565.000 0.167
2570.000 0.198
2575.000 0.219
2580.000 0.209
2585.000 0.198
2590.000 0.192
2595.000 0.189
2600.000 0.185
2605.000 0.199
2610.000 0.194
2615.000 0.192
2620.000 0.203
2625.000 0.202
2630.000 0.199
2635.000 0.190
2640.000 0.188
2645.000 0.186
2650.000 0.186
2655.000 0.187
2660.000 0.185
2665.000 0.186
2670.000 0.186
2675.000 0.187
2680.000 0.188
2685.000 0.186
2690.000 0.187
2695.000 0.187
2700.000 0.189
2705.000 0.190
2710.000 0.190
2715.000 0.264
2720.000 0.389
2725.000 0.387
2730.000 0.373
2735.000 0.358
2740.000 0.310
2745.000 0.291
2750.000 0.259
2755.000 0.247
2760.000 0.230
2765.000 0.223
2770.000 0.228
2775.000 0.223
2780.000 0.216
2785.000 0.208
2790.000 0.229
2795.000 0.239
2800.000 0.228
2805.000 0.224
2810.000 0.212
2815.000 0.209
2820.000 0.206
2825.000 0.204
2830.000 0.205
2835.000 0.206
2840.000 0.205
2845.000 0.204
2850.000 0.254
2855.000 0.298
2860.000 0.284
2865.000 0.258
2870.000 0.249
2875.000 0.235
2880.000 0.226
2885.000 0.217
2890.000 0.216
2895.000 0.213
2900.000 0.210
2905.000 0.209
2910.000 0.208
2915.000 0.207
2920.000 0.207
2925.000 0.207
2930.000 0.206
2935.000 0.206
2940.000 0.208
2945.000 0.205
2950.000 0.211
2955.000 0.211
2960.000 0.206
2965.000 0.207
2970.000 0.201
2975.000 0.211
2980.000 0.211
2985.000 0.209
2990.000 0.214
2995.000 0.203
3000.000 0.201
3005.000 0.204
3010.000 0.212
3015.000 0.202
3020.000 0.201
3025.000 0.203
3030.000 0.215
3035.000 0.207
3040.000 0.211
3045.000 0.216
3050.000 0.211
3055.000 0.214
3060.000 0.208
3065.000 0.205
3070.000 0.212
3075.000 0.210
3080.000 0.210
3085.000 0.206
3090.000 0.207
3095.000 0.207
3100.000 0.206
3105.000 0.208
3110.000 0.206
3115.000 0.206
3120.000 0.209
3125.000 0.210
3130.000 0.212
3135.000 0.215
3140.000 0.214
3145.000 0.226
3150.000 0.233
3155.000 0.238
3160.000 0.259
3165.000 0.275
3170.000 0.323
3175.000 0.416
3180.000 0.488
3185.000 0.641
3190.000 0.691
3195.000 0.661
3200.000 0.524
3205.000 0.466
3210.000 0.389
3215.000 0.362
3220.000 0.342
3225.000 0.310
3230.000 0.298
3235.000 0.281
3240.000 0.277
3245.000 0.270
3250.000 0.267
3255.000 0.263
3260.000 0.256
3265.000 0.258
3270.000 0.256
3275.000 0.251
3280.000 0.252
3285.000 0.251
3290.000 0.252
3295.000 0.252
3300.000 0.254
3305.000 0.253
3310.000 0.251
3315.000 0.255
3320.000 0.254
3325.000 0.258
3330.000 0.259
3335.000 0.263
3340.000 0.261
3345.000 0.266
3350.000 0.275
3355.000 0.277
3360.000 0.285
3365.000 0.286
3370.000 0.298
3375.000 0.312
3380.000 0.321
3385.000 0.348
3390.000 0.362
3395.000 0.419
3400.000 0.573
3405.000 0.605
3410.000 0.719
3415.000 0.791
3420.000 0.887
3425.000 0.863
3430.000 0.793
3435.000 0.625
3440.000 0.554
3445.000 0.458
3450.000 0.403
3455.000 0.386
3460.000 0.367
3465.000 0.358
3470.000 0.346
3475.000 0.343
3480.000 0.344
3485.000 0.343
3490.000 0.342
3495.000 0.347
3500.000 0.356
3505.000 0.363
3510.000 0.383
3515.000 0.392
3520.000 0.409
3525.000 0.437
3530.000 0.455
3535.000 0.491
3540.000 0.511
3545.000 0.574
3550.000 0.665
3555.000 0.720
3560.000 0.864
3565.000 0.953
3570.000 1.187
3575.000 1.441
3580.000 1.546
3585.000 1.640
3590.000 1.631
3595.000 1.441
3600.000 1.176
3605.000 1.055
3610.000 0.872
3615.000 0.804
3620.000 0.696
3625.000 0.656
3630.000 0.592
3635.000 0.549
3640.000 0.531
3645.000 0.502
3650.000 0.489
3655.000 0.471
3660.000 0.451
3665.000 0.444
3670.000 0.436
3675.000 0.430
3680.000 0.421
3685.000 0.418
3690.000 0.420
3695.000 0.421
3700.000 0.421
3705.000 0.419
3710.000 0.430
3715.000 0.433
3720.000 0.435
3725.000 0.447
3730.000 0.463
3735.000 0.482
3740.000 0.496
3745.000 0.526
3750.000 0.562
3755.000 0.615
3760.000 0.658
3765.000 0.678
3770.000 0.692
3775.000 0.647
3780.000 0.543
3785.000 0.415
3790.000 0.362
3795.000 0.290
3800.000 0.264
3805.000 0.230
3810.000 0.213
3815.000 0.203
3820.000 0.201
3825.000 0.203
3830.000 0.199
3835.000 0.195
3840.000 0.193
3845.000 0.193
3850.000 0.192
3855.000 0.197
3860.000 0.207
3865.000 0.210
3870.000 0.205
3875.000 0.203
3880.000 0.201
3885.000 0.203
3890.000 0.207
3895.000 0.206
3900.000 0.203
3905.000 0.209
3910.000 0.208
3915.000 0.209
3920.000 0.211
3925.000 0.212
3930.000 0.211
3935.000 0.215
3940.000 0.216
3945.000 0.218
3950.000 0.218
3955.000 0.216
3960.000 0.221
3965.000 0.216
3970.000 0.229
3975.000 0.228
3980.000 0.229
3985.000 0.235
3990.000 0.228
3995.000 0.233
4000.000 0.252
4005.000 0.241
4010.000 0.247
4015.000 0.250
4020.000 0.280
4025.000 0.279
4030.000 0.294
4035.000 0.316
4040.000 0.328
4045.000 0.375
4050.000 0.407
4055.000 0.485
4060.000 0.555
4065.000 0.723
4070.000 0.966
4075.000 1.113
4080.000 1.389
4085.000 1.447
4090.000 1.287
4095.000 1.005
4100.000 0.878
4105.000 0.693
4110.000 0.625
4115.000 0.524
4120.000 0.460
4125.000 0.436
4130.000 0.405
4135.000 0.383
4140.000 0.377
4145.000 0.364
4150.000 0.360
4155.000 0.351
4160.000 0.340
4165.000 0.340
4170.000 0.336
4175.000 0.334
4180.000 0.353
4185.000 0.342
4190.000 0.339
4195.000 0.338
4200.000 0.339
4205.000 0.349
4210.000 0.346
4215.000 0.349
4220.000 0.345
4225.000 0.348
4230.000 0.350
4235.000 0.350
4240.000 0.354
4245.000 0.363
4250.000 0.365
4255.000 0.375
4260.000 0.381
4265.000 0.384
4270.000 0.369
4275.000 0.354
4280.000 0.298
4285.000 0.264
4290.000 0.195
4295.000 0.149
4300.000 0.139
4305.000 0.139
4310.000 0.145
4315.000 0.156
4320.000 0.161
4325.000 0.165
4330.000 0.196
4335.000 0.197
4340.000 0.195
4345.000 0.195
4350.000 0.195
4355.000 0.210
4360.000 0.238
4365.000 0.235
4370.000 0.222
4375.000 0.220
4380.000 0.211
4385.000 0.211
4390.000 0.204
4395.000 0.205
4400.000 0.208
4405.000 0.212
4410.000 0.207
4415.000 0.208
4420.000 0.210
4425.000 0.218
4430.000 0.210
4435.000 0.209
4440.000 0.206
4445.000 0.207
4450.000 0.208
4455.000 0.210
4460.000 0.211
4465.000 0.218
4470.000 0.223
4475.000 0.230
4480.000 0.247
4485.000 0.262
4490.000 0.305
4495.000 0.374
4500.000 0.426
4505.000 0.565
4510.000 0.638
4515.000 0.715
4520.000 0.695
4525.000 0.591
4530.000 0.497
4535.000 0.461
4540.000 0.398
4545.000 0.379
4550.000 0.346
4555.000 0.340
4560.000 0.381
4565.000 0.377
4570.000 0.363
4575.000 0.367
4580.000 0.354
4585.000 0.361
4590.000 0.354
4595.000 0.348
4600.000 0.334
4605.000 0.321
4610.000 0.312
4615.000 0.315
4620.000 0.313
4625.000 0.303
4630.000 0.294
4635.000 0.292
4640.000 0.288
4645.000 0.290
4650.000 0.286
4655.000 0.287
4660.000 0.289
4665.000 0.288
4670.000 0.292
4675.000 0.292
4680.000 0.291
4685.000 0.291
4690.000 0.291
4695.000 0.290
4700.000 0.293
4705.000 0.297
4710.000 0.295
4715.000 0.297
4720.000 0.297
4725.000 0.306
4730.000 0.303
4735.000 0.305
4740.000 0.311
4745.000 0.315
4750.000 0.322
4755.000 0.322
4760.000 0.324
4765.000 0.332
4770.000 0.331
4775.000 0.330
4780.000 0.330
4785.000 0.331
4790.000 0.308
4795.000 0.285
4800.000 0.208
4805.000 0.105
4810.000 0.053
4815.000 0.033
4820.000 0.059
4825.000 0.113
4830.000 0.154
4835.000 0.166
4840.000 0.187
4845.000 0.192
4850.000 0.204
4855.000 0.237
4860.000 0.226
4865.000 0.209
4870.000 0.202
4875.000 0.182
4880.000 0.168
4885.000 0.159
4890.000 0.152
4895.000 0.147
4900.000 0.152
4905.000 0.169
4910.000 0.198
4915.000 0.287
4920.000 0.355
4925.000 0.522
4930.000 0.621
4935.000 0.631
4940.000 0.589
4945.000 0.558
4950.000 0.495
4955.000 0.447
4960.000 0.420
4965.000 0.380
4970.000 0.371
4975.000 0.334
4980.000 0.320
4985.000 0.323
4990.000 0.318
4995.000 0.318
5000.000 0.321
5005.000 0.309
5010.000 0.309
5015.000 0.307
5020.000 0.308
5025.000 0.305
5030.000 0.310
5035.000 0.319
5040.000 0.324
5045.000 0.322
5050.000 0.315
5055.000 0.322
5060.000 0.314
5065.000 0.319
5070.000 0.319
5075.000 0.324
5080.000 0.331
5085.000 0.332
5090.000 0.348
5095.000 0.356
5100.000 0.336
5105.000 0.295
5110.000 0.265
5115.000 0.210
5120.000 0.200
5125.000 0.199
5130.000 0.201
5135.000 0.207
5140.000 0.234
5145.000 0.231
5150.000 0.234
5155.000 0.240
5160.000 0.247
5165.000 0.243
5170.000 0.250
5175.000 0.249
5180.000 0.249
5185.000 0.249
5190.000 0.257
5195.000 0.257
5200.000 0.252
5205.000 0.251
5210.000 0.262
5215.000 0.261
5220.000 0.258
5225.000 0.257
5230.000 0.254
5235.000 0.255
5240.000 0.258
5245.000 0.257
5250.000 0.255
5255.000 0.255
5260.000 0.255
5265.000 0.258
5270.000 0.262
5275.000 0.263
5280.000 0.261
5285.000 0.275
5290.000 0.284
5295.000 0.293
5300.000 0.295
5305.000 0.292
5310.000 0.281
5315.000 0.273
5320.000 0.270
5325.000 0.266
5330.000 0.265
5335.000 0.276
5340.000 0.289
5345.000 0.297
5350.000 0.304
5355.000 0.306
5360.000 0.302
5365.000 0.302
5370.000 0.294
5375.000 0.288
5380.000 0.283
5385.000 0.277
5390.000 0.272
5395.000 0.267
5400.000 0.263
5405.000 0.262
5410.000 0.259
5415.000 0.257
5420.000 0.257
5425.000 0.257
5430.000 0.256
5435.000 0.254
5440.000 0.258
5445.000 0.261
5450.000 0.296
5455.000 0.294
5460.000 0.286
5465.000 0.277
5470.000 0.273
5475.000 0.268
5480.000 0.267
5485.000 0.263
5490.000 0.268
5495.000 0.272
5500.000 0.270
5505.000 0.271
5510.000 0.265
5515.000 0.261
5520.000 0.264
5525.000 0.270
5530.000 0.273
5535.000 0.267
5540.000 0.261
5545.000 0.261
5550.000 0.279
5555.000 0.285
5560.000 0.278
5565.000 0.275
5570.000 0.271
5575.000 0.270
5580.000 0.266
5585.000 0.265
5590.000 0.266
5595.000 0.261
5600.000 0.267
5605.000 0.267
5610.000 0.276
5615.000 0.271
5620.000 0.271
5625.000 0.265
5630.000 0.266
5635.000 0.266
5640.000 0.262
5645.000 0.262
5650.000 0.265
5655.000 0.265
5660.000 0.263
5665.000 0.265
5670.000 0.263
5675.000 0.264
5680.000 0.263
5685.000 0.264
5690.000 0.266
5695.000 0.295
5700.000 0.294
5705.000 0.289
5710.000 0.295
5715.000 0.292
5720.000 0.287
5725.000 0.280
5730.000 0.277
5735.000 0.275
5740.000 0.276
5745.000 0.277
5750.000 0.270
5755.000 0.268
5760.000 0.270
5765.000 0.267
5770.000 0.268
5775.000 0.268
5780.000 0.267
5785.000 0.267
5790.000 0.267
5795.000 0.282
5800.000 0.279
5805.000 0.276
5810.000 0.277
5815.000 0.276
5820.000 0.271
5825.000 0.274
5830.000 0.274
5835.000 0.271
5840.000 0.273
5845.000 0.275
5850.000 0.273
5855.000 0.276
5860.000 0.273
5865.000 0.276
5870.000 0.274
5875.000 0.274
5880.000 0.274
5885.000 0.276
5890.000 0.277
5895.000 0.295
5900.000 0.304
5905.000 0.300
5910.000 0.294
5915.000 0.290
5920.000 0.287
5925.000 0.283
5930.000 0.281
5935.000 0.279
5940.000 0.280
5945.000 0.278
5950.000 0.281
5955.000 0.278
5960.000 0.279
5965.000 0.274
5970.000 0.278
5975.000 0.276
5980.000 0.276
5985.000 0.275
5990.000 0.284
5995.000 0.281
6000.000 0.289
6005.000 0.281
6010.000 0.279
6015.000 0.278
6020.000 0.289
6025.000 0.285
6030.000 0.284
6035.000 0.281
6040.000 0.279
6045.000 0.278
6050.000 0.286
6055.000 0.282
6060.000 0.284
6065.000 0.284
6070.000 0.282
6075.000 0.296
6080.000 0.293
6085.000 0.293
6090.000 0.312
6095.000 0.315
6100.000 0.310
6105.000 0.304
6110.000 0.301
6115.000 0.300
6120.000 0.292
6125.000 0.289
6130.000 0.287
6135.000 0.287
6140.000 0.283
6145.000 0.285
6150.000 0.282
6155.000 0.285
6160.000 0.285
6165.000 0.285
6170.000 0.286
6175.000 0.290
6180.000 0.290
6185.000 0.287
6190.000 0.286
6195.000 0.288
6200.000 0.288
6205.000 0.288
6210.000 0.284
6215.000 0.282
6220.000 0.283
6225.000 0.284
6230.000 0.280
6235.000 0.278
6240.000 0.280
6245.000 0.280
6250.000 0.282
6255.000 0.284
6260.000 0.286
6265.000 0.282
6270.000 0.284
6275.000 0.285
6280.000 0.286
6285.000 0.285
6290.000 0.292
6295.000 0.290
6300.000 0.289
6305.000 0.288
6310.000 0.283
6315.000 0.302
6320.000 0.300
6325.000 0.298
6330.000 0.291
6335.000 0.287
6340.000 0.285
6345.000 0.285
6350.000 0.288
6355.000 0.287
6360.000 0.288
6365.000 0.289
6370.000 0.287
6375.000 0.284
6380.000 0.286
6385.000 0.285
6390.000 0.280
6395.000 0.286
6400.000 0.288
6405.000 0.287
6410.000 0.287
6415.000 0.287
6420.000 0.286
6425.000 0.285
6430.000 0.287
6435.000 0.286
6440.000 0.284
6445.000 0.286
6450.000 0.286
6455.000 0.285
6460.000 0.287
6465.000 0.283
6470.000 0.282
6475.000 0.285
6480.000 0.284
6485.000 0.286
6490.000 0.283
6495.000 0.284
6500.000 0.283
6505.000 0.286
6510.000 0.287
6515.000 0.284
6520.000 0.286
6525.000 0.288
6530.000 0.287
6535.000 0.285
6540.000 0.287
6545.000 0.282
6550.000 0.284
6555.000 0.285
6560.000 0.284
6565.000 0.283
6570.000 0.280
6575.000 0.281
6580.000 0.281
6585.000 0.280
6590.000 0.282
6595.000 0.284
6600.000 0.283
6605.000 0.281
6610.000 0.279
6615.000 0.280
6620.000 0.277
6625.000 0.275
6630.000 0.272
6635.000 0.270
6640.000 0.270
6645.000 0.269
6650.000 0.263
6655.000 0.262
6660.000 0.253
6665.000 0.250
6670.000 0.237
6675.000 0.233
6680.000 0.213
6685.000 0.186
6690.000 0.166
6695.000 0.118
6700.000 0.095
6705.000 0.109
6710.000 0.294
6715.000 0.425
6720.000 0.595
6725.000 0.639
6730.000 0.691
6735.000 0.707
6740.000 0.717
6745.000 0.743
6750.000 0.754
6755.000 0.791
6760.000 0.838
6765.000 0.866
6770.000 0.941
6775.000 0.984
6780.000 1.090
6785.000 1.217
6790.000 1.277
6795.000 1.369
6800.000 1.389
6805.000 1.320
6810.000 1.119
6815.000 1.006
6820.000 0.810
6825.000 0.727
6830.000 0.597
6835.000 0.508
6840.000 0.471
6845.000 0.416
6850.000 0.394
6855.000 0.359
6860.000 0.333
6865.000 0.327
6870.000 0.311
6875.000 0.309
6880.000 0.296
6885.000 0.284
6890.000 0.277
6895.000 0.264
6900.000 0.258
6905.000 0.247
6910.000 0.240
6915.000 0.240
6920.000 0.269
6925.000 0.298
6930.000 0.362
6935.000 0.382
6940.000 0.384
6945.000 0.373
6950.000 0.365
6955.000 0.351
6960.000 0.351
6965.000 0.346
6970.000 0.336
6975.000 0.338
6980.000 0.339
6985.000 0.336
6990.000 0.335
6995.000 0.334
7000.000 0.331
7005.000 0.335
7010.000 0.332
7015.000 0.337
7020.000 0.328
7025.000 0.331
7030.000 0.339
7035.000 0.331
7040.000 0.337
7045.000 0.334
7050.000 0.332
7055.000 0.338
7060.000 0.331
7065.000 0.340
7070.000 0.339
7075.000 0.339
7080.000 0.343
7085.000 0.347
7090.000 0.349
7095.000 0.357
7100.000 0.357
7105.000 0.363
7110.000 0.365
7115.000 0.373
7120.000 0.381
7125.000 0.390
7130.000 0.401
7135.000 0.408
7140.000 0.427
7145.000 0.449
7150.000 0.462
7155.000 0.495
7160.000 0.519
7165.000 0.571
7170.000 0.645
7175.000 0.693
7180.000 0.812
7185.000 0.877
7190.000 1.010
7195.000 1.046
7200.000 1.021
7205.000 0.874
7210.000 0.789
7215.000 0.641
7220.000 0.584
7225.000 0.494
7230.000 0.436
7235.000 0.417
7240.000 0.382
7245.000 0.366
7250.000 0.343
7255.000 0.324
7260.000 0.317
7265.000 0.303
7270.000 0.294
7275.000 0.281
7280.000 0.270
7285.000 0.265
7290.000 0.255
7295.000 0.253
7300.000 0.241
7305.000 0.240
7310.000 0.237
7315.000 0.255
7320.000 0.270
7325.000 0.336
7330.000 0.420
7335.000 0.450
7340.000 0.471
7345.000 0.451
7350.000 0.440
7355.000 0.421
7360.000 0.405
7365.000 0.401
7370.000 0.391
7375.000 0.379
7380.000 0.367
7385.000 0.361
7390.000 0.355
7395.000 0.356
7400.000 0.354
7405.000 0.350
7410.000 0.351
7415.000 0.348
7420.000 0.351
7425.000 0.350
7430.000 0.355
7435.000 0.354
7440.000 0.357
7445.000 0.359
7450.000 0.360
7455.000 0.361
7460.000 0.363
7465.000 0.364
7470.000 0.372
7475.000 0.377
7480.000 0.382
7485.000 0.387
7490.000 0.400
7495.000 0.408
7500.000 0.423
7505.000 0.445
7510.000 0.455
7515.000 0.488
7520.000 0.500
7525.000 0.542
7530.000 0.574
7535.000 0.584
7540.000 0.572
7545.000 0.547
7550.000 0.479
7555.000 0.412
7560.000 0.379
7565.000 0.340
7570.000 0.325
7575.000 0.301
7580.000 0.287
7585.000 0.283
7590.000 0.276
7595.000 0.273
7600.000 0.271
7605.000 0.265
7610.000 0.261
7615.000 0.260
7620.000 0.257
7625.000 0.260
7630.000 0.261
7635.000 0.258
7640.000 0.257
7645.000 0.253
7650.000 0.255
7655.000 0.253
7660.000 0.256
7665.000 0.254
7670.000 0.255
7675.000 0.252
7680.000 0.251
7685.000 0.248
7690.000 0.248
7695.000 0.246
7700.000 0.249
7705.000 0.245
7710.000 0.242
7715.000 0.240
7720.000 0.239
7725.000 0.234
7730.000 0.231
7735.000 0.230
7740.000 0.223
7745.000 0.224
7750.000 0.216
7755.000 0.207
7760.000 0.199
7765.000 0.186
7770.000 0.180
7775.000 0.160
7780.000 0.132
7785.000 0.115
7790.000 0.081
7795.000 0.074
7800.000 0.111
7805.000 0.170
7810.000 0.356
7815.000 0.522
7820.000 0.576
7825.000 0.633
7830.000 0.652
7835.000 0.655
7840.000 0.650
7845.000 0.648
7850.000 0.644
7855.000 0.649
7860.000 0.665
7865.000 0.673
7870.000 0.695
7875.000 0.703
7880.000 0.705
7885.000 0.682
7890.000 0.614
7895.000 0.566
7900.000 0.470
7905.000 0.431
7910.000 0.370
7915.000 0.327
7920.000 0.312
7925.000 0.294
7930.000 0.285
7935.000 0.272
7940.000 0.270
7945.000 0.270
7950.000 0.267
7955.000 0.270
7960.000 0.267
7965.000 0.267
7970.000 0.263
7975.000 0.267
7980.000 0.267
7985.000 0.264
7990.000 0.269
7995.000 0.263
8000.000 0.261
8005.000 0.265
8010.000 0.269
8015.000 0.268
8020.000 0.261
8025.000 0.268
8030.000 0.265
8035.000 0.267
8040.000 0.261
8045.000 0.258
8050.000 0.256
8055.000 0.250
8060.000 0.256
8065.000 0.258
8070.000 0.259
8075.000 0.268
8080.000 0.267
8085.000 0.271
8090.000 0.272
8095.000 0.269
8100.000 0.269
8105.000 0.271
8110.000 0.272
8115.000 0.272
8120.000 0.273
8125.000 0.276
8130.000 0.275
8135.000 0.274
8140.000 0.274
8145.000 0.276
8150.000 0.275
8155.000 0.276
8160.000 0.276
8165.000 0.275
8170.000 0.274
8175.000 0.277
8180.000 0.278
8185.000 0.278
8190.000 0.279
8195.000 0.278
8200.000 0.276
8205.000 0.279
8210.000 0.277
8215.000 0.278
8220.000 0.276
8225.000 0.278
8230.000 0.280
8235.000 0.279
8240.000 0.279
8245.000 0.281
8250.000 0.279
8255.000 0.279
8260.000 0.278
8265.000 0.279
8270.000 0.278
8275.000 0.278
8280.000 0.280
8285.000 0.281
8290.000 0.280
8295.000 0.282
8300.000 0.281
8305.000 0.282
8310.000 0.280
8315.000 0.279
8320.000 0.280
8325.000 0.280
8330.000 0.280
8335.000 0.278
8340.000 0.281
8345.000 0.281
8350.000 0.284
8355.000 0.279
8360.000 0.284
8365.000 0.281
8370.000 0.281
8375.000 0.286
8380.000 0.284
8385.000 0.283
8390.000 0.282
8395.000 0.282
8400.000 0.281
8405.000 0.280
8410.000 0.280
8415.000 0.282
8420.000 0.280
8425.000 0.284
8430.000 0.285
8435.000 0.284
8440.000 0.284
8445.000 0.284
8450.000 0.282
8455.000 0.283
8460.000 0.283
8465.000 0.284
8470.000 0.282
8475.000 0.284
8480.000 0.284
8485.000 0.285
8490.000 0.285
8495.000 0.283
8500.000 0.285
8505.000 0.283
8510.000 0.286
8515.000 0.286
8520.000 0.285
8525.000 0.285
8530.000 0.284
8535.000 0.286
8540.000 0.290
8545.000 0.285
8550.000 0.286
8555.000 0.286
8560.000 0.285
8565.000 0.286
8570.000 0.286
8575.000 0.284
8580.000 0.284
8585.000 0.286
8590.000 0.287
8595.000 0.283
8600.000 0.287
8605.000 0.286
8610.000 0.285
8615.000 0.285
8620.000 0.285
8625.000 0.285
8630.000 0.285
8635.000 0.288
8640.000 0.288
8645.000 0.287
8650.000 0.290
8655.000 0.290
8660.000 0.290
8665.000 0.291
8670.000 0.289
8675.000 0.292
8680.000 0.290
8685.000 0.287
8690.000 0.291
8695.000 0.288
8700.000 0.290
8705.000 0.292
8710.000 0.290
8715.000 0.288
8720.000 0.287
8725.000 0.289
8730.000 0.287
8735.000 0.292
8740.000 0.292
8745.000 0.293
8750.000 0.289
8755.000 0.288
8760.000 0.293
8765.000 0.291
8770.000 0.290
8775.000 0.290
8780.000 0.291
8785.000 0.291
8790.000 0.292
8795.000 0.288
8800.000 0.291
8805.000 0.294
8810.000 0.294
8815.000 0.293
8820.000 0.304
8825.000 0.299
8830.000 0.285
8835.000 0.314
8840.000 0.307
8845.000 0.297
8850.000 0.292
8855.000 0.295
8860.000 0.295
8865.000 0.298
8870.000 0.294
8875.000 0.292
8880.000 0.291
8885.000 0.289
8890.000 0.287
8895.000 0.291
8900.000 0.289
8905.000 0.295
8910.000 0.292
8915.000 0.292
8920.000 0.291
8925.000 0.294
8930.000 0.297
8935.000 0.295
8940.000 0.294
8945.000 0.291
8950.000 0.292
8955.000 0.295
8960.000 0.292
8965.000 0.292
8970.000 0.296
8975.000 0.299
8980.000 0.305
8985.000 0.307
8990.000 0.302
8995.000 0.300
9000.000 0.302
9005.000 0.295
9010.000 0.299
9015.000 0.297
9020.000 0.299
9025.000 0.300
9030.000 0.299
9035.000 0.295
9040.000 0.293
9045.000 0.294
9050.000 0.294
9055.000 0.297
9060.000 0.296
9065.000 0.298
9070.000 0.294
9075.000 0.295
9080.000 0.294
9085.000 0.296
9090.000 0.293
9095.000 0.293
9100.000 0.293
9105.000 0.295
9110.000 0.297
9115.000 0.297
9120.000 0.295
9125.000 0.295
9130.000 0.295
9135.000 0.295
9140.000 0.293
9145.000 0.295
9150.000 0.298
9155.000 0.296
9160.000 0.294
9165.000 0.297
9170.000 0.295
9175.000 0.294
9180.000 0.296
9185.000 0.295
9190.000 0.297
9195.000 0.299
9200.000 0.296
9205.000 0.298
9210.000 0.297
9215.000 0.297
9220.000 0.301
9225.000 0.298
9230.000 0.301
9235.000 0.303
9240.000 0.302
9245.000 0.298
9250.000 0.297
9255.000 0.300
9260.000 0.298
9265.000 0.299
9270.000 0.297
9275.000 0.298
9280.000 0.296
9285.000 0.297
9290.000 0.297
9295.000 0.301
9300.000 0.299
9305.000 0.297
9310.000 0.296
9315.000 0.297
9320.000 0.298
9325.000 0.298
9330.000 0.299
9335.000 0.300
9340.000 0.300
9345.000 0.297
9350.000 0.296
9355.000 0.297
9360.000 0.297
9365.000 0.298
9370.000 0.300
9375.000 0.300
9380.000 0.297
9385.000 0.298
9390.000 0.300
9395.000 0.300
9400.000 0.300
9405.000 0.300
9410.000 0.298
9415.000 0.300
9420.000 0.298
9425.000 0.299
9430.000 0.300
9435.000 0.303
9440.000 0.304
9445.000 0.301
9450.000 0.301
9455.000 0.304
9460.000 0.298
9465.000 0.301
9470.000 0.299
9475.000 0.297
9480.000 0.300
9485.000 0.302
9490.000 0.302
9495.000 0.298
9500.000 0.298
9505.000 0.299
9510.000 0.298
9515.000 0.297
9520.000 0.298
9525.000 0.298
9530.000 0.299
9535.000 0.299
9540.000 0.299
9545.000 0.301
9550.000 0.300
9555.000 0.300
9560.000 0.308
9565.000 0.307
9570.000 0.306
9575.000 0.305
9580.000 0.304
9585.000 0.305
9590.000 0.301
9595.000 0.303
9600.000 0.301
9605.000 0.302
9610.000 0.300
9615.000 0.306
9620.000 0.308
9625.000 0.305
9630.000 0.305
9635.000 0.305
9640.000 0.302
9645.000 0.302
9650.000 0.299
9655.000 0.298
9660.000 0.298
9665.000 0.298
9670.000 0.297
9675.000 0.298
9680.000 0.299
9685.000 0.297
9690.000 0.298
9695.000 0.297
9700.000 0.295
9705.000 0.298
9710.000 0.299
9715.000 0.300
9720.000 0.300
9725.000 0.299
9730.000 0.298
9735.000 0.300
9740.000 0.301
9745.000 0.298
9750.000 0.296
9755.000 0.299
9760.000 0.296
9765.000 0.299
9770.000 0.299
9775.000 0.298
9780.000 0.299
9785.000 0.300
9790.000 0.302
9795.000 0.303
9800.000 0.302
9805.000 0.302
9810.000 0.303
9815.000 0.303
9820.000 0.301
9825.000 0.300
9830.000 0.301
9835.000 0.300
9840.000 0.300
9845.000 0.298
9850.000 0.295
9855.000 0.298
9860.000 0.299
9865.000 0.297
9870.000 0.297
9875.000 0.298
9880.000 0.297
9885.000 0.297
9890.000 0.295
9895.000 0.293
9900.000 0.294
9905.000 0.294
9910.000 0.294
9915.000 0.292
9920.000 0.294
9925.000 0.288
9930.000 0.291
9935.000 0.287
9940.000 0.288
9945.000 0.287
9950.000 0.285
9955.000 0.290
9960.000 0.296
9965.000 0.314
9970.000 0.344
9975.000 0.358
9980.000 0.370
9985.000 0.375
9990.000 0.370
9995.000 0.373
10000.000 0.383
10005.000 0.382
10010.000 0.382
10015.000 0.392
10020.000 0.403
10025.000 0.400
10030.000 0.400
10035.000 0.398
10040.000 0.383
10045.000 0.339
10050.000 0.310
10055.000 0.265
10060.000 0.243
10065.000 0.220
10070.000 0.209
10075.000 0.208
10080.000 0.202
10085.000 0.203
10090.000 0.198
10095.000 0.197
10100.000 0.194
10105.000 0.191
10110.000 0.189
10115.000 0.182
10120.000 0.178
10125.000 0.177
10130.000 0.180
10135.000 0.187
10140.000 0.229
10145.000 0.303
10150.000 0.348
10155.000 0.440
10160.000 0.473
10165.000 0.487
10170.000 0.479
10175.000 0.450
10180.000 0.420
10185.000 0.403
10190.000 0.382
10195.000 0.377
10200.000 0.365
10205.000 0.361
10210.000 0.357
10215.000 0.357
10220.000 0.356
10225.000 0.352
10230.000 0.351
10235.000 0.349
10240.000 0.350
10245.000 0.352
10250.000 0.354
10255.000 0.352
10260.000 0.354
10265.000 0.354
10270.000 0.354
10275.000 0.355
10280.000 0.354
10285.000 0.354
10290.000 0.356
10295.000 0.360
10300.000 0.362
10305.000 0.367
10310.000 0.370
10315.000 0.374
10320.000 0.376
10325.000 0.389
10330.000 0.399
10335.000 0.409
10340.000 0.423
10345.000 0.430
10350.000 0.450
10355.000 0.468
10360.000 0.473
10365.000 0.475
10370.000 0.464
10375.000 0.424
10380.000 0.349
10385.000 0.319
10390.000 0.244
10395.000 0.208
10400.000 0.176
10405.000 0.153
10410.000 0.147
10415.000 0.137
10420.000 0.134
10425.000 0.127
10430.000 0.121
10435.000 0.120
10440.000 0.115
10445.000 0.114
10450.000 0.112
10455.000 0.120
10460.000 0.130
10465.000 0.169
10470.000 0.200
10475.000 0.292
10480.000 0.358
10485.000 0.498
10490.000 0.616
10495.000 0.652
10500.000 0.680
10505.000 0.679
10510.000 0.648
10515.000 0.604
10520.000 0.579
10525.000 0.530
10530.000 0.511
10535.000 0.471
10540.000 0.437
10545.000 0.422
10550.000 0.399
10555.000 0.384
10560.000 0.380
10565.000 0.371
10570.000 0.369
10575.000 0.369
10580.000 0.364
10585.000 0.366
10590.000 0.365
10595.000 0.366
10600.000 0.369
10605.000 0.368
10610.000 0.369
10615.000 0.372
10620.000 0.373
10625.000 0.374
10630.000 0.379
10635.000 0.378
10640.000 0.383
10645.000 0.382
10650.000 0.388
10655.000 0.388
10660.000 0.394
10665.000 0.396
10670.000 0.388
10675.000 0.374
10680.000 0.344
10685.000 0.336
10690.000 0.307
10695.000 0.292
10700.000 0.267
10705.000 0.255
10710.000 0.249
10715.000 0.245
10720.000 0.244
10725.000 0.247
10730.000 0.247
10735.000 0.246
10740.000 0.250
10745.000 0.252
10750.000 0.258
10755.000 0.258
10760.000 0.257
10765.000 0.258
10770.000 0.260
10775.000 0.259
10780.000 0.260
10785.000 0.262
10790.000 0.262
10795.000 0.263
10800.000 0.263
10805.000 0.262
10810.000 0.264
10815.000 0.261
10820.000 0.262
10825.000 0.263
10830.000 0.260
10835.000 0.259
10840.000 0.256
10845.000 0.254
10850.000 0.252
10855.000 0.251
10860.000 0.249
10865.000 0.248
10870.000 0.246
10875.000 0.244
10880.000 0.242
10885.000 0.245
10890.000 0.251
10895.000 0.255
10900.000 0.274
10905.000 0.286
10910.000 0.315
10915.000 0.350
10920.000 0.369
10925.000 0.397
10930.000 0.410
10935.000 0.415
10940.000 0.408
10945.000 0.402
10950.000 0.402
10955.000 0.400
10960.000 0.398
10965.000 0.398
10970.000 0.398
10975.000 0.400
10980.000 0.400
10985.000 0.397
10990.000 0.383
10995.000 0.377
11000.000 0.354
11005.000 0.346
11010.000 0.313
11015.000 0.293
11020.000 0.283
11025.000 0.280
11030.000 0.277
11035.000 0.282
11040.000 0.274
11045.000 0.282
11050.000 0.281
11055.000 0.276
11060.000 0.278
11065.000 0.281
11070.000 0.281
11075.000 0.278
11080.000 0.277
11085.000 0.278
11090.000 0.278
11095.000 0.281
11100.000 0.282
11105.000 0.280
11110.000 0.284
11115.000 0.283
11120.000 0.285
11125.000 0.281
11130.000 0.283
11135.000 0.284
11140.000 0.284
11145.000 0.283
11150.000 0.282
11155.000 0.285
11160.000 0.286
11165.000 0.284
11170.000 0.286
11175.000 0.296
11180.000 0.294
11185.000 0.299
11190.000 0.302
11195.000 0.300
11200.000 0.299
11205.000 0.300
11210.000 0.298
11215.000 0.298
11220.000 0.297
11225.000 0.298
11230.000 0.300
11235.000 0.298
11240.000 0.300
11245.000 0.299
11250.000 0.296
11255.000 0.298
11260.000 0.298
11265.000 0.295
11270.000 0.297
11275.000 0.298
11280.000 0.296
11285.000 0.298
11290.000 0.297
11295.000 0.296
11300.000 0.297
11305.000 0.295
11310.000 0.295
11315.000 0.297
11320.000 0.298
11325.000 0.295
11330.000 0.295
11335.000 0.293
11340.000 0.294
11345.000 0.294
11350.000 0.293
11355.000 0.294
11360.000 0.293
11365.000 0.294
11370.000 0.295
11375.000 0.296
11380.000 0.294
11385.000 0.294
11390.000 0.293
11395.000 0.294
11400.000 0.293
11405.000 0.292
11410.000 0.293
11415.000 0.293
11420.000 0.289
11425.000 0.293
11430.000 0.292
11435.000 0.293
11440.000 0.294
11445.000 0.290
11450.000 0.293
11455.000 0.294
11460.000 0.290
11465.000 0.291
11470.000 0.291
11475.000 0.292
11480.000 0.292
11485.000 0.293
11490.000 0.294
11495.000 0.291
11500.000 0.294
11505.000 0.291
11510.000 0.294
11515.000 0.294
11520.000 0.294
11525.000 0.292
11530.000 0.293
11535.000 0.293
11540.000 0.294
11545.000 0.292
11550.000 0.292
11555.000 0.290
11560.000 0.293
11565.000 0.291
11570.000 0.290
11575.000 0.291
11580.000 0.290
11585.000 0.286
11590.000 0.289
11595.000 0.289
11600.000 0.289
11605.000 0.291
11610.000 0.291
11615.000 0.291
11620.000 0.291
11625.000 0.288
11630.000 0.291
11635.000 0.290
11640.000 0.290
11645.000 0.289
11650.000 0.291
11655.000 0.290
11660.000 0.290
11665.000 0.292
11670.000 0.289
11675.000 0.289
11680.000 0.289
11685.000 0.288
11690.000 0.293
11695.000 0.291
11700.000 0.290
11705.000 0.288
11710.000 0.290
11715.000 0.288
11720.000 0.290
11725.000 0.289
11730.000 0.288
11735.000 0.286
11740.000 0.288
11745.000 0.287
11750.000 0.289
11755.000 0.287
11760.000 0.289
11765.000 0.287
11770.000 0.288
11775.000 0.287
11780.000 0.287
11785.000 0.286
11790.000 0.286
11795.000 0.284
11800.000 0.285
11805.000 0.286
11810.000 0.284
11815.000 0.286
11820.000 0.285
11825.000 0.285
11830.000 0.282
11835.000 0.284
11840.000 0.284
11845.000 0.284
11850.000 0.285
11855.000 0.285
11860.000 0.286
11865.000 0.284
11870.000 0.283
11875.000 0.284
11880.000 0.282
11885.000 0.285
11890.000 0.283
11895.000 0.283
11900.000 0.285
11905.000 0.286
11910.000 0.283
11915.000 0.286
11920.000 0.284
11925.000 0.284
11930.000 0.285
11935.000 0.284
11940.000 0.281
11945.000 0.286
11950.000 0.282
11955.000 0.281
11960.000 0.283
11965.000 0.282
11970.000 0.282
11975.000 0.284
11980.000 0.282
11985.000 0.284
11990.000 0.280
11995.000 0.283
12000.000 0.290
