105.000 0.034
110.000 0.148
115.000 0.386
120.000 0.448
125.000 0.545
130.000 0.601
135.000 0.683
140.000 0.663
145.000 0.638
150.000 0.601
155.000 0.502
160.000 0.466
165.000 0.491
170.000 0.448
175.000 0.446
180.000 0.467
185.000 0.468
190.000 0.462
195.000 0.490
200.000 0.492
205.000 0.542
210.000 0.563
215.000 0.589
220.000 0.613
225.000 0.651
230.000 0.652
235.000 0.695
240.000 0.719
245.000 0.790
250.000 0.814
255.000 0.891
260.000 0.925
265.000 1.053
270.000 1.256
275.000 1.326
280.000 1.522
285.000 1.674
290.000 2.085
295.000 2.459
300.000 2.523
305.000 2.977
310.000 3.051
315.000 3.054
320.000 2.789
325.000 2.571
330.000 2.297
335.000 2.161
340.000 2.006
345.000 1.858
350.000 1.782
355.000 1.614
360.000 1.663
365.000 1.593
370.000 1.529
375.000 1.536
380.000 1.553
385.000 1.581
390.000 1.598
395.000 1.655
400.000 1.681
405.000 1.762
410.000 1.799
415.000 1.867
420.000 1.943
425.000 1.974
430.000 2.032
435.000 2.056
440.000 2.071
445.000 2.065
450.000 2.067
455.000 2.035
460.000 2.017
465.000 1.972
470.000 1.906
475.000 1.890
480.000 1.828
485.000 1.803
490.000 1.751
495.000 1.693
500.000 1.675
505.000 1.647
510.000 1.636
515.000 1.618
520.000 1.625
525.000 1.619
530.000 1.641
535.000 1.668
540.000 1.707
545.000 1.777
550.000 1.809
555.000 1.931
560.000 1.989
565.000 2.179
570.000 2.442
575.000 2.591
580.000 2.999
585.000 3.270
590.000 3.899
595.000 4.514
600.000 4.672
605.000 4.581
610.000 4.275
615.000 3.459
620.000 2.640
625.000 2.345
630.000 1.834
635.000 1.621
640.000 1.320
645.000 1.101
650.000 0.990
655.000 0.872
660.000 0.813
665.000 0.705
670.000 0.627
675.000 0.593
680.000 0.538
685.000 0.527
690.000 0.474
695.000 0.438
700.000 0.424
705.000 0.398
710.000 0.380
715.000 0.358
720.000 0.351
725.000 0.339
730.000 0.319
735.000 0.318
740.000 0.309
745.000 0.300
750.000 0.295
755.000 0.285
760.000 0.287
765.000 0.275
770.000 0.276
775.000 0.270
780.000 0.263
785.000 0.264
790.000 0.257
795.000 0.264
800.000 0.263
805.000 0.263
810.000 0.266
815.000 0.267
820.000 0.275
825.000 0.268
830.000 0.279
835.000 0.280
840.000 0.285
845.000 0.302
850.000 0.299
855.000 0.320
860.000 0.331
865.000 0.361
870.000 0.367
875.000 0.400
880.000 0.434
885.000 0.452
890.000 0.466
895.000 0.462
900.000 0.421
905.000 0.337
910.000 0.292
915.000 0.217
920.000 0.189
925.000 0.143
930.000 0.109
935.000 0.092
940.000 0.074
945.000 0.063
950.000 0.050
955.000 0.034
960.000 0.041
965.000 0.036
970.000 0.026
975.000 0.029
980.000 0.028
985.000 0.029
990.000 0.028
995.000 0.030
1000.000 0.034
1005.000 0.030
1010.000 0.032
1015.000 0.033
1020.000 0.037
1025.000 0.039
1030.000 0.037
1035.000 0.038
1040.000 0.041
1045.000 0.043
1050.000 0.038
1055.000 0.040
1060.000 0.037
1065.000 0.035
1070.000 0.032
1075.000 0.034
1080.000 0.032
1085.000 0.030
1090.000 0.029
1095.000 0.028
1100.000 0.024
1105.000 0.023
1110.000 0.021
1115.000 0.024
1120.000 0.025
1125.000 0.031
1130.000 0.044
1135.000 0.051
1140.000 0.073
1145.000 0.087
1150.000 0.123
1155.000 0.172
1160.000 0.206
1165.000 0.282
1170.000 0.325
1175.000 0.402
1180.000 0.431
1185.000 0.414
1190.000 0.362
1195.000 0.339
1200.000 0.303
1205.000 0.275
1210.000 0.266
1215.000 0.244
1220.000 0.236
1225.000 0.223
1230.000 0.218
1235.000 0.209
1240.000 0.202
1245.000 0.201
1250.000 0.195
1255.000 0.191
1260.000 0.193
1265.000 0.188
1270.000 0.184
1275.000 0.184
1280.000 0.183
1285.000 0.183
1290.000 0.181
1295.000 0.181
1300.000 0.181
1305.000 0.183
1310.000 0.181
1315.000 0.185
1320.000 0.185
1325.000 0.186
1330.000 0.187
1335.000 0.189
1340.000 0.191
1345.000 0.194
1350.000 0.197
1355.000 0.203
1360.000 0.204
1365.000 0.209
1370.000 0.212
1375.000 0.220
1380.000 0.226
1385.000 0.233
1390.000 0.244
1395.000 0.251
1400.000 0.266
1405.000 0.286
1410.000 0.297
1415.000 0.325
1420.000 0.338
1425.000 0.375
1430.000 0.420
1435.000 0.445
1440.000 0.514
1445.000 0.557
1450.000 0.652
1455.000 0.706
1460.000 0.802
1465.000 0.821
1470.000 0.788
1475.000 0.667
1480.000 0.600
1485.000 0.485
1490.000 0.400
1495.000 0.367
1500.000 0.312
1505.000 0.291
1510.000 0.256
1515.000 0.228
1520.000 0.217
1525.000 0.196
1530.000 0.189
1535.000 0.174
1540.000 0.164
1545.000 0.157
1550.000 0.146
1555.000 0.144
1560.000 0.136
1565.000 0.131
1570.000 0.127
1575.000 0.123
1580.000 0.120
1585.000 0.115
1590.000 0.111
1595.000 0.110
1600.000 0.106
1605.000 0.105
1610.000 0.103
1615.000 0.101
1620.000 0.099
1625.000 0.100
1630.000 0.096
1635.000 0.096
1640.000 0.094
1645.000 0.095
1650.000 0.097
1655.000 0.096
1660.000 0.101
1665.000 0.104
1670.000 0.108
1675.000 0.117
1680.000 0.122
1685.000 0.136
1690.000 0.158
1695.000 0.170
1700.000 0.200
1705.000 0.220
1710.000 0.266
1715.000 0.328
1720.000 0.366
1725.000 0.468
1730.000 0.542
1735.000 0.743
1740.000 1.129
1745.000 1.377
1750.000 1.859
1755.000 1.998
1760.000 1.959
1765.000 1.664
1770.000 1.494
1775.000 1.231
1780.000 1.124
1785.000 0.954
1790.000 0.829
1795.000 0.781
1800.000 0.701
1805.000 0.671
1810.000 0.617
1815.000 0.576
1820.000 0.560
1825.000 0.533
1830.000 0.523
1835.000 0.505
1840.000 0.491
1845.000 0.485
1850.000 0.479
1855.000 0.480
1860.000 0.479
1865.000 0.482
1870.000 0.486
1875.000 0.493
1880.000 0.497
1885.000 0.508
1890.000 0.524
1895.000 0.532
1900.000 0.556
1905.000 0.566
1910.000 0.595
1915.000 0.629
1920.000 0.653
1925.000 0.703
1930.000 0.730
1935.000 0.783
1940.000 0.838
1945.000 0.866
1950.000 0.932
1955.000 0.973
1960.000 1.061
1965.000 1.180
1970.000 1.243
1975.000 1.416
1980.000 1.515
1985.000 1.734
1990.000 1.934
1995.000 1.996
2000.000 1.959
2005.000 1.871
2010.000 1.603
2015.000 1.322
2020.000 1.197
2025.000 1.007
2030.000 0.909
2035.000 0.777
2040.000 0.710
2045.000 0.601
2050.000 0.508
2055.000 0.464
2060.000 0.397
2065.000 0.370
2070.000 0.320
2075.000 0.284
2080.000 0.267
2085.000 0.239
2090.000 0.225
2095.000 0.204
2100.000 0.189
2105.000 0.181
2110.000 0.168
2115.000 0.163
2120.000 0.153
2125.000 0.146
2130.000 0.143
2135.000 0.139
2140.000 0.137
2145.000 0.134
2150.000 0.135
2155.000 0.135
2160.000 0.136
2165.000 0.136
2170.000 0.140
2175.000 0.145
2180.000 0.147
2185.000 0.155
2190.000 0.160
2195.000 0.169
2200.000 0.182
2205.000 0.190
2210.000 0.208
2215.000 0.220
2220.000 0.246
2225.000 0.282
2230.000 0.302
2235.000 0.363
2240.000 0.402
2245.000 0.514
2250.000 0.711
2255.000 0.860
2260.000 1.256
2265.000 1.496
2270.000 1.921
2275.000 2.089
2280.000 1.992
2285.000 1.553
2290.000 1.342
2295.000 1.007
2300.000 0.788
2305.000 0.705
2310.000 0.582
2315.000 0.532
2320.000 0.457
2325.000 0.399
2330.000 0.376
2335.000 0.337
2340.000 0.320
2345.000 0.296
2350.000 0.284
2355.000 0.266
2360.000 0.252
2365.000 0.247
2370.000 0.234
2375.000 0.231
2380.000 0.223
2385.000 0.217
2390.000 0.212
2395.000 0.208
2400.000 0.206
2405.000 0.204
2410.000 0.201
2415.000 0.200
2420.000 0.198
2425.000 0.198
2430.000 0.197
2435.000 0.197
2440.000 0.198
2445.000 0.198
2450.000 0.200
2455.000 0.201
2460.000 0.203
2465.000 0.204
2470.000 0.205
2475.000 0.209
2480.000 0.214
2485.000 0.220
2490.000 0.223
2495.000 0.233
2500.000 0.238
2505.000 0.250
2510.000 0.262
2515.000 0.264
2520.000 0.251
2525.000 0.233
2530.000 0.161
2535.000 0.082
2540.000 0.060
2545.000 0.056
2550.000 0.065
2555.000 0.079
2560.000 0.092
2565.000 0.096
2570.000 0.103
2575.000 0.107
2580.000 0.112
2585.000 0.117
2590.000 0.119
2595.000 0.122
2600.000 0.121
2605.000 0.126
2610.000 0.128
2615.000 0.131
2620.000 0.130
2625.000 0.133
2630.000 0.134
2635.000 0.134
2640.000 0.135
2645.000 0.137
2650.000 0.139
2655.000 0.139
2660.000 0.140
2665.000 0.139
2670.000 0.140
2675.000 0.141
2680.000 0.142
2685.000 0.142
2690.000 0.143
2695.000 0.144
2700.000 0.145
2705.000 0.144
2710.000 0.146
2715.000 0.146
2720.000 0.146
2725.000 0.146
2730.000 0.149
2735.000 0.148
2740.000 0.149
2745.000 0.149
2750.000 0.150
2755.000 0.149
2760.000 0.149
2765.000 0.150
2770.000 0.150
2775.000 0.150
2780.000 0.152
2785.000 0.152
2790.000 0.152
2795.000 0.153
2800.000 0.154
2805.000 0.155
2810.000 0.155
2815.000 0.156
2820.000 0.156
2825.000 0.157
2830.000 0.156
2835.000 0.156
2840.000 0.157
2845.000 0.157
2850.000 0.157
2855.000 0.159
2860.000 0.160
2865.000 0.159
2870.000 0.159
2875.000 0.160
2880.000 0.161
2885.000 0.162
2890.000 0.163
2895.000 0.163
2900.000 0.163
2905.000 0.166
2910.000 0.165
2915.000 0.166
2920.000 0.164
2925.000 0.166
2930.000 0.169
2935.000 0.165
2940.000 0.169
2945.000 0.170
2950.000 0.169
2955.000 0.170
2960.000 0.168
2965.000 0.166
2970.000 0.173
2975.000 0.169
2980.000 0.166
2985.000 0.170
2990.000 0.170
2995.000 0.174
3000.000 0.171
3005.000 0.171
3010.000 0.176
3015.000 0.173
3020.000 0.169
3025.000 0.177
3030.000 0.179
3035.000 0.175
3040.000 0.170
3045.000 0.170
3050.000 0.171
3055.000 0.174
3060.000 0.172
3065.000 0.175
3070.000 0.172
3075.000 0.171
3080.000 0.172
3085.000 0.175
3090.000 0.172
3095.000 0.174
3100.000 0.174
3105.000 0.174
3110.000 0.175
3115.000 0.174
3120.000 0.175
3125.000 0.176
3130.000 0.176
3135.000 0.176
3140.000 0.173
3145.000 0.175
3150.000 0.178
3155.000 0.174
3160.000 0.174
3165.000 0.176
3170.000 0.176
3175.000 0.177
3180.000 0.177
3185.000 0.176
3190.000 0.176
3195.000 0.177
3200.000 0.178
3205.000 0.178
3210.000 0.179
3215.000 0.178
3220.000 0.178
3225.000 0.178
3230.000 0.178
3235.000 0.178
3240.000 0.177
3245.000 0.179
3250.000 0.180
3255.000 0.180
3260.000 0.180
3265.000 0.181
3270.000 0.183
3275.000 0.184
3280.000 0.186
3285.000 0.186
3290.000 0.186
3295.000 0.185
3300.000 0.188
3305.000 0.189
3310.000 0.190
3315.000 0.194
3320.000 0.198
3325.000 0.201
3330.000 0.208
3335.000 0.211
3340.000 0.222
3345.000 0.238
3350.000 0.250
3355.000 0.282
3360.000 0.307
3365.000 0.370
3370.000 0.476
3375.000 0.553
3380.000 0.788
3385.000 0.944
3390.000 1.279
3395.000 1.544
3400.000 1.558
3405.000 1.326
3410.000 1.172
3415.000 0.926
3420.000 0.759
3425.000 0.696
3430.000 0.606
3435.000 0.579
3440.000 0.541
3445.000 0.517
3450.000 0.511
3455.000 0.510
3460.000 0.517
3465.000 0.534
3470.000 0.561
3475.000 0.580
3480.000 0.622
3485.000 0.645
3490.000 0.689
3495.000 0.716
3500.000 0.711
3505.000 0.671
3510.000 0.641
3515.000 0.552
3520.000 0.469
3525.000 0.428
3530.000 0.373
3535.000 0.348
3540.000 0.318
3545.000 0.307
3550.000 0.288
3555.000 0.274
3560.000 0.273
3565.000 0.265
3570.000 0.265
3575.000 0.259
3580.000 0.258
3585.000 0.260
3590.000 0.263
3595.000 0.265
3600.000 0.269
3605.000 0.278
3610.000 0.282
3615.000 0.291
3620.000 0.297
3625.000 0.308
3630.000 0.327
3635.000 0.341
3640.000 0.363
3645.000 0.377
3650.000 0.415
3655.000 0.476
3660.000 0.509
3665.000 0.610
3670.000 0.682
3675.000 0.881
3680.000 1.150
3685.000 1.297
3690.000 1.518
3695.000 1.548
3700.000 1.408
3705.000 1.097
3710.000 0.955
3715.000 0.746
3720.000 0.669
3725.000 0.564
3730.000 0.492
3735.000 0.465
3740.000 0.424
3745.000 0.405
3750.000 0.382
3755.000 0.361
3760.000 0.353
3765.000 0.339
3770.000 0.334
3775.000 0.326
3780.000 0.319
3785.000 0.312
3790.000 0.306
3795.000 0.303
3800.000 0.301
3805.000 0.296
3810.000 0.294
3815.000 0.290
3820.000 0.289
3825.000 0.289
3830.000 0.290
3835.000 0.287
3840.000 0.281
3845.000 0.284
3850.000 0.281
3855.000 0.284
3860.000 0.282
3865.000 0.281
3870.000 0.286
3875.000 0.282
3880.000 0.310
3885.000 0.311
3890.000 0.305
3895.000 0.317
3900.000 0.307
3905.000 0.303
3910.000 0.298
3915.000 0.303
3920.000 0.306
3925.000 0.308
3930.000 0.315
3935.000 0.317
3940.000 0.319
3945.000 0.325
3950.000 0.337
3955.000 0.345
3960.000 0.362
3965.000 0.379
3970.000 0.387
3975.000 0.424
3980.000 0.470
3985.000 0.488
3990.000 0.527
3995.000 0.528
4000.000 0.502
4005.000 0.439
4010.000 0.391
4015.000 0.328
4020.000 0.316
4025.000 0.270
4030.000 0.256
4035.000 0.250
4040.000 0.250
4045.000 0.247
4050.000 0.240
4055.000 0.241
4060.000 0.234
4065.000 0.238
4070.000 0.237
4075.000 0.240
4080.000 0.244
4085.000 0.248
4090.000 0.249
4095.000 0.252
4100.000 0.257
4105.000 0.264
4110.000 0.268
4115.000 0.279
4120.000 0.283
4125.000 0.298
4130.000 0.305
4135.000 0.325
4140.000 0.350
4145.000 0.365
4150.000 0.406
4155.000 0.435
4160.000 0.511
4165.000 0.624
4170.000 0.697
4175.000 0.877
4180.000 0.978
4185.000 1.140
4190.000 1.117
4195.000 1.030
4200.000 0.828
4205.000 0.740
4210.000 0.605
4215.000 0.516
4220.000 0.480
4225.000 0.437
4230.000 0.419
4235.000 0.393
4240.000 0.373
4245.000 0.366
4250.000 0.353
4255.000 0.344
4260.000 0.335
4265.000 0.326
4270.000 0.321
4275.000 0.320
4280.000 0.315
4285.000 0.311
4290.000 0.304
4295.000 0.302
4300.000 0.293
4305.000 0.294
4310.000 0.295
4315.000 0.293
4320.000 0.292
4325.000 0.292
4330.000 0.293
4335.000 0.290
4340.000 0.296
4345.000 0.293
4350.000 0.295
4355.000 0.296
4360.000 0.296
4365.000 0.295
4370.000 0.296
4375.000 0.299
4380.000 0.302
4385.000 0.302
4390.000 0.309
4395.000 0.307
4400.000 0.312
4405.000 0.310
4410.000 0.317
4415.000 0.324
4420.000 0.328
4425.000 0.330
4430.000 0.327
4435.000 0.312
4440.000 0.270
4445.000 0.236
4450.000 0.145
4455.000 0.093
4460.000 0.013
4465.000 0.060
4470.000 0.087
4475.000 0.131
4480.000 0.147
4485.000 0.178
4490.000 0.196
4495.000 0.208
4500.000 0.215
4505.000 0.219
4510.000 0.219
4515.000 0.220
4520.000 0.219
4525.000 0.218
4530.000 0.219
4535.000 0.212
4540.000 0.212
4545.000 0.211
4550.000 0.213
4555.000 0.212
4560.000 0.212
4565.000 0.214
4570.000 0.218
4575.000 0.214
4580.000 0.216
4585.000 0.214
4590.000 0.212
4595.000 0.215
4600.000 0.214
4605.000 0.217
4610.000 0.215
4615.000 0.214
4620.000 0.212
4625.000 0.215
4630.000 0.212
4635.000 0.210
4640.000 0.209
4645.000 0.211
4650.000 0.211
4655.000 0.207
4660.000 0.205
4665.000 0.204
4670.000 0.205
4675.000 0.206
4680.000 0.204
4685.000 0.202
4690.000 0.207
4695.000 0.209
4700.000 0.212
4705.000 0.220
4710.000 0.236
4715.000 0.249
4720.000 0.290
4725.000 0.378
4730.000 0.443
4735.000 0.645
4740.000 0.778
4745.000 1.057
4750.000 1.156
4755.000 1.114
4760.000 0.941
4765.000 0.846
4770.000 0.686
4775.000 0.577
4780.000 0.532
4785.000 0.469
4790.000 0.441
4795.000 0.408
4800.000 0.388
4805.000 0.383
4810.000 0.375
4815.000 0.369
4820.000 0.369
4825.000 0.365
4830.000 0.363
4835.000 0.368
4840.000 0.370
4845.000 0.376
4850.000 0.381
4855.000 0.383
4860.000 0.391
4865.000 0.389
4870.000 0.370
4875.000 0.314
4880.000 0.276
4885.000 0.206
4890.000 0.184
4895.000 0.167
4900.000 0.171
4905.000 0.174
4910.000 0.186
4915.000 0.186
4920.000 0.194
4925.000 0.199
4930.000 0.201
4935.000 0.204
4940.000 0.208
4945.000 0.207
4950.000 0.213
4955.000 0.214
4960.000 0.215
4965.000 0.212
4970.000 0.212
4975.000 0.217
4980.000 0.216
4985.000 0.212
4990.000 0.216
4995.000 0.211
5000.000 0.222
5005.000 0.207
5010.000 0.209
5015.000 0.207
5020.000 0.218
5025.000 0.207
5030.000 0.211
5035.000 0.204
5040.000 0.200
5045.000 0.198
5050.000 0.203
5055.000 0.198
5060.000 0.195
5065.000 0.196
5070.000 0.194
5075.000 0.205
5080.000 0.219
5085.000 0.269
5090.000 0.301
5095.000 0.387
5100.000 0.440
5105.000 0.445
5110.000 0.413
5115.000 0.394
5120.000 0.359
5125.000 0.333
5130.000 0.324
5135.000 0.315
5140.000 0.311
5145.000 0.308
5150.000 0.303
5155.000 0.302
5160.000 0.295
5165.000 0.292
5170.000 0.291
5175.000 0.289
5180.000 0.290
5185.000 0.285
5190.000 0.286
5195.000 0.284
5200.000 0.281
5205.000 0.282
5210.000 0.284
5215.000 0.281
5220.000 0.278
5225.000 0.280
5230.000 0.281
5235.000 0.274
5240.000 0.278
5245.000 0.277
5250.000 0.280
5255.000 0.277
5260.000 0.275
5265.000 0.276
5270.000 0.275
5275.000 0.279
5280.000 0.279
5285.000 0.274
5290.000 0.275
5295.000 0.274
5300.000 0.274
5305.000 0.272
5310.000 0.273
5315.000 0.274
5320.000 0.277
5325.000 0.275
5330.000 0.275
5335.000 0.272
5340.000 0.280
5345.000 0.282
5350.000 0.280
5355.000 0.278
5360.000 0.280
5365.000 0.278
5370.000 0.281
5375.000 0.279
5380.000 0.278
5385.000 0.278
5390.000 0.277
5395.000 0.280
5400.000 0.275
5405.000 0.284
5410.000 0.288
5415.000 0.288
5420.000 0.283
5425.000 0.282
5430.000 0.279
5435.000 0.279
5440.000 0.276
5445.000 0.281
5450.000 0.281
5455.000 0.278
5460.000 0.283
5465.000 0.284
5470.000 0.281
5475.000 0.285
5480.000 0.282
5485.000 0.281
5490.000 0.281
5495.000 0.281
5500.000 0.279
5505.000 0.281
5510.000 0.284
5515.000 0.278
5520.000 0.286
5525.000 0.284
5530.000 0.293
5535.000 0.289
5540.000 0.283
5545.000 0.285
5550.000 0.280
5555.000 0.283
5560.000 0.281
5565.000 0.282
5570.000 0.283
5575.000 0.280
5580.000 0.282
5585.000 0.282
5590.000 0.281
5595.000 0.283
5600.000 0.286
5605.000 0.286
5610.000 0.285
5615.000 0.284
5620.000 0.285
5625.000 0.282
5630.000 0.286
5635.000 0.288
5640.000 0.283
5645.000 0.286
5650.000 0.286
5655.000 0.288
5660.000 0.289
5665.000 0.285
5670.000 0.283
5675.000 0.282
5680.000 0.280
5685.000 0.279
5690.000 0.280
5695.000 0.281
5700.000 0.282
5705.000 0.288
5710.000 0.290
5715.000 0.284
5720.000 0.287
5725.000 0.288
5730.000 0.290
5735.000 0.289
5740.000 0.291
5745.000 0.293
5750.000 0.292
5755.000 0.292
5760.000 0.293
5765.000 0.294
5770.000 0.292
5775.000 0.294
5780.000 0.293
5785.000 0.293
5790.000 0.296
5795.000 0.295
5800.000 0.295
5805.000 0.297
5810.000 0.294
5815.000 0.294
5820.000 0.294
5825.000 0.297
5830.000 0.297
5835.000 0.297
5840.000 0.297
5845.000 0.309
5850.000 0.304
5855.000 0.310
5860.000 0.309
5865.000 0.307
5870.000 0.303
5875.000 0.302
5880.000 0.302
5885.000 0.309
5890.000 0.308
5895.000 0.303
5900.000 0.303
5905.000 0.302
5910.000 0.307
5915.000 0.301
5920.000 0.303
5925.000 0.304
5930.000 0.309
5935.000 0.312
5940.000 0.306
5945.000 0.311
5950.000 0.311
5955.000 0.303
5960.000 0.312
5965.000 0.310
5970.000 0.307
5975.000 0.312
5980.000 0.315
5985.000 0.311
5990.000 0.306
5995.000 0.306
6000.000 0.314
6005.000 0.308
6010.000 0.304
6015.000 0.307
6020.000 0.315
6025.000 0.308
6030.000 0.307
6035.000 0.317
6040.000 0.320
6045.000 0.321
6050.000 0.319
6055.000 0.314
6060.000 0.314
6065.000 0.309
6070.000 0.315
6075.000 0.316
6080.000 0.314
6085.000 0.312
6090.000 0.313
6095.000 0.315
6100.000 0.313
6105.000 0.315
6110.000 0.314
6115.000 0.315
6120.000 0.312
6125.000 0.315
6130.000 0.314
6135.000 0.313
6140.000 0.316
6145.000 0.316
6150.000 0.315
6155.000 0.318
6160.000 0.316
6165.000 0.316
6170.000 0.314
6175.000 0.317
6180.000 0.315
6185.000 0.320
6190.000 0.321
6195.000 0.318
6200.000 0.319
6205.000 0.318
6210.000 0.318
6215.000 0.317
6220.000 0.319
6225.000 0.319
6230.000 0.320
6235.000 0.318
6240.000 0.320
6245.000 0.319
6250.000 0.322
6255.000 0.319
6260.000 0.319
6265.000 0.323
6270.000 0.320
6275.000 0.322
6280.000 0.322
6285.000 0.325
6290.000 0.324
6295.000 0.323
6300.000 0.324
6305.000 0.319
6310.000 0.332
6315.000 0.331
6320.000 0.333
6325.000 0.328
6330.000 0.327
6335.000 0.323
6340.000 0.323
6345.000 0.321
6350.000 0.329
6355.000 0.324
6360.000 0.325
6365.000 0.325
6370.000 0.325
6375.000 0.322
6380.000 0.323
6385.000 0.324
6390.000 0.326
6395.000 0.325
6400.000 0.324
6405.000 0.325
6410.000 0.326
6415.000 0.325
6420.000 0.326
6425.000 0.325
6430.000 0.324
6435.000 0.329
6440.000 0.327
6445.000 0.327
6450.000 0.325
6455.000 0.326
6460.000 0.324
6465.000 0.327
6470.000 0.326
6475.000 0.328
6480.000 0.330
6485.000 0.328
6490.000 0.329
6495.000 0.329
6500.000 0.329
6505.000 0.332
6510.000 0.332
6515.000 0.331
6520.000 0.330
6525.000 0.329
6530.000 0.331
6535.000 0.331
6540.000 0.328
6545.000 0.330
6550.000 0.329
6555.000 0.329
6560.000 0.332
6565.000 0.327
6570.000 0.327
6575.000 0.330
6580.000 0.332
6585.000 0.333
6590.000 0.330
6595.000 0.331
6600.000 0.329
6605.000 0.332
6610.000 0.336
6615.000 0.337
6620.000 0.340
6625.000 0.336
6630.000 0.339
6635.000 0.343
6640.000 0.344
6645.000 0.346
6650.000 0.349
6655.000 0.354
6660.000 0.358
6665.000 0.374
6670.000 0.380
6675.000 0.394
6680.000 0.425
6685.000 0.444
6690.000 0.489
6695.000 0.518
6700.000 0.588
6705.000 0.640
6710.000 0.642
6715.000 0.576
6720.000 0.526
6725.000 0.445
6730.000 0.391
6735.000 0.371
6740.000 0.339
6745.000 0.331
6750.000 0.307
6755.000 0.287
6760.000 0.274
6765.000 0.249
6770.000 0.240
6775.000 0.214
6780.000 0.193
6785.000 0.189
6790.000 0.219
6795.000 0.263
6800.000 0.428
6805.000 0.523
6810.000 0.653
6815.000 0.688
6820.000 0.690
6825.000 0.671
6830.000 0.657
6835.000 0.629
6840.000 0.608
6845.000 0.599
6850.000 0.576
6855.000 0.571
6860.000 0.558
6865.000 0.554
6870.000 0.554
6875.000 0.563
6880.000 0.571
6885.000 0.599
6890.000 0.640
6895.000 0.670
6900.000 0.737
6905.000 0.787
6910.000 0.895
6915.000 1.006
6920.000 1.040
6925.000 1.040
6930.000 0.984
6935.000 0.821
6940.000 0.668
6945.000 0.607
6950.000 0.519
6955.000 0.490
6960.000 0.435
6965.000 0.400
6970.000 0.391
6975.000 0.375
6980.000 0.367
6985.000 0.357
6990.000 0.340
6995.000 0.347
7000.000 0.333
7005.000 0.333
7010.000 0.321
7015.000 0.323
7020.000 0.326
7025.000 0.318
7030.000 0.312
7035.000 0.309
7040.000 0.307
7045.000 0.305
7050.000 0.305
7055.000 0.310
7060.000 0.305
7065.000 0.306
7070.000 0.300
7075.000 0.297
7080.000 0.297
7085.000 0.291
7090.000 0.286
7095.000 0.288
7100.000 0.281
7105.000 0.282
7110.000 0.277
7115.000 0.274
7120.000 0.272
7125.000 0.265
7130.000 0.262
7135.000 0.254
7140.000 0.243
7145.000 0.239
7150.000 0.228
7155.000 0.221
7160.000 0.204
7165.000 0.184
7170.000 0.172
7175.000 0.156
7180.000 0.154
7185.000 0.175
7190.000 0.274
7195.000 0.382
7200.000 0.670
7205.000 0.796
7210.000 0.940
7215.000 0.944
7220.000 0.919
7225.000 0.873
7230.000 0.843
7235.000 0.793
7240.000 0.756
7245.000 0.735
7250.000 0.697
7255.000 0.686
7260.000 0.655
7265.000 0.640
7270.000 0.630
7275.000 0.619
7280.000 0.618
7285.000 0.620
7290.000 0.629
7295.000 0.638
7300.000 0.673
7305.000 0.691
7310.000 0.741
7315.000 0.813
7320.000 0.859
7325.000 0.941
7330.000 0.975
7335.000 1.000
7340.000 0.939
7345.000 0.882
7350.000 0.755
7355.000 0.697
7360.000 0.600
7365.000 0.516
7370.000 0.486
7375.000 0.431
7380.000 0.410
7385.000 0.381
7390.000 0.366
7395.000 0.342
7400.000 0.336
7405.000 0.329
7410.000 0.319
7415.000 0.312
7420.000 0.307
7425.000 0.301
7430.000 0.304
7435.000 0.294
7440.000 0.293
7445.000 0.291
7450.000 0.287
7455.000 0.285
7460.000 0.279
7465.000 0.276
7470.000 0.272
7475.000 0.266
7480.000 0.266
7485.000 0.258
7490.000 0.253
7495.000 0.251
7500.000 0.236
7505.000 0.230
7510.000 0.216
7515.000 0.204
7520.000 0.180
7525.000 0.144
7530.000 0.123
7535.000 0.066
7540.000 0.032
7545.000 0.053
7550.000 0.159
7555.000 0.246
7560.000 0.423
7565.000 0.480
7570.000 0.545
7575.000 0.559
7580.000 0.561
7585.000 0.559
7590.000 0.561
7595.000 0.556
7600.000 0.554
7605.000 0.553
7610.000 0.551
7615.000 0.547
7620.000 0.549
7625.000 0.542
7630.000 0.540
7635.000 0.527
7640.000 0.521
7645.000 0.511
7650.000 0.494
7655.000 0.490
7660.000 0.474
7665.000 0.468
7670.000 0.448
7675.000 0.432
7680.000 0.423
7685.000 0.405
7690.000 0.397
7695.000 0.386
7700.000 0.371
7705.000 0.367
7710.000 0.358
7715.000 0.356
7720.000 0.358
7725.000 0.361
7730.000 0.363
7735.000 0.362
7740.000 0.363
7745.000 0.373
7750.000 0.377
7755.000 0.380
7760.000 0.387
7765.000 0.391
7770.000 0.404
7775.000 0.414
7780.000 0.419
7785.000 0.442
7790.000 0.451
7795.000 0.480
7800.000 0.510
7805.000 0.527
7810.000 0.554
7815.000 0.555
7820.000 0.550
7825.000 0.496
7830.000 0.462
7835.000 0.396
7840.000 0.364
7845.000 0.320
7850.000 0.283
7855.000 0.267
7860.000 0.244
7865.000 0.234
7870.000 0.210
7875.000 0.185
7880.000 0.166
7885.000 0.135
7890.000 0.120
7895.000 0.110
7900.000 0.152
7905.000 0.197
7910.000 0.305
7915.000 0.351
7920.000 0.405
7925.000 0.421
7930.000 0.424
7935.000 0.419
7940.000 0.411
7945.000 0.405
7950.000 0.392
7955.000 0.384
7960.000 0.369
7965.000 0.366
7970.000 0.355
7975.000 0.340
7980.000 0.334
7985.000 0.332
7990.000 0.330
7995.000 0.331
8000.000 0.323
8005.000 0.328
8010.000 0.328
8015.000 0.329
8020.000 0.318
8025.000 0.329
8030.000 0.329
8035.000 0.332
8040.000 0.336
8045.000 0.336
8050.000 0.336
8055.000 0.337
8060.000 0.331
8065.000 0.326
8070.000 0.319
8075.000 0.321
8080.000 0.318
8085.000 0.317
8090.000 0.318
8095.000 0.316
8100.000 0.317
8105.000 0.313
8110.000 0.311
8115.000 0.312
8120.000 0.308
8125.000 0.310
8130.000 0.309
8135.000 0.310
8140.000 0.312
8145.000 0.311
8150.000 0.311
8155.000 0.310
8160.000 0.309
8165.000 0.307
8170.000 0.310
8175.000 0.309
8180.000 0.308
8185.000 0.311
8190.000 0.308
8195.000 0.310
8200.000 0.310
8205.000 0.312
8210.000 0.312
8215.000 0.309
8220.000 0.313
8225.000 0.310
8230.000 0.312
8235.000 0.309
8240.000 0.311
8245.000 0.308
8250.000 0.310
8255.000 0.313
8260.000 0.310
8265.000 0.310
8270.000 0.311
8275.000 0.313
8280.000 0.317
8285.000 0.318
8290.000 0.316
8295.000 0.314
8300.000 0.312
8305.000 0.311
8310.000 0.312
8315.000 0.314
8320.000 0.313
8325.000 0.317
8330.000 0.317
8335.000 0.316
8340.000 0.315
8345.000 0.314
8350.000 0.313
8355.000 0.313
8360.000 0.315
8365.000 0.315
8370.000 0.317
8375.000 0.315
8380.000 0.316
8385.000 0.317
8390.000 0.314
8395.000 0.320
8400.000 0.318
8405.000 0.319
8410.000 0.316
8415.000 0.313
8420.000 0.316
8425.000 0.317
8430.000 0.317
8435.000 0.315
8440.000 0.316
8445.000 0.315
8450.000 0.316
8455.000 0.317
8460.000 0.318
8465.000 0.317
8470.000 0.317
8475.000 0.316
8480.000 0.318
8485.000 0.321
8490.000 0.319
8495.000 0.317
8500.000 0.317
8505.000 0.314
8510.000 0.316
8515.000 0.317
8520.000 0.321
8525.000 0.321
8530.000 0.319
8535.000 0.324
8540.000 0.321
8545.000 0.319
8550.000 0.318
8555.000 0.318
8560.000 0.318
8565.000 0.319
8570.000 0.319
8575.000 0.319
8580.000 0.328
8585.000 0.329
8590.000 0.329
8595.000 0.326
8600.000 0.324
8605.000 0.321
8610.000 0.321
8615.000 0.322
8620.000 0.321
8625.000 0.323
8630.000 0.324
8635.000 0.321
8640.000 0.324
8645.000 0.322
8650.000 0.322
8655.000 0.324
8660.000 0.324
8665.000 0.320
8670.000 0.322
8675.000 0.326
8680.000 0.324
8685.000 0.323
8690.000 0.324
8695.000 0.325
8700.000 0.326
8705.000 0.326
8710.000 0.327
8715.000 0.325
8720.000 0.323
8725.000 0.324
8730.000 0.327
8735.000 0.326
8740.000 0.328
8745.000 0.325
8750.000 0.326
8755.000 0.323
8760.000 0.323
8765.000 0.325
8770.000 0.320
8775.000 0.323
8780.000 0.326
8785.000 0.328
8790.000 0.330
8795.000 0.329
8800.000 0.330
8805.000 0.328
8810.000 0.326
8815.000 0.326
8820.000 0.331
8825.000 0.316
8830.000 0.316
8835.000 0.347
8840.000 0.344
8845.000 0.334
8850.000 0.334
8855.000 0.332
8860.000 0.330
8865.000 0.328
8870.000 0.328
8875.000 0.327
8880.000 0.328
8885.000 0.328
8890.000 0.328
8895.000 0.330
8900.000 0.325
8905.000 0.329
8910.000 0.325
8915.000 0.332
8920.000 0.328
8925.000 0.332
8930.000 0.328
8935.000 0.325
8940.000 0.327
8945.000 0.329
8950.000 0.326
8955.000 0.334
8960.000 0.328
8965.000 0.327
8970.000 0.329
8975.000 0.326
8980.000 0.327
8985.000 0.328
8990.000 0.326
8995.000 0.330
9000.000 0.333
9005.000 0.326
9010.000 0.330
9015.000 0.328
9020.000 0.326
9025.000 0.334
9030.000 0.329
9035.000 0.337
9040.000 0.332
9045.000 0.331
9050.000 0.335
9055.000 0.329
9060.000 0.334
9065.000 0.328
9070.000 0.332
9075.000 0.329
9080.000 0.331
9085.000 0.328
9090.000 0.333
9095.000 0.331
9100.000 0.333
9105.000 0.330
9110.000 0.330
9115.000 0.332
9120.000 0.332
9125.000 0.331
9130.000 0.330
9135.000 0.332
9140.000 0.331
9145.000 0.331
9150.000 0.330
9155.000 0.330
9160.000 0.329
9165.000 0.332
9170.000 0.333
9175.000 0.334
9180.000 0.332
9185.000 0.333
9190.000 0.331
9195.000 0.330
9200.000 0.330
9205.000 0.335
9210.000 0.333
9215.000 0.336
9220.000 0.333
9225.000 0.334
9230.000 0.333
9235.000 0.336
9240.000 0.335
9245.000 0.334
9250.000 0.333
9255.000 0.333
9260.000 0.336
9265.000 0.335
9270.000 0.333
9275.000 0.333
9280.000 0.332
9285.000 0.333
9290.000 0.333
9295.000 0.336
9300.000 0.332
9305.000 0.335
9310.000 0.333
9315.000 0.335
9320.000 0.333
9325.000 0.334
9330.000 0.333
9335.000 0.335
9340.000 0.334
9345.000 0.334
9350.000 0.331
9355.000 0.333
9360.000 0.333
9365.000 0.333
9370.000 0.336
9375.000 0.334
9380.000 0.335
9385.000 0.333
9390.000 0.334
9395.000 0.336
9400.000 0.335
9405.000 0.333
9410.000 0.332
9415.000 0.335
9420.000 0.335
9425.000 0.336
9430.000 0.335
9435.000 0.336
9440.000 0.334
9445.000 0.333
9450.000 0.332
9455.000 0.335
9460.000 0.335
9465.000 0.336
9470.000 0.334
9475.000 0.332
9480.000 0.332
9485.000 0.333
9490.000 0.336
9495.000 0.334
9500.000 0.339
9505.000 0.338
9510.000 0.338
9515.000 0.336
9520.000 0.337
9525.000 0.335
9530.000 0.337
9535.000 0.336
9540.000 0.336
9545.000 0.337
9550.000 0.339
9555.000 0.337
9560.000 0.334
9565.000 0.334
9570.000 0.333
9575.000 0.336
9580.000 0.333
9585.000 0.334
9590.000 0.339
9595.000 0.339
9600.000 0.334
9605.000 0.336
9610.000 0.331
9615.000 0.341
9620.000 0.340
9625.000 0.336
9630.000 0.336
9635.000 0.337
9640.000 0.336
9645.000 0.335
9650.000 0.337
9655.000 0.336
9660.000 0.333
9665.000 0.335
9670.000 0.333
9675.000 0.336
9680.000 0.334
9685.000 0.337
9690.000 0.335
9695.000 0.334
9700.000 0.332
9705.000 0.334
9710.000 0.332
9715.000 0.335
9720.000 0.334
9725.000 0.333
9730.000 0.332
9735.000 0.332
9740.000 0.336
9745.000 0.335
9750.000 0.337
9755.000 0.334
9760.000 0.337
9765.000 0.337
9770.000 0.337
9775.000 0.334
9780.000 0.333
9785.000 0.334
9790.000 0.344
9795.000 0.343
9800.000 0.341
9805.000 0.341
9810.000 0.343
9815.000 0.337
9820.000 0.341
9825.000 0.338
9830.000 0.338
9835.000 0.338
9840.000 0.337
9845.000 0.334
9850.000 0.336
9855.000 0.335
9860.000 0.335
9865.000 0.337
9870.000 0.336
9875.000 0.336
9880.000 0.335
9885.000 0.335
9890.000 0.335
9895.000 0.337
9900.000 0.339
9905.000 0.341
9910.000 0.341
9915.000 0.344
9920.000 0.345
9925.000 0.346
9930.000 0.346
9935.000 0.350
9940.000 0.349
9945.000 0.353
9950.000 0.353
9955.000 0.359
9960.000 0.365
9965.000 0.365
9970.000 0.366
9975.000 0.347
9980.000 0.328
9985.000 0.291
9990.000 0.264
9995.000 0.258
10000.000 0.257
10005.000 0.250
10010.000 0.242
10015.000 0.249
10020.000 0.251
10025.000 0.242
10030.000 0.239
10035.000 0.231
10040.000 0.228
10045.000 0.226
10050.000 0.220
10055.000 0.229
10060.000 0.245
10065.000 0.260
10070.000 0.329
10075.000 0.423
10080.000 0.475
10085.000 0.550
10090.000 0.568
10095.000 0.569
10100.000 0.549
10105.000 0.533
10110.000 0.504
10115.000 0.495
10120.000 0.483
10125.000 0.476
10130.000 0.474
10135.000 0.476
10140.000 0.479
10145.000 0.484
10150.000 0.493
10155.000 0.502
10160.000 0.513
10165.000 0.519
10170.000 0.527
10175.000 0.518
10180.000 0.506
10185.000 0.459
10190.000 0.422
10195.000 0.351
10200.000 0.293
10205.000 0.277
10210.000 0.261
10215.000 0.256
10220.000 0.257
10225.000 0.257
10230.000 0.259
10235.000 0.262
10240.000 0.263
10245.000 0.265
10250.000 0.270
10255.000 0.272
10260.000 0.275
10265.000 0.275
10270.000 0.277
10275.000 0.279
10280.000 0.275
10285.000 0.280
10290.000 0.280
10295.000 0.279
10300.000 0.283
10305.000 0.279
10310.000 0.281
10315.000 0.281
10320.000 0.278
10325.000 0.271
10330.000 0.268
10335.000 0.269
10340.000 0.265
10345.000 0.262
10350.000 0.257
10355.000 0.256
10360.000 0.247
10365.000 0.244
10370.000 0.238
10375.000 0.230
10380.000 0.228
10385.000 0.219
10390.000 0.216
10395.000 0.210
10400.000 0.205
10405.000 0.210
10410.000 0.235
10415.000 0.255
10420.000 0.331
10425.000 0.456
10430.000 0.518
10435.000 0.627
10440.000 0.652
10445.000 0.663
10450.000 0.630
10455.000 0.608
10460.000 0.565
10465.000 0.549
10470.000 0.510
10475.000 0.485
10480.000 0.477
10485.000 0.468
10490.000 0.464
10495.000 0.463
10500.000 0.464
10505.000 0.465
10510.000 0.466
10515.000 0.468
10520.000 0.470
10525.000 0.478
10530.000 0.485
10535.000 0.492
10540.000 0.496
10545.000 0.506
10550.000 0.509
10555.000 0.503
10560.000 0.481
10565.000 0.464
10570.000 0.415
10575.000 0.361
10580.000 0.337
10585.000 0.289
10590.000 0.275
10595.000 0.256
10600.000 0.244
10605.000 0.240
10610.000 0.235
10615.000 0.233
10620.000 0.235
10625.000 0.233
10630.000 0.239
10635.000 0.240
10640.000 0.240
10645.000 0.243
10650.000 0.241
10655.000 0.240
10660.000 0.241
10665.000 0.241
10670.000 0.242
10675.000 0.238
10680.000 0.246
10685.000 0.239
10690.000 0.239
10695.000 0.238
10700.000 0.236
10705.000 0.232
10710.000 0.234
10715.000 0.232
10720.000 0.232
10725.000 0.238
10730.000 0.256
10735.000 0.290
10740.000 0.307
10745.000 0.362
10750.000 0.383
10755.000 0.410
10760.000 0.417
10765.000 0.412
10770.000 0.398
10775.000 0.390
10780.000 0.383
10785.000 0.378
10790.000 0.376
10795.000 0.372
10800.000 0.371
10805.000 0.369
10810.000 0.365
10815.000 0.367
10820.000 0.364
10825.000 0.362
10830.000 0.362
10835.000 0.354
10840.000 0.357
10845.000 0.358
10850.000 0.356
10855.000 0.353
10860.000 0.354
10865.000 0.353
10870.000 0.355
10875.000 0.355
10880.000 0.352
10885.000 0.357
10890.000 0.358
10895.000 0.359
10900.000 0.359
10905.000 0.363
10910.000 0.361
10915.000 0.360
10920.000 0.363
10925.000 0.364
10930.000 0.365
10935.000 0.370
10940.000 0.371
10945.000 0.371
10950.000 0.373
10955.000 0.378
10960.000 0.378
10965.000 0.375
10970.000 0.362
10975.000 0.355
10980.000 0.325
10985.000 0.295
10990.000 0.281
10995.000 0.263
11000.000 0.249
11005.000 0.251
11010.000 0.252
11015.000 0.250
11020.000 0.247
11025.000 0.252
11030.000 0.253
11035.000 0.254
11040.000 0.256
11045.000 0.279
11050.000 0.275
11055.000 0.288
11060.000 0.305
11065.000 0.314
11070.000 0.331
11075.000 0.337
11080.000 0.341
11085.000 0.342
11090.000 0.342
11095.000 0.342
11100.000 0.342
11105.000 0.339
11110.000 0.343
11115.000 0.344
11120.000 0.339
11125.000 0.336
11130.000 0.339
11135.000 0.335
11140.000 0.335
11145.000 0.336
11150.000 0.336
11155.000 0.336
11160.000 0.334
11165.000 0.335
11170.000 0.335
11175.000 0.332
11180.000 0.333
11185.000 0.329
11190.000 0.324
11195.000 0.321
11200.000 0.321
11205.000 0.315
11210.000 0.314
11215.000 0.315
11220.000 0.313
11225.000 0.314
11230.000 0.311
11235.000 0.314
11240.000 0.314
11245.000 0.312
11250.000 0.311
11255.000 0.314
11260.000 0.313
11265.000 0.317
11270.000 0.317
11275.000 0.315
11280.000 0.315
11285.000 0.314
11290.000 0.316
11295.000 0.314
11300.000 0.313
11305.000 0.315
11310.000 0.315
11315.000 0.313
11320.000 0.312
11325.000 0.316
11330.000 0.314
11335.000 0.314
11340.000 0.314
11345.000 0.314
11350.000 0.312
11355.000 0.313
11360.000 0.314
11365.000 0.315
11370.000 0.314
11375.000 0.313
11380.000 0.314
11385.000 0.312
11390.000 0.314
11395.000 0.312
11400.000 0.313
11405.000 0.314
11410.000 0.313
11415.000 0.314
11420.000 0.311
11425.000 0.313
11430.000 0.313
11435.000 0.314
11440.000 0.314
11445.000 0.315
11450.000 0.313
11455.000 0.313
11460.000 0.309
11465.000 0.312
11470.000 0.310
11475.000 0.312
11480.000 0.312
11485.000 0.312
11490.000 0.312
11495.000 0.312
11500.000 0.311
11505.000 0.313
11510.000 0.311
11515.000 0.311
11520.000 0.313
11525.000 0.312
11530.000 0.313
11535.000 0.312
11540.000 0.314
11545.000 0.313
11550.000 0.311
11555.000 0.313
11560.000 0.312
11565.000 0.313
11570.000 0.311
11575.000 0.312
11580.000 0.307
11585.000 0.310
11590.000 0.309
11595.000 0.314
11600.000 0.310
11605.000 0.311
11610.000 0.310
11615.000 0.310
11620.000 0.307
11625.000 0.307
11630.000 0.307
11635.000 0.309
11640.000 0.309
11645.000 0.308
11650.000 0.306
11655.000 0.307
11660.000 0.307
11665.000 0.308
11670.000 0.313
11675.000 0.310
11680.000 0.307
11685.000 0.311
11690.000 0.307
11695.000 0.306
11700.000 0.309
11705.000 0.305
11710.000 0.307
11715.000 0.310
11720.000 0.308
11725.000 0.306
11730.000 0.308
11735.000 0.308
11740.000 0.308
11745.000 0.308
11750.000 0.306
11755.000 0.307
11760.000 0.306
11765.000 0.308
11770.000 0.306
11775.000 0.305
11780.000 0.306
11785.000 0.304
11790.000 0.307
11795.000 0.305
11800.000 0.306
11805.000 0.303
11810.000 0.304
11815.000 0.305
11820.000 0.304
11825.000 0.302
11830.000 0.301
11835.000 0.302
11840.000 0.304
11845.000 0.300
11850.000 0.298
11855.000 0.301
11860.000 0.300
11865.000 0.301
11870.000 0.302
11875.000 0.302
11880.000 0.300
11885.000 0.301
11890.000 0.303
11895.000 0.301
11900.000 0.302
11905.000 0.303
11910.000 0.300
11915.000 0.298
11920.000 0.300
11925.000 0.303
11930.000 0.301
11935.000 0.303
11940.000 0.300
11945.000 0.298
11950.000 0.299
11955.000 0.299
11960.000 0.299
11965.000 0.300
11970.000 0.301
11975.000 0.296
11980.000 0.298
11985.000 0.299
11990.000 0.300
11995.000 0.299
12000.000 0.305
