$SPEC_ID:
PRAK02 Easy-MCA-2k SN
$SPEC_REM:
DET# 1
DETDESC# PRAK01 Easy-MCA-2k SN 15071856
AP# Maestro Version 7.01
$DATE_MEA:
01/01/2002 01:19:07
$MEAS_TIM:
109 110
$DATA:
0 511
       0
       0
       0
       0
       0
       0
       0
       0
       0
       0
       0
       0
       0
       0
       0
       0
       0
       0
      12
     133
     204
     183
     183
     202
     194
     183
     208
     186
     209
     225
     238
     242
     252
     220
     221
     234
     227
     274
     240
     269
     257
     241
     288
     292
     259
     306
     255
     296
     301
     291
     299
     303
     262
     295
     280
     286
     281
     300
     271
     253
     302
     240
     244
     254
     264
     246
     248
     243
     246
     252
     248
     249
     252
     230
     245
     230
     213
     231
     235
     235
     228
     219
     223
     238
     219
     239
     246
     247
     257
     234
     227
     220
     213
     260
     237
     223
     214
     236
     235
     227
     224
     209
     221
     213
     192
     218
     190
     192
     196
     166
     169
     130
     123
     119
     122
      95
      86
      92
      98
      76
     107
      82
      90
      73
      92
      93
      89
      94
      87
     103
     109
     102
      99
     117
     102
     104
     145
     152
     194
     255
     357
     425
     528
     741
     856
    1010
    1155
    1346
    1370
    1434
    1425
    1402
    1337
    1247
    1028
     837
     690
     602
     436
     345
     212
     138
      99
      65
      43
      26
      16
       6
       6
       0
       3
       1
       7
       0
       3
       6
       6
       3
       2
       2
       2
       9
       3
       1
       3
       3
       1
       4
       2
       4
       2
       0
       2
       3
       2
       2
       0
       2
       2
       3
       0
       1
       0
       1
       4
       0
       2
       2
       0
       5
       1
       1
       0
       3
       0
       3
       5
       1
       3
       4
       2
       1
       2
       2
       3
       1
       4
       3
       1
       2
       0
       0
       0
       1
       1
       2
       1
       1
       0
       0
       1
       1
       3
       1
       1
       2
       1
       0
       1
       1
       2
       0
       2
       1
       0
       3
       2
       2
       1
       0
       0
       2
       0
       2
       1
       1
       0
       0
       1
       0
       2
       1
       1
       0
       0
       3
       0
       0
       1
       1
       1
       0
       1
       3
       1
       0
       3
       1
       1
       0
       0
       0
       0
       0
       1
       2
       0
       2
       1
       1
       0
       0
       0
       0
       2
       3
       1
       0
       2
       3
       0
       2
       2
       1
       2
       0
       2
       1
       1
       2
       1
       1
       0
       1
       2
       2
       1
       2
       1
       1
       0
       0
       1
       0
       1
       0
       0
       0
       0
       2
       0
       0
       0
       0
       0
       1
       0
       0
       0
       0
       0
       0
       0
       1
       0
       0
       0
       0
       0
       0
       0
       1
       0
       1
       0
       0
       0
       0
       0
       0
       1
       0
       0
       0
       0
       0
       1
       1
       1
       0
       0
       0
       0
       0
       1
       0
       1
       0
       1
       0
       0
       0
       0
       1
       0
       0
       0
       0
       0
       0
       0
       1
       0
       0
       0
       0
       0
       0
       0
       1
       0
       0
       0
       0
       0
       0
       0
       0
       0
       0
       0
       0
       0
       0
       0
       0
       0
       0
       0
       0
       0
       0
       0
       0
       0
       0
       0
       0
       0
       0
       0
       0
       0
       0
       0
       0
       0
       0
       0
       0
       0
       0
       0
       0
       2
       0
       0
       1
       0
       0
       1
       1
       1
       0
       0
       0
       0
       1
       0
       0
       0
       0
       0
       0
       0
       0
       0
       0
       0
       1
       0
       0
       0
       0
       0
       0
       0
       0
       0
       0
       0
       0
       0
       0
       0
       0
       0
       0
       0
       0
       0
       0
       0
       0
       0
       0
       0
       0
       0
       0
       0
       0
$ROI:
1
135 167
$PRESETS:
Live Time
300
0
$ENER_FIT:
0.000000 0.000000
$MCA_CAL:
3
0.000000E+000 0.000000E+000 0.000000E+000 
$SHAPE_CAL:
3
0.000000E+000 0.000000E+000 0.000000E+000
