$SPEC_ID:
PRAK02 Easy-MCA-2k SN
$SPEC_REM:
DET# 1
DETDESC# PRAK01 Easy-MCA-2k SN 15071856
AP# Maestro Version 7.01
$DATE_MEA:
01/01/2002 04:57:10
$MEAS_TIM:
166 167
$DATA:
0 511
       0
       0
       0
       0
       1
       0
       0
       0
       0
       0
       0
       0
       0
       1
       0
       0
       0
       0
      31
     222
     323
     309
     336
     310
     281
     331
     321
     312
     308
     327
     343
     334
     334
     370
     371
     383
     360
     338
     385
     397
     368
     376
     372
     380
     412
     420
     456
     419
     457
     467
     488
     461
     482
     472
     449
     442
     377
     444
     387
     396
     409
     402
     409
     365
     410
     390
     381
     358
     356
     360
     344
     343
     339
     354
     328
     377
     323
     337
     349
     341
     337
     362
     347
     348
     346
     333
     343
     386
     320
     338
     368
     341
     348
     355
     351
     355
     367
     362
     324
     353
     353
     378
     341
     342
     351
     336
     336
     275
     254
     283
     258
     222
     218
     232
     188
     185
     179
     200
     140
     159
     157
     122
     132
     106
     131
     137
     143
     133
     133
     144
     165
     148
     159
     178
     196
     211
     255
     265
     311
     340
     389
     455
     528
     580
     747
     878
    1013
    1217
    1416
    1618
    1806
    2000
    2111
    2035
    1978
    1975
    1719
    1633
    1324
    1055
     836
     572
     476
     310
     237
     145
      83
      50
      35
      21
      13
       8
       7
       4
       5
       3
       2
       4
       4
       1
       4
       1
       2
       1
       3
       1
       3
       4
       3
       4
       3
       3
       1
       1
       2
       2
       5
       0
       5
       3
       4
       1
       1
       2
       4
       4
       5
       1
       4
       5
       1
       5
       5
       2
       3
       2
       2
       1
       1
       3
       2
       1
       6
       1
       5
       3
       3
       7
       2
       0
       1
       2
       0
       3
       2
       1
       2
       1
       1
       0
       2
       2
       3
       1
       3
       3
       2
       4
       3
       4
       3
       3
       1
       4
       1
       1
       1
       3
       1
       3
       0
       3
       2
       1
       4
       5
       0
       5
       1
       2
       2
       3
       2
       2
       2
       1
       3
       0
       1
       1
       3
       1
       1
       2
       1
       0
       1
       2
       1
       3
       0
       1
       1
       2
       0
       0
       3
       2
       1
       0
       1
       1
       2
       1
       0
       1
       1
       0
       1
       2
       2
       1
       1
       2
       2
       1
       3
       1
       0
       1
       0
       1
       1
       1
       3
       2
       2
       3
       2
       1
       1
       1
       1
       0
       1
       2
       1
       2
       1
       3
       0
       1
       1
       1
       1
       0
       1
       0
       0
       0
       1
       0
       0
       1
       0
       0
       1
       0
       0
       1
       0
       0
       0
       0
       1
       0
       0
       0
       1
       1
       0
       1
       1
       0
       0
       0
       0
       0
       0
       1
       1
       1
       1
       1
       1
       0
       0
       1
       0
       0
       2
       1
       0
       0
       0
       0
       0
       2
       1
       1
       0
       0
       0
       2
       0
       0
       0
       1
       1
       0
       1
       0
       0
       0
       0
       2
       1
       0
       0
       1
       0
       0
       0
       0
       1
       0
       0
       1
       1
       0
       0
       0
       1
       0
       0
       0
       0
       0
       0
       0
       0
       0
       0
       0
       0
       0
       0
       1
       2
       0
       0
       0
       0
       0
       0
       0
       0
       2
       1
       1
       0
       1
       0
       0
       0
       0
       0
       0
       1
       2
       0
       0
       0
       0
       0
       0
       0
       0
       0
       1
       0
       0
       1
       0
       0
       0
       0
       0
       0
       0
       0
       0
       0
       0
       0
       0
       0
       0
       0
       0
       0
       0
       0
       0
       0
       0
       0
       0
       0
       0
       0
       0
$ROI:
1
134 170
$PRESETS:
Live Time
300
0
$ENER_FIT:
0.000000 0.000000
$MCA_CAL:
3
0.000000E+000 0.000000E+000 0.000000E+000 
$SHAPE_CAL:
3
0.000000E+000 0.000000E+000 0.000000E+000
