$SPEC_ID:
PRAK02 Easy-MCA-2k SN
$SPEC_REM:
DET# 1
DETDESC# PRAK01 Easy-MCA-2k SN 15071856
AP# Maestro Version 7.01
$DATE_MEA:
01/01/2002 01:31:09
$MEAS_TIM:
107 108
$DATA:
0 511
       0
       0
       0
       0
       0
       0
       0
       0
       0
       0
       0
       0
       0
       0
       0
       0
       0
       0
      19
     185
     188
     185
     187
     188
     195
     195
     207
     212
     208
     232
     222
     231
     240
     229
     232
     278
     241
     248
     253
     281
     268
     252
     288
     267
     268
     347
     295
     280
     268
     298
     307
     292
     314
     313
     274
     271
     285
     260
     255
     263
     253
     259
     253
     254
     252
     269
     227
     231
     249
     266
     248
     203
     217
     221
     241
     246
     233
     245
     238
     227
     246
     230
     250
     201
     238
     219
     253
     229
     251
     233
     220
     218
     256
     221
     225
     235
     240
     229
     224
     219
     213
     202
     230
     190
     193
     193
     201
     135
     164
     148
     125
     131
     119
     102
      93
      97
     102
      89
     100
      85
      79
      91
     106
      99
     104
     133
     128
     162
     149
     161
     196
     209
     234
     264
     261
     290
     374
     351
     443
     502
     540
     645
     746
     806
     940
    1037
    1071
    1122
    1062
    1126
    1075
     983
     951
     878
     759
     626
     504
     423
     290
     215
     162
     114
      78
      40
      36
      20
      18
       9
       5
       3
       2
       2
       3
       3
       2
       1
       0
       1
       1
       3
       1
       3
       3
       3
       2
       0
       2
       1
       0
       3
       3
       3
       3
       3
       4
       2
       0
       2
       2
       2
       0
       3
       4
       3
       0
       1
       0
       0
       2
       0
       3
       3
       0
       2
       3
       0
       0
       0
       1
       2
       2
       3
       2
       2
       1
       3
       3
       1
       1
       0
       3
       2
       1
       1
       1
       1
       3
       2
       1
       0
       4
       0
       0
       0
       3
       0
       2
       4
       2
       1
       3
       2
       0
       1
       0
       1
       1
       0
       0
       4
       1
       0
       0
       1
       3
       0
       0
       3
       0
       1
       0
       1
       1
       2
       2
       2
       0
       2
       1
       0
       1
       1
       0
       0
       0
       1
       1
       0
       1
       1
       1
       0
       0
       2
       2
       0
       1
       2
       2
       1
       0
       1
       0
       1
       1
       0
       0
       2
       0
       0
       2
       2
       0
       2
       0
       3
       0
       2
       1
       0
       0
       0
       2
       1
       0
       0
       0
       2
       0
       0
       0
       0
       1
       1
       1
       0
       0
       0
       0
       0
       0
       1
       1
       0
       1
       1
       0
       0
       0
       1
       0
       0
       1
       0
       0
       0
       0
       0
       0
       0
       1
       1
       0
       0
       0
       0
       0
       0
       0
       0
       0
       0
       0
       0
       0
       0
       1
       1
       0
       0
       1
       2
       1
       0
       1
       1
       0
       0
       0
       0
       0
       0
       0
       0
       0
       0
       1
       1
       1
       0
       0
       0
       0
       1
       0
       0
       0
       0
       1
       0
       1
       0
       0
       0
       0
       0
       0
       0
       0
       0
       0
       0
       0
       0
       0
       1
       0
       0
       0
       1
       0
       0
       0
       0
       0
       1
       0
       0
       0
       0
       0
       0
       0
       0
       0
       0
       0
       0
       0
       1
       0
       0
       1
       0
       0
       0
       0
       0
       0
       0
       0
       0
       0
       1
       0
       0
       0
       0
       0
       0
       0
       0
       0
       0
       0
       0
       0
       0
       0
       1
       0
       0
       0
       0
       0
       0
       0
       0
       0
       0
       0
       0
       0
       0
       0
       0
       0
       0
       0
       0
       0
       0
       0
       0
       0
       0
       0
       0
       0
       0
       0
       0
$ROI:
1
135 167
$PRESETS:
Live Time
300
0
$ENER_FIT:
0.000000 0.000000
$MCA_CAL:
3
0.000000E+000 0.000000E+000 0.000000E+000 
$SHAPE_CAL:
3
0.000000E+000 0.000000E+000 0.000000E+000
