$SPEC_ID:
PRAK02 Easy-MCA-2k SN
$SPEC_REM:
DET# 1
DETDESC# PRAK01 Easy-MCA-2k SN 15071856
AP# Maestro Version 7.01
$DATE_MEA:
01/01/2002 02:12:18
$MEAS_TIM:
147 148
$DATA:
0 511
       0
       0
       0
       0
       0
       0
       0
       0
       0
       1
       0
       0
       0
       1
       1
       0
       1
       0
      16
     210
     279
     219
     265
     254
     269
     281
     276
     294
     262
     312
     305
     307
     330
     317
     309
     291
     317
     320
     337
     329
     348
     367
     345
     360
     354
     366
     412
     351
     349
     374
     365
     344
     394
     338
     348
     378
     306
     329
     329
     289
     318
     281
     277
     321
     291
     314
     310
     299
     340
     316
     309
     279
     305
     322
     307
     284
     304
     294
     256
     251
     278
     270
     307
     286
     284
     314
     293
     297
     276
     288
     291
     295
     285
     252
     274
     259
     247
     222
     247
     224
     224
     220
     232
     238
     216
     181
     229
     200
     167
     167
     203
     156
     186
     203
     169
     146
     181
     208
     167
     191
     184
     204
     202
     219
     274
     305
     319
     351
     389
     439
     428
     453
     448
     467
     460
     436
     443
     490
     509
     549
     644
     690
     759
     864
     906
    1012
    1062
    1019
    1063
     968
     963
     903
     824
     716
     618
     554
     459
     318
     257
     226
     162
     128
      88
      44
      33
      22
      14
       6
      14
       8
       3
       3
       5
       5
       3
       3
       2
       4
       2
       2
       0
       5
       1
       3
       2
       2
       3
       1
       3
       1
       1
       1
       8
       2
       2
       5
       2
       3
       2
       5
       2
       3
       1
       2
       1
       2
       1
       0
       2
       4
       1
       4
       1
       2
       1
       0
       1
       3
       2
       4
       4
       2
       1
       3
       2
       4
       3
       4
       1
       3
       5
       1
       4
       2
       1
       2
       0
       0
       2
       1
       2
       3
       0
       2
       1
       0
       3
       3
       0
       1
       1
       2
       4
       1
       0
       3
       2
       2
       1
       1
       1
       3
       3
       1
       2
       2
       2
       1
       1
       1
       0
       0
       1
       4
       2
       1
       0
       1
       1
       0
       1
       2
       1
       1
       3
       2
       4
       2
       0
       1
       1
       0
       0
       2
       1
       1
       1
       1
       0
       1
       0
       2
       1
       0
       0
       1
       4
       4
       0
       2
       1
       1
       0
       2
       0
       0
       2
       1
       2
       0
       1
       2
       1
       0
       1
       1
       1
       1
       2
       1
       1
       1
       0
       0
       0
       1
       2
       0
       0
       0
       0
       0
       1
       0
       0
       1
       1
       0
       0
       0
       0
       1
       0
       0
       1
       0
       0
       0
       0
       0
       0
       0
       0
       0
       2
       0
       0
       0
       0
       0
       1
       1
       0
       0
       1
       1
       0
       1
       0
       0
       0
       0
       0
       0
       0
       0
       0
       0
       0
       0
       0
       0
       3
       0
       0
       0
       0
       1
       1
       0
       0
       2
       1
       0
       0
       1
       0
       2
       0
       0
       0
       0
       0
       0
       0
       0
       0
       0
       0
       0
       1
       0
       0
       0
       0
       0
       0
       1
       0
       0
       0
       0
       0
       0
       0
       0
       1
       0
       0
       1
       0
       0
       0
       0
       0
       0
       0
       0
       0
       0
       0
       1
       0
       0
       0
       0
       0
       0
       0
       0
       0
       0
       1
       2
       0
       0
       2
       0
       0
       0
       0
       0
       0
       0
       0
       0
       0
       1
       1
       0
       0
       0
       0
       0
       0
       0
       0
       0
       0
       0
       0
       0
       0
       0
       0
       0
       0
       0
       0
       0
       0
       0
       0
       0
       0
       0
       0
       0
       0
       0
       0
       0
$ROI:
1
134 170
$PRESETS:
Live Time
300
0
$ENER_FIT:
0.000000 0.000000
$MCA_CAL:
3
0.000000E+000 0.000000E+000 0.000000E+000 
$SHAPE_CAL:
3
0.000000E+000 0.000000E+000 0.000000E+000
