$SPEC_ID:
PRAK02 Easy-MCA-2k SN
$SPEC_REM:
DET# 1
DETDESC# PRAK01 Easy-MCA-2k SN 15071856
AP# Maestro Version 7.01
$DATE_MEA:
01/01/2002 02:20:17
$MEAS_TIM:
150 150
$DATA:
0 511
       0
       0
       0
       0
       0
       0
       0
       0
       0
       0
       0
       0
       0
       0
       0
       0
       0
       0
      26
     172
     204
     201
     208
     227
     237
     227
     229
     236
     213
     231
     256
     230
     264
     260
     277
     254
     260
     295
     275
     239
     287
     291
     302
     309
     318
     324
     327
     320
     341
     353
     332
     342
     344
     317
     308
     303
     333
     312
     306
     295
     321
     283
     287
     288
     288
     235
     277
     258
     251
     260
     281
     246
     251
     254
     261
     244
     231
     255
     263
     248
     256
     277
     261
     244
     244
     258
     273
     239
     232
     231
     251
     272
     260
     265
     264
     244
     273
     258
     282
     246
     254
     246
     220
     249
     248
     217
     183
     206
     167
     188
     165
     152
     138
     133
     121
     115
     114
     110
      98
      89
      92
      96
      89
      85
      95
     108
      96
      99
     107
     110
     111
      88
     130
     122
     149
     159
     148
     219
     263
     317
     435
     518
     645
     787
     922
    1068
    1274
    1397
    1515
    1550
    1658
    1512
    1580
    1351
    1119
     955
     775
     679
     472
     343
     236
     167
      87
      66
      33
      29
      15
       7
       4
       5
       3
       2
       7
       5
       5
       2
       6
       4
       1
       1
       5
       6
       5
       1
       3
       2
       1
       2
       3
       3
       6
       3
       5
       1
       4
       3
       0
       1
       2
       0
       3
       4
       5
       3
       4
       1
       5
       0
       1
       3
       2
       2
       1
       5
       2
       3
       2
       2
       2
       1
       1
       2
       5
       4
       2
       2
       2
       2
       4
       1
       2
       3
       0
       2
       1
       1
       2
       1
       0
       2
       0
       3
       2
       3
       2
       2
       2
       4
       1
       1
       0
       0
       0
       3
       1
       1
       0
       1
       2
       0
       1
       0
       3
       2
       3
       3
       1
       0
       1
       2
       1
       0
       1
       3
       2
       1
       0
       1
       0
       2
       1
       2
       0
       2
       0
       1
       1
       0
       2
       1
       4
       2
       1
       1
       5
       1
       0
       0
       0
       0
       0
       2
       0
       3
       4
       0
       1
       0
       0
       1
       2
       1
       1
       0
       2
       1
       0
       1
       1
       1
       4
       2
       0
       1
       2
       0
       2
       1
       0
       1
       2
       0
       2
       0
       0
       0
       1
       0
       2
       0
       1
       0
       0
       0
       1
       0
       0
       0
       1
       0
       1
       0
       1
       1
       0
       0
       0
       1
       1
       0
       0
       0
       0
       1
       0
       3
       1
       0
       2
       1
       1
       0
       0
       0
       0
       0
       0
       0
       0
       0
       0
       0
       0
       0
       0
       0
       0
       1
       0
       0
       0
       1
       1
       0
       1
       0
       0
       0
       1
       0
       0
       0
       0
       1
       0
       0
       0
       0
       0
       0
       0
       0
       0
       0
       0
       0
       0
       0
       0
       0
       1
       0
       0
       0
       0
       0
       0
       0
       0
       0
       0
       0
       0
       1
       1
       0
       0
       0
       0
       1
       1
       1
       0
       0
       1
       1
       0
       0
       0
       0
       0
       0
       0
       0
       0
       0
       0
       0
       1
       0
       0
       0
       0
       0
       0
       0
       0
       0
       0
       0
       1
       0
       1
       0
       1
       0
       0
       0
       0
       0
       0
       0
       0
       0
       0
       0
       0
       0
       0
       0
       0
       0
       0
       0
       0
       0
       0
       0
       0
       0
       0
       0
       0
       0
       0
       0
       0
       0
       0
       0
       0
       0
$ROI:
1
134 170
$PRESETS:
Live Time
300
0
$ENER_FIT:
0.000000 0.000000
$MCA_CAL:
3
0.000000E+000 0.000000E+000 0.000000E+000 
$SHAPE_CAL:
3
0.000000E+000 0.000000E+000 0.000000E+000
