$SPEC_ID:
PRAK02 Easy-MCA-2k SN
$SPEC_REM:
DET# 1
DETDESC# PRAK01 Easy-MCA-2k SN 15071856
AP# Maestro Version 7.01
$DATE_MEA:
01/01/2002 03:00:11
$MEAS_TIM:
300 301
$DATA:
0 511
       0
       0
       0
       0
       0
       0
       0
       0
       0
       0
       0
       0
       0
       0
       0
       0
       0
       0
       4
      23
      26
      35
      34
      26
      45
      37
      47
      53
      57
      53
      59
      64
      61
      68
      72
      74
      69
      95
      84
      87
      90
      84
      83
      87
      79
      78
      87
      90
      81
      79
      73
      66
      72
      88
      72
      82
      68
      76
      69
      55
      70
      56
      56
      56
      41
      51
      38
      44
      47
      47
      38
      50
      44
      42
      37
      46
      36
      35
      42
      40
      31
      24
      27
      41
      27
      26
      30
      37
      31
      25
      26
      30
      29
      30
      18
      28
      19
      22
      22
      23
      26
      24
      31
      25
      28
      22
      20
      21
      22
      22
      15
       9
      20
      23
       9
      24
      16
      17
       8
      16
       3
      10
      20
      20
      12
      10
      11
      13
      15
      10
      15
      12
      11
      11
       9
      13
      21
      15
       9
      15
      14
      20
      24
      21
      36
      29
      54
      43
      41
      44
      59
      54
      54
      57
      48
      54
      43
      43
      23
      25
      23
      23
       9
      11
       8
       8
       9
       8
       5
       4
       6
       5
       3
       5
       4
       9
       1
       8
       6
       7
       6
       9
       5
       6
       2
       6
       6
       4
       3
       1
      10
       5
       6
       7
       3
       4
       8
       2
       6
       6
       3
       2
       2
       4
       6
       6
       0
       5
       5
       7
       5
       2
       5
       4
       7
       3
       6
       2
       7
       6
       5
       4
       6
       3
       4
       3
       2
       3
       3
       5
       2
       1
       4
       5
       1
       2
       3
       4
       0
       1
       4
       2
       1
       4
       3
       4
       1
       4
       4
       3
       3
       1
       6
       4
       6
       3
       1
       5
       3
       3
       2
       3
       4
       3
       4
       4
       2
       4
       2
       0
       1
       0
       1
       1
       2
       2
       1
       2
       4
       2
       2
       0
       1
       1
       2
       1
       1
       1
       6
       2
       1
       1
       1
       0
       2
       1
       1
       1
       0
       3
       2
       4
       0
       0
       2
       2
       2
       3
       3
       5
       6
       4
       4
       2
       6
       4
       5
       4
       3
       5
       2
       4
       2
       3
       7
       4
       7
       4
       2
       1
       1
       4
       0
       0
       0
       1
       2
       0
       2
       2
       1
       0
       2
       1
       1
       2
       1
       0
       0
       0
       0
       0
       2
       3
       1
       0
       1
       0
       0
       0
       0
       1
       0
       0
       0
       0
       1
       0
       0
       0
       1
       0
       2
       1
       0
       0
       0
       0
       1
       0
       1
       0
       0
       1
       0
       1
       2
       2
       0
       0
       0
       1
       0
       0
       1
       0
       0
       2
       1
       0
       1
       0
       0
       0
       1
       1
       0
       0
       0
       1
       1
       1
       0
       0
       0
       1
       0
       0
       0
       1
       0
       0
       0
       0
       0
       0
       0
       0
       0
       1
       0
       1
       0
       1
       1
       1
       0
       0
       0
       0
       0
       0
       0
       0
       0
       0
       0
       1
       0
       1
       0
       0
       0
       1
       0
       0
       0
       0
       1
       1
       1
       1
       0
       2
       0
       0
       0
       1
       1
       1
       1
       0
       0
       1
       0
       1
       0
       0
       0
       1
       0
       0
       0
       1
       0
       1
       0
       0
       0
       0
       0
       0
       0
       0
       0
       0
       0
       0
       0
       0
       0
       0
       0
       0
       0
       0
       0
       0
       0
       0
       0
       0
$ROI:
1
134 170
$PRESETS:
Live Time
300
0
$ENER_FIT:
0.000000 0.000000
$MCA_CAL:
3
0.000000E+000 0.000000E+000 0.000000E+000 
$SHAPE_CAL:
3
0.000000E+000 0.000000E+000 0.000000E+000
