$SPEC_ID:
PRAK02 Easy-MCA-2k SN
$SPEC_REM:
DET# 1
DETDESC# PRAK01 Easy-MCA-2k SN 15071856
AP# Maestro Version 7.01
$DATE_MEA:
01/01/2002 03:13:44
$MEAS_TIM:
300 301
$DATA:
0 511
       0
       0
       0
       0
       0
       0
       0
       0
       0
       0
       0
       0
       1
       2
       0
       0
       3
       1
      10
     131
     146
     158
     160
     149
     182
     169
     168
     180
     163
     173
     203
     217
     206
     221
     224
     216
     215
     220
     212
     225
     217
     217
     251
     259
     268
     216
     243
     252
     218
     236
     276
     221
     213
     222
     222
     202
     234
     205
     202
     187
     235
     203
     223
     204
     192
     227
     168
     204
     187
     181
     199
     163
     169
     178
     201
     152
     185
     169
     176
     182
     157
     172
     197
     167
     184
     167
     132
     159
     179
     167
     202
     154
     137
     165
     171
     175
     171
     196
     157
     184
     151
     143
     161
     163
     166
     159
     133
     140
     130
     126
     113
      97
      92
      92
     103
      90
      84
      73
      80
      88
      84
      66
      88
      71
      66
      83
      86
      77
     100
      94
      92
     119
     115
     129
     158
     149
     165
     192
     227
     267
     287
     360
     435
     503
     619
     672
     751
     823
     873
     889
     931
     941
     987
     880
     777
     669
     583
     429
     382
     308
     230
     151
     115
      67
      38
      29
      18
      14
      17
      12
       8
      11
       4
       4
       5
       4
       4
       4
       6
       6
       8
       7
       3
       4
       7
       6
       6
       8
       5
       7
       4
       3
       6
       5
       4
       5
       5
       2
       2
       2
       7
       3
       7
       1
       4
       9
       5
       1
       7
       5
       4
       3
       8
       3
       6
       7
       7
       4
       4
       4
       3
       1
       4
       4
       5
       5
       3
       4
       4
       3
       4
       2
       8
       3
       2
       1
       6
       1
       3
       1
       6
       2
       3
       4
       6
       5
       3
       6
       5
       4
       3
       1
       5
       4
       4
       2
       4
       2
       7
       3
       0
       5
       1
       1
       3
       5
       2
       5
       2
       4
       3
       2
       1
       1
       1
       2
       0
       0
       1
       4
       1
       0
       6
       4
       2
       2
       1
       0
       3
       1
       2
       1
       2
       0
       2
       2
       3
       1
       2
       0
       1
       2
       2
       0
       2
       5
       2
       2
       4
       3
       2
       6
       3
       3
       2
       4
       1
       8
       6
       1
       3
       3
       4
       3
       3
       4
       2
       1
       3
       1
       6
       1
       2
       2
       1
       2
       3
       2
       0
       1
       0
       3
       0
       1
       0
       1
       1
       1
       2
       0
       0
       1
       0
       1
       2
       1
       0
       2
       1
       3
       0
       1
       0
       0
       0
       1
       0
       0
       1
       1
       0
       0
       0
       0
       1
       0
       3
       0
       1
       2
       0
       1
       0
       1
       0
       1
       0
       1
       1
       1
       0
       1
       1
       0
       0
       1
       0
       0
       1
       1
       0
       0
       0
       0
       0
       1
       0
       0
       0
       1
       1
       1
       1
       0
       0
       1
       0
       0
       0
       1
       0
       1
       0
       0
       0
       1
       0
       1
       2
       0
       0
       0
       1
       1
       0
       0
       1
       0
       0
       2
       1
       0
       0
       1
       0
       0
       1
       1
       0
       0
       0
       1
       1
       0
       1
       0
       0
       0
       0
       1
       1
       1
       0
       1
       0
       0
       0
       1
       0
       0
       0
       2
       0
       1
       1
       0
       0
       0
       0
       0
       0
       0
       0
       1
       0
       0
       0
       0
       0
       0
       0
       0
       0
       0
       0
       0
       0
       0
       0
       0
       0
       0
       0
       0
       0
       0
       0
       0
       0
       0
       0
       0
$ROI:
1
134 170
$PRESETS:
Live Time
300
0
$ENER_FIT:
0.000000 0.000000
$MCA_CAL:
3
0.000000E+000 0.000000E+000 0.000000E+000 
$SHAPE_CAL:
3
0.000000E+000 0.000000E+000 0.000000E+000
