$SPEC_ID:
PRAK02 Easy-MCA-2k SN
$SPEC_REM:
DET# 1
DETDESC# PRAK01 Easy-MCA-2k SN 15071856
AP# Maestro Version 7.01
$DATE_MEA:
01/01/2002 03:53:47
$MEAS_TIM:
300 301
$DATA:
0 511
       0
       0
       0
       0
       0
       0
       0
       0
       0
       0
       0
       0
       0
       2
       2
       3
       5
       6
      11
      74
     102
      91
     102
      84
      86
     107
      95
      99
     118
     120
     121
     145
     125
     125
     134
     168
     165
     125
     164
     135
     150
     149
     165
     149
     172
     149
     162
     160
     163
     171
     138
     139
     145
     167
     140
     126
     136
     132
     131
     125
     136
     133
     126
     111
     121
     122
     136
     112
     140
     101
     108
      91
     100
     112
      88
      84
     101
      98
      98
      86
     100
      98
      97
     106
      94
      97
      99
      77
      94
     101
      89
     106
      91
      81
      89
      90
      89
      97
      91
      83
      74
     102
      93
      78
      86
      81
      80
      76
      62
      55
      56
      54
      66
      42
      48
      52
      42
      46
      52
      40
      35
      40
      35
      38
      30
      43
      45
      35
      39
      32
      40
      42
      52
      33
      40
      44
      49
      75
      67
      99
     128
     130
     171
     214
     285
     335
     392
     427
     516
     524
     528
     519
     480
     463
     467
     423
     288
     243
     177
     128
      85
      65
      40
      34
      25
      13
      16
      15
       6
       9
       6
       4
       3
       8
       4
      10
       4
       7
       5
       3
       4
       7
       6
       7
       5
       4
       8
       7
       3
       5
       4
      10
       5
       5
       9
       7
       4
       3
       6
       5
       3
       3
       4
       6
       5
       6
       7
       7
       4
       6
       2
       5
       1
       5
       4
       5
       7
       3
       4
       3
       4
       3
       1
       4
       1
       3
       5
       3
       4
       1
       1
       6
       6
       2
       5
       3
       0
       4
       1
       4
       2
       2
       0
       6
       5
       1
       4
       6
       3
      10
       3
       7
       4
       0
       2
       2
       6
       0
       5
       1
       2
       3
       0
       1
       5
       3
       3
       2
       2
       2
       4
       1
       5
       2
       6
       2
       2
       3
       1
       1
       5
       1
       2
       0
       1
       0
       4
       3
       1
       2
       3
       2
       0
       1
       4
       2
       2
       2
       1
       2
       4
       1
       0
       2
       4
       7
       2
       4
       0
       2
       2
       3
       1
       4
       5
       5
       2
       2
       4
       4
       2
       3
       7
       4
       3
       1
       2
       2
       1
       0
       2
       3
       2
       2
       1
       4
       1
       2
       1
       1
       2
       0
       0
       1
       3
       0
       0
       1
       1
       0
       3
       1
       0
       0
       0
       0
       0
       2
       0
       2
       1
       0
       2
       2
       0
       0
       1
       2
       1
       0
       0
       0
       1
       0
       0
       1
       0
       0
       0
       0
       1
       1
       1
       1
       0
       0
       2
       0
       2
       1
       1
       1
       0
       0
       3
       2
       0
       2
       0
       1
       1
       1
       0
       0
       1
       0
       0
       0
       0
       0
       0
       0
       1
       0
       0
       0
       0
       1
       0
       0
       1
       2
       0
       0
       0
       0
       1
       0
       0
       0
       0
       1
       1
       1
       0
       0
       1
       3
       1
       0
       2
       0
       1
       0
       0
       0
       1
       0
       0
       0
       2
       0
       1
       0
       0
       0
       0
       2
       0
       0
       0
       1
       1
       0
       1
       0
       1
       1
       0
       0
       0
       0
       0
       0
       0
       1
       0
       1
       1
       1
       0
       0
       0
       1
       1
       0
       0
       0
       0
       0
       0
       0
       0
       0
       0
       0
       0
       0
       0
       0
       0
       0
       0
       0
       0
       0
       0
       0
       0
       0
       0
       0
$ROI:
1
134 170
$PRESETS:
Live Time
300
0
$ENER_FIT:
0.000000 0.000000
$MCA_CAL:
3
0.000000E+000 0.000000E+000 0.000000E+000 
$SHAPE_CAL:
3
0.000000E+000 0.000000E+000 0.000000E+000
