$SPEC_ID:
PRAK02 Easy-MCA-2k SN
$SPEC_REM:
DET# 1
DETDESC# PRAK01 Easy-MCA-2k SN 15071856
AP# Maestro Version 7.01
$DATE_MEA:
01/01/2002 03:19:39
$MEAS_TIM:
300 301
$DATA:
0 511
       0
       0
       0
       0
       0
       0
       0
       0
       0
       0
       1
       0
       0
       0
       0
       0
       0
       0
      15
     135
     160
     146
     159
     158
     162
     193
     155
     168
     186
     196
     210
     210
     199
     207
     240
     225
     239
     208
     222
     206
     243
     222
     192
     229
     229
     253
     251
     237
     202
     255
     257
     184
     219
     249
     217
     203
     203
     222
     190
     198
     191
     191
     188
     180
     180
     195
     166
     182
     185
     182
     170
     210
     204
     152
     184
     184
     191
     168
     166
     155
     170
     157
     152
     163
     147
     164
     150
     163
     173
     173
     170
     166
     167
     161
     192
     161
     164
     166
     177
     170
     140
     162
     163
     142
     152
     157
     142
     146
     128
     142
     121
     107
      95
      97
      76
      88
      79
      79
      76
      72
      67
      77
      63
      72
      72
      59
      75
      73
      65
      71
      71
      70
      87
      99
     104
     124
     125
     145
     167
     193
     255
     292
     297
     404
     458
     518
     636
     777
     774
     934
     984
    1048
    1039
     946
     891
     837
     650
     619
     467
     412
     326
     203
     158
     103
      63
      42
      23
      23
      14
       6
      10
       7
       8
       3
       5
       7
       6
      10
       6
       5
       4
       8
       7
       3
       6
       4
       6
       3
       2
       7
       5
       3
       4
       5
       5
       6
       8
       6
       3
       3
       5
       4
       6
       4
       5
       3
       1
       4
       5
       3
       3
       4
       2
       3
       5
       6
       7
       6
       6
       2
       1
       5
       2
       2
       3
       2
       3
       2
       3
       2
       3
       2
       4
       4
       2
       1
       4
       5
       6
       0
       2
       2
       2
       6
       4
       2
       2
       5
       3
       2
       3
       0
       7
       3
       2
       4
       2
       5
       7
       7
       1
       1
       3
       1
       3
       2
       2
       2
       2
       3
       3
       1
       6
       4
       2
       3
       3
       3
       1
       1
       3
       1
       0
       0
       2
       2
       2
       1
       6
       0
       2
       3
       2
       1
       3
       4
       2
       2
       2
       1
       2
       1
       2
       2
       1
       2
       1
       4
       3
       5
       1
       0
       7
       6
       3
       4
       4
       3
       4
       1
       3
       3
       6
       2
       2
       4
       5
       2
       1
       1
       3
       2
       1
       2
       2
       2
       0
       2
       2
       2
       1
       0
       1
       2
       2
       2
       0
       0
       1
       1
       1
       0
       2
       0
       2
       0
       1
       0
       1
       0
       0
       1
       3
       0
       0
       0
       0
       0
       3
       0
       0
       0
       0
       0
       1
       1
       0
       1
       0
       1
       2
       2
       0
       1
       1
       3
       0
       2
       0
       1
       1
       2
       1
       0
       2
       2
       1
       0
       0
       2
       1
       0
       1
       0
       0
       0
       0
       0
       0
       1
       0
       0
       0
       0
       2
       0
       1
       2
       0
       0
       0
       3
       1
       0
       0
       0
       2
       1
       0
       1
       1
       0
       2
       2
       0
       0
       0
       0
       0
       2
       0
       1
       0
       0
       0
       1
       0
       0
       1
       1
       0
       0
       0
       0
       1
       2
       0
       0
       0
       0
       0
       0
       0
       0
       1
       0
       0
       0
       1
       0
       0
       2
       3
       0
       1
       1
       2
       0
       0
       2
       0
       0
       0
       0
       0
       0
       0
       0
       0
       0
       0
       0
       0
       0
       0
       0
       0
       0
       0
       0
       0
       0
       0
       0
       0
       0
       0
       0
       0
       0
       0
       0
$ROI:
1
134 170
$PRESETS:
Live Time
300
0
$ENER_FIT:
0.000000 0.000000
$MCA_CAL:
3
0.000000E+000 0.000000E+000 0.000000E+000 
$SHAPE_CAL:
3
0.000000E+000 0.000000E+000 0.000000E+000
