$SPEC_ID:
PRAK02 Easy-MCA-2k SN
$SPEC_REM:
DET# 1
DETDESC# PRAK01 Easy-MCA-2k SN 15071856
AP# Maestro Version 7.01
$DATE_MEA:
01/01/2002 03:42:41
$MEAS_TIM:
169 170
$DATA:
0 511
       0
       0
       0
       0
       0
       0
       0
       0
       0
       0
       0
       0
       0
       1
       0
       3
       4
       1
      23
     219
     208
     241
     230
     247
     233
     218
     241
     273
     237
     255
     287
     276
     282
     259
     274
     299
     308
     282
     307
     302
     310
     339
     309
     352
     307
     361
     345
     358
     354
     361
     357
     367
     356
     348
     376
     331
     353
     349
     329
     328
     279
     292
     307
     315
     288
     315
     286
     282
     286
     286
     289
     275
     302
     291
     286
     283
     293
     298
     275
     266
     245
     272
     277
     266
     271
     258
     296
     262
     293
     264
     279
     288
     266
     275
     303
     307
     303
     272
     345
     299
     292
     297
     279
     285
     290
     275
     295
     265
     229
     246
     223
     195
     192
     158
     178
     164
     142
     142
     121
     113
     115
     138
      98
     115
     100
     103
     104
     111
     104
     101
     111
     108
     128
     103
     105
     127
     102
     106
     138
     138
     152
     216
     214
     284
     387
     487
     672
     828
    1036
    1260
    1495
    1591
    1789
    1905
    1917
    1896
    1771
    1571
    1350
    1173
     868
     700
     531
     335
     239
     188
     109
      64
      41
      18
      11
       5
      10
       5
       1
       6
       3
       4
       5
       3
       4
       0
       3
       2
       3
       4
       2
       5
       2
       3
       3
       1
       2
       0
       4
       3
       1
       9
       2
       6
       4
       1
       3
       3
       1
       3
       2
       2
       2
       2
       1
       3
       2
       1
       2
       0
       3
       1
       4
       7
       3
       3
       1
       2
       2
       7
       1
       4
       1
       0
       6
       2
       0
       3
       2
       1
       0
       2
       1
       2
       2
       1
       0
       1
       1
       0
       1
       2
       1
       3
       4
       3
       1
       2
       1
       0
       2
       2
       3
       1
       0
       0
       4
       1
       2
       0
       4
       1
       2
       1
       2
       0
       1
       1
       3
       1
       2
       2
       2
       0
       1
       2
       1
       2
       0
       2
       3
       1
       1
       0
       0
       0
       1
       0
       0
       2
       1
       0
       2
       3
       0
       0
       0
       1
       2
       1
       0
       0
       4
       0
       1
       0
       2
       2
       0
       4
       4
       1
       2
       2
       1
       4
       3
       1
       3
       2
       4
       0
       3
       0
       1
       1
       4
       1
       4
       2
       2
       2
       1
       0
       1
       0
       0
       1
       0
       0
       1
       0
       2
       0
       0
       0
       0
       0
       1
       0
       0
       0
       1
       0
       1
       0
       1
       1
       0
       0
       0
       0
       0
       1
       1
       0
       0
       0
       0
       0
       2
       0
       0
       0
       0
       0
       0
       1
       1
       0
       2
       0
       0
       0
       2
       0
       0
       0
       0
       1
       0
       0
       1
       0
       1
       0
       0
       0
       0
       0
       1
       0
       0
       0
       0
       0
       0
       0
       0
       0
       0
       0
       0
       1
       0
       0
       0
       0
       0
       1
       0
       0
       0
       2
       1
       0
       0
       0
       0
       0
       1
       0
       0
       1
       0
       0
       0
       0
       0
       0
       0
       0
       0
       0
       0
       0
       0
       0
       0
       1
       0
       0
       1
       0
       0
       0
       0
       0
       0
       0
       0
       0
       0
       0
       0
       0
       0
       0
       0
       0
       0
       0
       0
       0
       0
       0
       0
       1
       0
       0
       0
       0
       0
       0
       0
       0
       0
       0
       0
       0
       0
       0
       0
       0
       0
       0
       0
       0
       0
       0
       0
       0
       0
       0
       0
       0
$ROI:
1
134 170
$PRESETS:
Live Time
300
0
$ENER_FIT:
0.000000 0.000000
$MCA_CAL:
3
0.000000E+000 0.000000E+000 0.000000E+000 
$SHAPE_CAL:
3
0.000000E+000 0.000000E+000 0.000000E+000
