$SPEC_ID:
PRAK02 Easy-MCA-2k SN
$SPEC_REM:
DET# 1
DETDESC# PRAK01 Easy-MCA-2k SN 15071856
AP# Maestro Version 7.01
$DATE_MEA:
01/01/2002 04:24:37
$MEAS_TIM:
300 301
$DATA:
0 511
       0
       0
       0
       0
       0
       0
       0
       0
       0
       0
       0
       0
       0
       0
       0
       0
       0
       2
       7
      85
      96
     109
     102
     120
     129
     104
     111
     131
     140
     150
     125
     146
     156
     133
     178
     187
     176
     173
     164
     178
     177
     188
     155
     176
     174
     157
     176
     186
     196
     195
     168
     182
     179
     167
     197
     156
     161
     159
     145
     139
     143
     135
     155
     133
     122
     136
     162
     157
     126
     144
     135
     118
     114
     115
     127
     116
     138
     125
     133
     122
     127
     129
     125
     131
     113
     119
     106
     100
     118
     120
     128
     130
     119
     118
     125
     118
     106
     125
     109
     123
     109
     109
     109
     110
     112
     101
      83
      95
      88
      92
      85
      64
      70
      70
      60
      63
      83
      64
      39
      53
      47
      56
      39
      45
      45
      34
      60
      50
      48
      49
      44
      36
      43
      63
      68
      65
      63
      78
     117
     135
     146
     188
     197
     260
     307
     364
     426
     495
     563
     629
     615
     655
     633
     663
     633
     592
     505
     409
     323
     273
     193
     138
     110
      80
      47
      29
      23
      21
      12
       5
       5
       5
       5
       6
       4
       5
       7
       7
       3
       7
       5
       1
       7
       2
       5
       5
       6
       3
       4
       3
       5
       3
       4
       8
       5
       4
       5
       9
       7
       8
       6
       4
       7
       7
       7
       4
       3
       0
       5
       4
       3
       6
       1
      10
       9
       5
       4
       2
       6
       7
       2
      10
       6
       6
       4
       1
       3
       4
       1
       3
       5
       5
       3
       5
       6
       3
       4
       6
       4
       4
       2
       4
       3
       5
       2
       4
       2
       7
       5
       2
       8
       4
       5
       3
       3
       5
       5
       1
       1
       1
       2
       0
       7
       0
       3
       3
       2
       2
       1
       2
       2
       3
       6
       1
       0
       3
       3
       1
       3
       4
       2
       2
       2
       2
       3
       2
       1
       4
       0
       2
       1
       1
       2
       1
       1
       2
       1
       0
       2
       2
       4
       1
       3
       4
       2
       3
       6
       2
       1
       4
       4
       0
       5
       3
       5
       5
       5
       5
       5
       2
       4
       2
       3
       6
       2
       3
       2
       2
       3
       2
       3
       3
       2
       1
       3
       1
       2
       0
       1
       2
       2
       0
       2
       0
       0
       0
       0
       0
       0
       0
       2
       1
       2
       0
       1
       0
       3
       2
       2
       0
       1
       0
       0
       0
       0
       1
       0
       1
       1
       0
       2
       1
       1
       1
       0
       2
       1
       0
       0
       0
       0
       1
       0
       1
       1
       0
       2
       0
       1
       0
       0
       0
       0
       1
       0
       0
       0
       0
       0
       0
       2
       0
       0
       0
       1
       1
       0
       0
       1
       0
       0
       0
       0
       1
       1
       1
       1
       0
       0
       1
       0
       3
       1
       0
       1
       1
       0
       0
       0
       1
       0
       1
       2
       1
       0
       0
       1
       2
       1
       0
       0
       1
       0
       0
       0
       0
       2
       0
       1
       0
       0
       0
       2
       2
       1
       0
       1
       0
       0
       2
       2
       0
       0
       2
       0
       0
       1
       0
       1
       1
       0
       0
       0
       0
       0
       1
       0
       0
       0
       0
       1
       0
       0
       0
       0
       0
       0
       0
       0
       0
       0
       0
       0
       0
       0
       0
       0
       0
       0
       0
       0
       0
       0
       0
       0
       0
       0
       0
       0
       0
       0
       0
$ROI:
1
134 170
$PRESETS:
Live Time
300
0
$ENER_FIT:
0.000000 0.000000
$MCA_CAL:
3
0.000000E+000 0.000000E+000 0.000000E+000 
$SHAPE_CAL:
3
0.000000E+000 0.000000E+000 0.000000E+000
