$SPEC_ID:
PRAK02 Easy-MCA-2k SN
$SPEC_REM:
DET# 1
DETDESC# PRAK01 Easy-MCA-2k SN 15071856
AP# Maestro Version 7.01
$DATE_MEA:
01/01/2002 04:33:28
$MEAS_TIM:
300 301
$DATA:
0 511
       0
       0
       0
       0
       0
       0
       0
       0
       0
       0
       0
       0
       0
       0
       0
       0
       0
       1
       9
     105
     120
     111
     119
     102
     131
     133
     145
     144
     112
     151
     149
     160
     189
     159
     167
     159
     168
     165
     180
     170
     181
     181
     181
     177
     172
     167
     187
     188
     182
     183
     170
     180
     175
     168
     145
     184
     161
     157
     159
     166
     152
     135
     139
     148
     130
     142
     147
     131
     158
     141
     121
     138
     148
     135
     131
     141
     123
     139
     125
     122
     108
     128
     129
     136
     127
     122
     105
     122
     119
     129
      97
     105
     101
     107
     137
     138
     114
     131
     141
     114
     103
     115
     114
     100
     128
     102
      95
      91
      96
      85
      84
      93
      74
      57
      79
      69
      59
      61
      81
      79
      76
      74
      91
      63
     101
      78
      85
      76
      76
      87
      85
      82
     106
     104
      97
     116
     150
     156
     174
     163
     209
     268
     294
     342
     398
     489
     471
     525
     598
     620
     669
     604
     551
     478
     453
     361
     285
     241
     169
     122
      92
      60
      40
      27
      18
      15
       7
       7
       6
      12
      11
       8
       5
       6
       4
       5
       3
       1
       5
       5
       4
       5
       3
       7
       2
       1
       2
      10
       7
       6
       3
       6
       7
       1
       3
       5
       3
      10
       3
       6
       1
       8
       5
       5
       4
       4
       0
       1
       4
       3
      11
       8
       6
       5
       3
       2
       7
       4
       3
       4
       8
       2
       0
       7
       5
       1
       3
       2
       2
       2
       2
       3
       4
       4
       2
       4
       3
       4
       2
       2
       4
       4
       5
       2
       1
       5
       3
       7
       4
       6
       4
       3
       5
       0
       2
       3
       3
       4
       5
       5
       3
       4
       2
       4
       1
       3
       5
       4
       2
       3
       2
       2
       0
       6
       0
       2
       4
       1
       2
       1
       3
       0
       1
       4
       0
       1
       3
       0
       2
       0
       4
       0
       1
       2
       2
       4
       1
       4
       1
       1
       2
       2
       2
       2
       0
       5
       1
       2
       2
       1
       3
       2
       1
       3
       0
       3
       1
       2
       4
       5
       6
       6
       4
       1
       2
       2
       2
       2
       3
       0
       3
       0
       1
       3
       0
       2
       2
       0
       0
       1
       1
       0
       0
       1
       0
       0
       0
       1
       1
       0
       0
       1
       2
       0
       0
       1
       0
       0
       0
       2
       0
       1
       2
       0
       1
       0
       1
       2
       0
       0
       0
       2
       1
       0
       2
       0
       0
       1
       1
       1
       0
       0
       0
       1
       1
       3
       1
       0
       0
       0
       0
       1
       0
       0
       0
       0
       0
       2
       1
       1
       1
       0
       0
       0
       1
       0
       0
       2
       1
       0
       0
       1
       0
       0
       1
       2
       0
       1
       0
       1
       0
       1
       0
       0
       0
       1
       0
       0
       1
       0
       0
       0
       2
       0
       0
       0
       0
       1
       0
       1
       0
       0
       1
       2
       0
       0
       0
       1
       1
       0
       0
       1
       1
       0
       0
       0
       0
       0
       0
       1
       1
       1
       0
       1
       0
       0
       0
       0
       1
       0
       0
       2
       0
       0
       0
       1
       0
       0
       1
       0
       0
       0
       0
       0
       1
       0
       0
       0
       0
       0
       0
       0
       0
       0
       0
       0
       0
       0
       0
       0
       0
       0
       0
       0
       0
       0
       0
       0
       0
       0
       0
       0
$ROI:
1
134 170
$PRESETS:
Live Time
300
0
$ENER_FIT:
0.000000 0.000000
$MCA_CAL:
3
0.000000E+000 0.000000E+000 0.000000E+000 
$SHAPE_CAL:
3
0.000000E+000 0.000000E+000 0.000000E+000
