1801.000 0.003
1802.000 2.449
1803.000 2.509
1804.000 2.517
1805.000 2.493
1806.000 2.496
1807.000 2.488
1808.000 2.491
1809.000 2.488
1810.000 2.490
1811.000 2.491
1812.000 2.497
1813.000 2.511
1814.000 2.524
1815.000 2.532
1816.000 2.543
1817.000 2.547
1818.000 2.559
1819.000 2.571
1820.000 2.579
1821.000 2.591
1822.000 2.604
1823.000 2.617
1824.000 2.622
1825.000 2.635
1826.000 2.640
1827.000 2.645
1828.000 2.650
1829.000 2.648
1830.000 2.645
1831.000 2.646
1832.000 2.636
1833.000 2.629
1834.000 2.615
1835.000 2.611
1836.000 2.592
1837.000 2.573
1838.000 2.557
1839.000 2.541
1840.000 2.525
1841.000 2.511
1842.000 2.494
1843.000 2.499
1844.000 2.503
1845.000 2.501
1846.000 2.500
1847.000 2.510
1848.000 2.514
1849.000 2.504
1850.000 2.909
1851.000 2.822
1852.000 2.728
1853.000 2.657
1854.000 2.596
1855.000 2.524
1856.000 2.492
1857.000 2.427
1858.000 2.355
1859.000 2.272
1860.000 2.194
1861.000 2.106
1862.000 2.019
1863.000 1.932
1864.000 1.840
1865.000 1.759
1866.000 1.691
1867.000 1.623
1868.000 1.599
1869.000 1.578
1870.000 1.580
1871.000 1.580
1872.000 1.587
1873.000 1.585
1874.000 1.590
1875.000 1.589
1876.000 1.594
1877.000 1.608
1878.000 1.610
1879.000 1.609
1880.000 1.622
1881.000 1.631
1882.000 1.630
1883.000 1.641
1884.000 1.644
1885.000 1.647
1886.000 1.647
1887.000 1.654
1888.000 1.651
1889.000 1.663
1890.000 1.658
1891.000 1.663
1892.000 1.664
1893.000 1.663
1894.000 1.665
1895.000 1.660
1896.000 1.662
1897.000 1.664
1898.000 1.668
1899.000 1.668
1900.000 1.668
1901.000 1.673
1902.000 1.677
1903.000 1.678
1904.000 1.676
1905.000 1.688
1906.000 1.684
1907.000 1.685
1908.000 1.687
1909.000 1.689
1910.000 1.690
1911.000 1.692
1912.000 1.694
1913.000 1.695
1914.000 1.704
1915.000 1.705
1916.000 1.695
1917.000 1.700
1918.000 1.700
1919.000 1.702
1920.000 1.711
1921.000 1.706
1922.000 1.711
1923.000 1.705
1924.000 1.710
1925.000 1.711
1926.000 1.710
1927.000 1.709
1928.000 1.709
1929.000 1.710
1930.000 1.717
1931.000 1.710
1932.000 1.716
1933.000 1.719
1934.000 1.717
1935.000 1.713
1936.000 1.714
1937.000 1.722
1938.000 1.715
1939.000 1.715
1940.000 1.719
1941.000 1.720
1942.000 1.722
1943.000 1.723
1944.000 1.723
1945.000 1.723
1946.000 1.719
1947.000 1.726
1948.000 1.716
1949.000 1.725
1950.000 1.722
1951.000 1.724
1952.000 1.717
1953.000 1.732
1954.000 1.729
1955.000 1.728
1956.000 1.725
1957.000 1.722
1958.000 1.718
1959.000 1.734
1960.000 1.731
1961.000 1.728
1962.000 1.733
1963.000 1.731
1964.000 1.730
1965.000 1.737
1966.000 1.741
1967.000 1.738
1968.000 1.734
1969.000 1.738
1970.000 1.738
1971.000 1.741
1972.000 1.739
1973.000 1.745
1974.000 1.756
1975.000 1.748
1976.000 1.743
1977.000 1.758
1978.000 1.746
1979.000 1.751
1980.000 1.752
1981.000 1.764
1982.000 1.766
1983.000 1.754
1984.000 1.752
1985.000 1.756
1986.000 1.760
1987.000 1.758
1988.000 1.760
1989.000 1.776
1990.000 1.766
1991.000 1.761
1992.000 1.780
1993.000 1.766
1994.000 1.781
1995.000 1.776
1996.000 1.791
1997.000 1.781
1998.000 1.780
1999.000 1.790
2000.000 1.796
2001.000 1.797
2002.000 1.800
2003.000 1.801
2004.000 1.797
2005.000 1.792
2006.000 1.786
2007.000 1.810
2008.000 1.808
2009.000 1.801
2010.000 1.813
2011.000 1.810
2012.000 1.814
2013.000 1.831
2014.000 1.816
2015.000 1.835
2016.000 1.836
2017.000 1.830
2018.000 1.844
2019.000 1.842
2020.000 1.848
2021.000 1.841
2022.000 1.838
2023.000 1.852
2024.000 1.859
2025.000 1.848
2026.000 1.866
2027.000 1.862
2028.000 1.856
2029.000 1.871
2030.000 1.878
2031.000 1.875
2032.000 1.874
2033.000 1.882
2034.000 1.882
2035.000 1.887
2036.000 1.892
2037.000 1.907
2038.000 1.910
2039.000 1.912
2040.000 1.911
2041.000 1.929
2042.000 1.927
2043.000 1.938
2044.000 1.937
2045.000 1.944
2046.000 1.956
2047.000 1.966
2048.000 1.966
2049.000 1.970
2050.000 1.979
2051.000 1.986
2052.000 1.988
2053.000 1.998
2054.000 2.002
2055.000 2.017
2056.000 2.022
2057.000 2.027
2058.000 2.037
2059.000 2.048
2060.000 2.056
2061.000 2.065
2062.000 2.073
2063.000 2.075
2064.000 2.082
2065.000 2.092
2066.000 2.105
2067.000 2.109
2068.000 2.118
2069.000 2.134
2070.000 2.145
2071.000 2.157
2072.000 2.171
2073.000 2.186
2074.000 2.198
2075.000 2.204
2076.000 2.218
2077.000 2.231
2078.000 2.239
2079.000 2.272
2080.000 2.276
2081.000 2.290
2082.000 2.306
2083.000 2.321
2084.000 2.322
2085.000 2.346
2086.000 2.353
2087.000 2.359
2088.000 2.360
2089.000 2.372
2090.000 2.383
2091.000 2.407
2092.000 2.420
2093.000 2.457
2094.000 2.467
2095.000 2.492
2096.000 2.510
2097.000 2.540
2098.000 2.558
2099.000 2.570
2100.000 2.599
2101.000 2.624
2102.000 2.653
2103.000 2.676
2104.000 2.708
2105.000 2.736
2106.000 2.767
2107.000 2.800
2108.000 2.908
2109.000 2.960
2110.000 2.970
2111.000 3.035
2112.000 3.079
2113.000 3.074
2114.000 3.091
2115.000 3.227
2116.000 3.206
2117.000 3.236
2118.000 3.257
2119.000 3.293
2120.000 3.356
2121.000 3.427
2122.000 3.482
2123.000 3.595
2124.000 3.601
2125.000 3.642
2126.000 3.708
2127.000 3.779
2128.000 3.857
2129.000 3.951
2130.000 4.048
2131.000 4.170
2132.000 4.253
2133.000 4.356
2134.000 4.478
2135.000 4.535
2136.000 4.649
2137.000 4.788
2138.000 4.961
2139.000 5.108
2140.000 5.274
2141.000 5.463
2142.000 5.672
2143.000 5.893
2144.000 6.137
2145.000 6.396
2146.000 6.693
2147.000 6.852
2148.000 7.189
2149.000 7.568
2150.000 7.979
2151.000 8.448
2152.000 8.964
2153.000 9.508
2154.000 10.079
2155.000 10.681
2156.000 11.272
2157.000 11.829
2158.000 12.292
2159.000 12.590
2160.000 12.681
2161.000 12.664
2162.000 12.357
2163.000 11.756
2164.000 10.971
2165.000 10.072
2166.000 9.177
2167.000 8.350
2168.000 7.603
2169.000 6.929
2170.000 6.322
2171.000 5.793
2172.000 5.546
2173.000 5.103
2174.000 4.711
2175.000 4.355
2176.000 4.030
2177.000 3.730
2178.000 3.470
2179.000 3.235
2180.000 3.014
2181.000 2.813
2182.000 2.630
2183.000 2.451
2184.000 2.370
2185.000 2.218
2186.000 2.024
2187.000 1.829
2188.000 1.661
2189.000 1.507
2190.000 1.374
2191.000 1.256
2192.000 1.146
2193.000 1.044
2194.000 0.950
2195.000 0.868
2196.000 0.827
2197.000 0.753
2198.000 0.688
2199.000 0.624
2200.000 0.566
2201.000 0.514
2202.000 0.466
2203.000 0.422
2204.000 0.375
2205.000 0.337
2206.000 0.289
2207.000 0.228
2208.000 0.197
2209.000 0.182
2210.000 0.145
2211.000 0.116
2212.000 0.067
2213.000 0.043
2214.000 0.008
2215.000 0.035
2216.000 0.071
2217.000 0.106
2218.000 0.138
2219.000 0.173
2220.000 0.206
2221.000 0.226
2222.000 0.260
2223.000 0.294
2224.000 0.331
2225.000 0.369
2226.000 0.408
2227.000 0.449
2228.000 0.488
2229.000 0.545
2230.000 0.593
2231.000 0.641
2232.000 0.673
2233.000 0.723
2234.000 0.779
2235.000 0.840
2236.000 0.905
2237.000 0.993
2238.000 1.078
2239.000 1.175
2240.000 1.278
2241.000 1.404
2242.000 1.591
2243.000 1.794
2244.000 2.057
2245.000 2.145
2246.000 2.348
2247.000 2.643
2248.000 2.999
2249.000 3.406
2250.000 3.810
2251.000 4.225
2252.000 4.651
2253.000 5.100
2254.000 5.506
2255.000 5.957
2256.000 6.524
2257.000 6.797
2258.000 7.362
2259.000 7.968
2260.000 8.641
2261.000 9.408
2262.000 10.355
2263.000 11.384
2264.000 12.556
2265.000 13.877
2266.000 15.375
2267.000 17.006
2268.000 18.726
2269.000 20.329
2270.000 21.052
2271.000 22.096
2272.000 22.283
2273.000 21.188
2274.000 19.072
2275.000 16.572
2276.000 14.017
2277.000 11.893
2278.000 10.004
2279.000 8.475
2280.000 7.224
2281.000 6.675
2282.000 5.782
2283.000 5.112
2284.000 4.570
2285.000 4.133
2286.000 3.799
2287.000 3.593
2288.000 3.405
2289.000 3.248
2290.000 3.089
2291.000 2.949
2292.000 2.820
2293.000 2.773
2294.000 2.654
2295.000 2.542
2296.000 2.448
2297.000 2.357
2298.000 2.273
2299.000 2.191
2300.000 2.119
2301.000 2.044
2302.000 1.978
2303.000 1.902
2304.000 1.820
2305.000 1.739
2306.000 1.697
2307.000 1.618
2308.000 1.567
2309.000 1.508
2310.000 1.431
2311.000 1.375
2312.000 1.321
2313.000 1.268
2314.000 1.222
2315.000 1.183
2316.000 1.142
2317.000 1.106
2318.000 1.088
2319.000 1.061
2320.000 1.027
2321.000 1.003
2322.000 0.971
2323.000 0.944
2324.000 0.923
2325.000 0.896
2326.000 0.879
2327.000 0.856
2328.000 0.837
2329.000 0.826
2330.000 0.807
2331.000 0.789
2332.000 0.775
2333.000 0.758
2334.000 0.741
2335.000 0.726
2336.000 0.711
2337.000 0.693
2338.000 0.682
2339.000 0.668
2340.000 0.657
2341.000 0.645
2342.000 0.637
2343.000 0.621
2344.000 0.608
2345.000 0.596
2346.000 0.585
2347.000 0.573
2348.000 0.562
2349.000 0.576
2350.000 0.558
2351.000 0.550
2352.000 0.537
2353.000 0.533
2354.000 0.522
2355.000 0.512
2356.000 0.525
2357.000 0.513
2358.000 0.495
2359.000 0.486
2360.000 0.474
2361.000 0.468
2362.000 0.459
2363.000 0.446
2364.000 0.439
2365.000 0.427
2366.000 0.420
2367.000 0.418
2368.000 0.411
2369.000 0.399
2370.000 0.397
2371.000 0.395
2372.000 0.390
2373.000 0.382
2374.000 0.375
2375.000 0.375
2376.000 0.365
2377.000 0.354
2378.000 0.358
2379.000 0.352
2380.000 0.344
2381.000 0.342
2382.000 0.336
2383.000 0.329
2384.000 0.324
2385.000 0.321
2386.000 0.319
2387.000 0.314
2388.000 0.307
2389.000 0.304
2390.000 0.300
2391.000 0.297
2392.000 0.292
2393.000 0.287
2394.000 0.283
2395.000 0.279
2396.000 0.275
2397.000 0.274
2398.000 0.268
2399.000 0.267
2400.000 0.263
2401.000 0.261
2402.000 0.256
2403.000 0.255
2404.000 0.256
2405.000 0.261
2406.000 0.261
2407.000 0.254
2408.000 0.252
2409.000 0.245
2410.000 0.240
2411.000 0.236
2412.000 0.231
2413.000 0.225
2414.000 0.221
2415.000 0.219
2416.000 0.219
2417.000 0.214
2418.000 0.213
2419.000 0.209
2420.000 0.207
2421.000 0.202
2422.000 0.201
2423.000 0.198
2424.000 0.195
2425.000 0.195
2426.000 0.194
2427.000 0.191
2428.000 0.187
2429.000 0.183
2430.000 0.181
2431.000 0.178
2432.000 0.177
2433.000 0.174
2434.000 0.172
2435.000 0.171
2436.000 0.171
2437.000 0.168
2438.000 0.165
2439.000 0.164
2440.000 0.162
2441.000 0.160
2442.000 0.157
2443.000 0.154
2444.000 0.153
2445.000 0.151
2446.000 0.150
2447.000 0.145
2448.000 0.147
2449.000 0.146
2450.000 0.145
2451.000 0.140
2452.000 0.141
2453.000 0.141
2454.000 0.139
2455.000 0.137
2456.000 0.133
2457.000 0.132
2458.000 0.133
2459.000 0.132
2460.000 0.129
2461.000 0.126
2462.000 0.126
2463.000 0.125
2464.000 0.127
2465.000 0.124
2466.000 0.123
2467.000 0.122
2468.000 0.122
2469.000 0.120
2470.000 0.120
2471.000 0.118
2472.000 0.117
2473.000 0.115
2474.000 0.113
2475.000 0.113
2476.000 0.112
2477.000 0.110
2478.000 0.111
2479.000 0.111
2480.000 0.109
2481.000 0.108
2482.000 0.109
2483.000 0.108
2484.000 0.106
2485.000 0.107
2486.000 0.107
2487.000 0.106
2488.000 0.105
2489.000 0.104
2490.000 0.103
2491.000 0.103
2492.000 0.102
2493.000 0.101
2494.000 0.102
2495.000 0.100
2496.000 0.101
2497.000 0.100
2498.000 0.098
2499.000 0.098
2500.000 0.099
2501.000 0.098
2502.000 0.099
2503.000 0.099
2504.000 0.100
2505.000 0.098
2506.000 0.100
2507.000 0.099
2508.000 0.099
2509.000 0.101
2510.000 0.098
2511.000 0.100
2512.000 0.099
2513.000 0.099
2514.000 0.101
2515.000 0.098
2516.000 0.099
2517.000 0.099
2518.000 0.099
2519.000 0.102
2520.000 0.101
2521.000 0.099
2522.000 0.099
2523.000 0.104
2524.000 0.102
2525.000 0.102
2526.000 0.104
2527.000 0.101
2528.000 0.101
2529.000 0.106
2530.000 0.103
2531.000 0.105
2532.000 0.105
2533.000 0.105
2534.000 0.105
2535.000 0.106
2536.000 0.105
2537.000 0.108
2538.000 0.108
2539.000 0.109
2540.000 0.111
2541.000 0.110
2542.000 0.110
2543.000 0.112
2544.000 0.114
2545.000 0.114
2546.000 0.114
2547.000 0.116
2548.000 0.115
2549.000 0.117
2550.000 0.118
2551.000 0.119
2552.000 0.120
2553.000 0.119
2554.000 0.121
2555.000 0.121
2556.000 0.121
2557.000 0.123
2558.000 0.122
2559.000 0.122
2560.000 0.125
2561.000 0.127
2562.000 0.128
2563.000 0.125
2564.000 0.128
2565.000 0.130
2566.000 0.129
2567.000 0.131
2568.000 0.131
2569.000 0.132
2570.000 0.132
2571.000 0.134
2572.000 0.134
2573.000 0.136
2574.000 0.138
2575.000 0.139
2576.000 0.137
2577.000 0.140
2578.000 0.143
2579.000 0.143
2580.000 0.142
2581.000 0.147
2582.000 0.144
2583.000 0.148
2584.000 0.152
2585.000 0.149
2586.000 0.152
2587.000 0.151
2588.000 0.155
2589.000 0.157
2590.000 0.155
2591.000 0.158
2592.000 0.161
2593.000 0.164
2594.000 0.163
2595.000 0.164
2596.000 0.167
2597.000 0.169
2598.000 0.168
2599.000 0.171
2600.000 0.171
