$SPEC_ID:
PRAK02 Easy-MCA-2k SN
$SPEC_REM:
DET# 1
DETDESC# PRAK01 Easy-MCA-2k SN 15071856
AP# Maestro Version 7.01
$DATE_MEA:
01/01/2002 01:15:09
$MEAS_TIM:
101 102
$DATA:
0 511
       0
       0
       0
       0
       0
       0
       0
       0
       0
       0
       0
       0
       0
       0
       0
       0
       0
       0
      14
     165
     177
     151
     201
     163
     180
     208
     201
     183
     177
     203
     203
     215
     203
     212
     224
     223
     224
     218
     262
     233
     258
     239
     254
     236
     256
     271
     266
     313
     286
     309
     249
     292
     247
     266
     258
     236
     258
     250
     246
     263
     240
     240
     249
     267
     232
     214
     236
     244
     234
     220
     240
     213
     203
     233
     207
     219
     212
     205
     224
     210
     259
     199
     212
     219
     194
     217
     209
     208
     246
     207
     225
     229
     199
     211
     206
     220
     185
     239
     228
     205
     208
     243
     196
     203
     176
     172
     162
     150
     141
     128
     130
     139
     128
     101
      99
      85
     108
      83
      94
      90
      68
      72
      79
      75
      81
      84
      86
      87
      90
      90
      89
      95
      86
      78
     104
     106
     133
     163
     186
     241
     337
     413
     577
     646
     908
    1049
    1240
    1379
    1365
    1432
    1386
    1340
    1232
    1116
     947
     711
     581
     398
     265
     194
     124
      83
      53
      28
      15
       6
       7
       5
       2
       0
       6
       2
       1
       2
       3
       1
       1
       5
       5
       1
       1
       1
       2
       4
       4
       2
       0
       1
       0
       3
       0
       2
       3
       4
       4
       1
       1
       2
       1
       1
       0
       1
       2
       3
       1
       2
       0
       3
       2
       2
       2
       2
       0
       3
       1
       4
       1
       2
       1
       1
       1
       2
       1
       0
       3
       1
       1
       0
       0
       0
       1
       0
       3
       2
       0
       3
       2
       0
       1
       0
       0
       2
       2
       2
       1
       0
       0
       3
       3
       0
       4
       1
       2
       0
       0
       0
       1
       0
       0
       1
       1
       0
       1
       2
       1
       1
       1
       2
       0
       1
       0
       1
       1
       0
       1
       1
       1
       0
       0
       1
       1
       0
       1
       0
       0
       1
       0
       1
       0
       1
       1
       1
       0
       0
       2
       1
       0
       0
       0
       0
       0
       0
       0
       0
       2
       1
       2
       1
       1
       1
       2
       1
       1
       2
       2
       1
       1
       0
       1
       1
       2
       1
       1
       1
       1
       0
       2
       0
       0
       1
       1
       0
       1
       1
       1
       2
       0
       0
       0
       0
       0
       0
       1
       0
       1
       0
       0
       0
       0
       1
       0
       1
       0
       1
       0
       0
       0
       0
       0
       0
       0
       0
       0
       0
       0
       0
       0
       0
       0
       0
       0
       0
       0
       0
       0
       0
       0
       0
       0
       0
       0
       1
       1
       0
       0
       0
       0
       0
       0
       1
       0
       0
       0
       0
       0
       0
       0
       0
       0
       0
       0
       0
       0
       0
       0
       0
       1
       0
       1
       1
       0
       0
       0
       0
       0
       0
       0
       0
       0
       0
       0
       0
       0
       1
       0
       0
       0
       0
       0
       0
       0
       0
       0
       0
       0
       0
       0
       0
       0
       0
       0
       0
       0
       0
       0
       0
       0
       1
       0
       1
       0
       0
       0
       0
       0
       0
       0
       0
       0
       0
       0
       0
       0
       0
       0
       0
       0
       0
       0
       0
       0
       0
       0
       0
       0
       0
       0
       0
       0
       0
       0
       0
       0
       0
       1
       0
       0
       0
       0
       0
       0
       0
       0
       0
       0
       0
       0
       0
       0
       0
       0
       0
       0
       0
       0
       0
       0
       0
       0
       0
       0
       0
$ROI:
1
135 167
$PRESETS:
Live Time
300
0
$ENER_FIT:
0.000000 0.000000
$MCA_CAL:
3
0.000000E+000 0.000000E+000 0.000000E+000 
$SHAPE_CAL:
3
0.000000E+000 0.000000E+000 0.000000E+000
