$SPEC_ID:
PRAK02 Easy-MCA-2k SN
$SPEC_REM:
DET# 1
DETDESC# PRAK01 Easy-MCA-2k SN 15071856
AP# Maestro Version 7.01
$DATE_MEA:
01/01/2002 01:11:35
$MEAS_TIM:
76 77
$DATA:
0 511
       0
       0
       0
       0
       0
       0
       0
       0
       0
       0
       0
       0
       0
       0
       0
       0
       0
       0
      15
     108
     141
     124
     135
     142
     138
     117
     149
     139
     160
     145
     169
     150
     151
     155
     179
     181
     149
     162
     174
     158
     198
     201
     198
     204
     172
     228
     205
     227
     205
     208
     199
     206
     228
     198
     218
     200
     205
     172
     204
     202
     168
     179
     187
     197
     141
     162
     167
     166
     166
     158
     173
     151
     160
     149
     161
     158
     154
     166
     159
     172
     164
     163
     164
     133
     152
     160
     171
     173
     141
     167
     157
     163
     171
     147
     142
     180
     153
     163
     160
     169
     135
     162
     151
     166
     149
     150
     144
     148
     129
     113
     109
      96
     111
      87
      93
      75
      73
      74
      77
      61
      66
      57
      72
      59
      71
      59
      58
      71
      60
      68
      67
      60
      78
      70
      84
      83
      83
     105
      91
     131
     185
     207
     281
     359
     504
     550
     636
     745
     849
     933
     976
    1036
     976
     952
     906
     725
     671
     559
     414
     331
     235
     146
      94
      63
      48
      25
       7
       5
       4
       3
       3
       0
       1
       1
       1
       2
       3
       1
       1
       3
       1
       0
       2
       0
       2
       1
       2
       0
       1
       2
       1
       1
       1
       2
       1
       2
       3
       0
       0
       3
       0
       0
       2
       0
       2
       1
       0
       2
       0
       1
       4
       1
       2
       0
       1
       3
       1
       3
       1
       4
       1
       2
       2
       0
       0
       1
       1
       1
       1
       0
       0
       1
       1
       0
       2
       1
       0
       1
       2
       2
       0
       0
       1
       1
       1
       1
       1
       0
       1
       1
       0
       2
       1
       0
       3
       0
       1
       0
       0
       1
       0
       0
       0
       0
       1
       3
       1
       1
       1
       1
       2
       0
       2
       0
       0
       1
       0
       0
       0
       0
       0
       0
       2
       2
       1
       0
       1
       0
       0
       0
       1
       0
       0
       1
       1
       1
       0
       0
       0
       0
       0
       0
       1
       1
       2
       2
       0
       0
       0
       0
       2
       0
       1
       3
       1
       0
       1
       1
       2
       0
       2
       0
       2
       1
       1
       0
       0
       0
       1
       0
       0
       1
       0
       0
       0
       0
       0
       0
       0
       0
       0
       0
       0
       0
       0
       0
       1
       0
       0
       0
       0
       0
       0
       0
       0
       0
       0
       1
       0
       0
       0
       0
       0
       1
       0
       0
       0
       0
       0
       0
       0
       0
       0
       0
       0
       1
       0
       0
       0
       0
       0
       0
       0
       0
       0
       0
       1
       0
       0
       1
       0
       0
       0
       0
       0
       0
       0
       0
       0
       0
       0
       0
       0
       0
       0
       1
       1
       0
       0
       0
       0
       0
       0
       0
       0
       0
       0
       0
       0
       0
       0
       0
       0
       0
       0
       0
       0
       0
       0
       0
       0
       0
       0
       0
       0
       0
       0
       0
       0
       0
       0
       0
       0
       1
       0
       0
       0
       0
       0
       0
       0
       0
       0
       0
       0
       0
       0
       0
       0
       0
       0
       0
       1
       0
       0
       0
       1
       0
       1
       0
       1
       1
       0
       0
       0
       0
       0
       0
       0
       0
       0
       0
       0
       0
       0
       0
       0
       0
       0
       0
       0
       0
       0
       0
       0
       0
       0
       0
       0
       0
       0
       0
       0
       0
       0
       0
       0
       0
       0
       0
       0
       0
$ROI:
1
135 167
$PRESETS:
Live Time
300
0
$ENER_FIT:
0.000000 0.000000
$MCA_CAL:
3
0.000000E+000 0.000000E+000 0.000000E+000 
$SHAPE_CAL:
3
0.000000E+000 0.000000E+000 0.000000E+000
