$SPEC_ID:
PRAK02 Easy-MCA-2k SN
$SPEC_REM:
DET# 1
DETDESC# PRAK01 Easy-MCA-2k SN 15071856
AP# Maestro Version 7.01
$DATE_MEA:
01/01/2002 04:51:05
$MEAS_TIM:
135 136
$DATA:
0 511
       0
       0
       0
       0
       0
       0
       0
       0
       0
       0
       0
       0
       0
       0
       0
       0
       0
       0
      25
     218
     242
     250
     257
     271
     264
     262
     265
     286
     262
     299
     308
     282
     296
     280
     293
     329
     311
     343
     315
     340
     339
     357
     346
     371
     352
     334
     378
     380
     351
     405
     380
     389
     355
     358
     374
     348
     372
     367
     378
     325
     311
     345
     351
     327
     313
     326
     318
     332
     323
     291
     290
     331
     322
     293
     275
     301
     285
     279
     287
     305
     287
     324
     284
     273
     292
     274
     294
     309
     297
     293
     293
     299
     321
     288
     291
     306
     302
     277
     311
     277
     277
     244
     271
     267
     273
     207
     230
     225
     186
     172
     163
     154
     131
     129
     135
     121
     151
     112
     133
     146
     140
     124
     136
     153
     188
     165
     206
     208
     239
     233
     307
     313
     310
     368
     400
     416
     474
     490
     605
     683
     746
     824
     986
    1070
    1138
    1279
    1326
    1420
    1440
    1401
    1334
    1313
    1192
    1116
     910
     737
     592
     430
     351
     246
     165
      89
      67
      48
      32
      11
      12
       4
       7
       0
       4
       2
       3
       2
       0
       5
       0
       1
       0
       1
       2
       3
       3
       1
       1
       0
       2
       1
       2
       5
       2
       2
       2
       2
       0
       3
       1
       5
       2
       4
       2
       0
       3
       1
       2
       4
       5
       1
       4
       4
       3
       2
       2
       2
       2
       1
       2
       2
       2
       1
       1
       1
       2
       2
       1
       2
       2
       2
       1
       3
       1
       2
       1
       0
       0
       2
       0
       2
       1
       0
       1
       2
       2
       1
       1
       1
       1
       2
       1
       0
       4
       1
       1
       1
       1
       1
       2
       2
       2
       0
       2
       1
       2
       3
       3
       1
       2
       1
       0
       1
       1
       2
       3
       1
       1
       1
       0
       0
       1
       5
       0
       1
       1
       2
       1
       0
       0
       0
       5
       2
       1
       2
       1
       1
       1
       0
       1
       0
       1
       0
       1
       1
       0
       0
       1
       4
       3
       1
       0
       1
       2
       3
       0
       2
       0
       3
       1
       0
       2
       0
       1
       1
       2
       1
       0
       1
       2
       2
       0
       1
       0
       2
       0
       1
       1
       0
       0
       0
       0
       0
       0
       1
       0
       0
       0
       0
       0
       0
       0
       0
       0
       0
       1
       0
       0
       0
       0
       1
       2
       0
       0
       0
       0
       0
       2
       1
       0
       0
       0
       0
       0
       1
       1
       0
       0
       0
       1
       0
       0
       0
       1
       0
       0
       1
       0
       1
       0
       0
       1
       0
       0
       0
       0
       1
       1
       0
       0
       0
       0
       0
       0
       0
       0
       0
       0
       1
       0
       0
       1
       0
       0
       0
       0
       0
       0
       1
       0
       1
       0
       0
       0
       0
       0
       0
       0
       0
       1
       0
       0
       0
       0
       0
       0
       0
       0
       0
       0
       0
       1
       0
       0
       0
       1
       0
       1
       0
       1
       0
       1
       0
       0
       0
       1
       0
       0
       0
       0
       1
       1
       0
       0
       0
       0
       1
       0
       0
       0
       1
       0
       0
       0
       0
       0
       0
       0
       0
       0
       0
       0
       0
       0
       0
       0
       0
       1
       0
       0
       0
       0
       0
       0
       0
       0
       0
       0
       0
       0
       0
       0
       0
       0
       0
       0
       0
       0
       0
       0
       0
       0
       0
       0
       0
$ROI:
1
134 170
$PRESETS:
Live Time
300
0
$ENER_FIT:
0.000000 0.000000
$MCA_CAL:
3
0.000000E+000 0.000000E+000 0.000000E+000 
$SHAPE_CAL:
3
0.000000E+000 0.000000E+000 0.000000E+000
