$SPEC_ID:
PRAK02 Easy-MCA-2k SN
$SPEC_REM:
DET# 1
DETDESC# PRAK01 Easy-MCA-2k SN 15071856
AP# Maestro Version 7.01
$DATE_MEA:
01/01/2002 04:53:38
$MEAS_TIM:
142 143
$DATA:
0 511
       0
       0
       0
       0
       0
       0
       0
       1
       0
       0
       0
       1
       0
       0
       0
       0
       0
       0
      17
     198
     263
     266
     280
     270
     273
     302
     298
     305
     292
     314
     312
     337
     302
     326
     311
     364
     325
     363
     355
     365
     349
     355
     373
     397
     381
     392
     358
     389
     416
     438
     388
     417
     424
     424
     395
     371
     378
     360
     368
     346
     354
     336
     366
     362
     336
     308
     315
     301
     314
     301
     305
     294
     341
     324
     305
     322
     340
     326
     291
     281
     300
     314
     359
     298
     280
     345
     346
     310
     284
     304
     288
     341
     321
     302
     350
     318
     324
     344
     303
     317
     320
     288
     295
     292
     254
     258
     236
     209
     213
     192
     187
     168
     156
     173
     142
     151
     154
     143
     140
     165
     135
     167
     153
     183
     172
     221
     253
     251
     289
     354
     340
     355
     393
     386
     436
     428
     452
     488
     546
     608
     668
     799
     905
    1005
    1194
    1306
    1485
    1459
    1571
    1481
    1450
    1445
    1255
    1048
     887
     684
     558
     440
     306
     226
     169
      94
      69
      41
      19
      13
       2
       5
       5
       2
       5
       3
       3
       2
       3
       2
       4
       3
       4
       4
       3
       7
       1
       2
       1
       6
       3
       0
       0
       2
       1
       2
       4
       2
       1
       2
       2
       3
       1
       1
       1
       0
       4
       1
       2
       5
       0
       2
       3
       5
       0
       3
       3
       3
       1
       3
       1
       2
       1
       0
       1
       0
       1
       0
       3
       3
       0
       4
       1
       2
       1
       1
       1
       1
       2
       2
       1
       3
       1
       0
       3
       0
       3
       0
       2
       2
       3
       1
       1
       4
       5
       0
       2
       0
       0
       1
       1
       1
       6
       0
       0
       0
       1
       0
       4
       1
       2
       3
       0
       1
       0
       0
       0
       0
       0
       1
       1
       2
       1
       1
       1
       0
       0
       2
       0
       2
       0
       1
       1
       0
       0
       0
       3
       0
       0
       1
       3
       2
       0
       2
       0
       2
       2
       0
       5
       1
       1
       0
       2
       1
       2
       0
       4
       1
       2
       2
       5
       1
       3
       2
       0
       2
       1
       1
       0
       1
       0
       0
       0
       0
       1
       2
       0
       0
       0
       1
       0
       0
       0
       0
       0
       1
       0
       0
       0
       0
       0
       0
       0
       0
       0
       0
       1
       0
       0
       0
       0
       0
       1
       0
       0
       0
       0
       1
       1
       0
       0
       0
       0
       0
       3
       0
       0
       0
       0
       1
       0
       0
       0
       0
       1
       0
       0
       1
       0
       0
       0
       0
       0
       0
       0
       0
       0
       0
       0
       0
       0
       1
       0
       0
       0
       0
       1
       0
       0
       0
       0
       0
       0
       0
       1
       0
       0
       1
       0
       0
       0
       0
       1
       0
       0
       0
       0
       0
       0
       0
       0
       1
       0
       0
       0
       0
       0
       1
       0
       0
       1
       0
       0
       0
       0
       0
       0
       0
       0
       1
       0
       0
       0
       0
       1
       1
       0
       0
       0
       1
       1
       0
       0
       0
       0
       0
       1
       2
       0
       0
       0
       2
       0
       1
       0
       0
       1
       1
       0
       0
       0
       1
       0
       1
       0
       0
       0
       0
       0
       0
       0
       0
       0
       0
       0
       0
       0
       0
       0
       0
       0
       0
       0
       0
       0
       0
       0
       0
       0
       0
       0
       0
       0
       0
       0
       0
$ROI:
1
134 170
$PRESETS:
Live Time
300
0
$ENER_FIT:
0.000000 0.000000
$MCA_CAL:
3
0.000000E+000 0.000000E+000 0.000000E+000 
$SHAPE_CAL:
3
0.000000E+000 0.000000E+000 0.000000E+000
