$SPEC_ID:
PRAK02 Easy-MCA-2k SN
$SPEC_REM:
DET# 1
DETDESC# PRAK01 Easy-MCA-2k SN 15071856
AP# Maestro Version 7.01
$DATE_MEA:
01/01/2002 05:01:04
$MEAS_TIM:
179 180
$DATA:
0 511
       0
       0
       0
       1
       0
       0
       0
       0
       0
       0
       1
       2
       0
       0
       4
       3
       1
       1
      26
     268
     327
     300
     300
     297
     328
     309
     302
     322
     347
     351
     331
     378
     374
     367
     368
     397
     329
     387
     384
     400
     391
     404
     396
     408
     452
     445
     421
     478
     534
     486
     515
     495
     504
     488
     477
     466
     470
     455
     478
     436
     412
     406
     416
     421
     391
     418
     429
     433
     385
     384
     391
     383
     362
     393
     353
     383
     399
     372
     400
     390
     372
     381
     358
     373
     362
     390
     361
     356
     406
     369
     368
     370
     374
     367
     356
     377
     383
     382
     379
     396
     407
     363
     361
     386
     366
     401
     340
     359
     330
     336
     269
     292
     235
     248
     252
     207
     205
     183
     172
     152
     160
     169
     161
     165
     133
     125
     132
     161
     113
     138
     157
     130
     151
     137
     170
     154
     145
     148
     161
     189
     200
     239
     267
     336
     438
     526
     629
     877
    1111
    1389
    1663
    1910
    2227
    2257
    2327
    2444
    2432
    2310
    2118
    1852
    1513
    1215
     941
     701
     528
     335
     227
     159
      95
      59
      30
      21
       7
      11
       2
       3
       5
       4
       5
       5
       7
       5
       2
      11
       5
       5
       5
       2
       5
       4
       0
       3
       6
       2
       4
       0
       2
       2
       2
       3
       5
       3
       3
       2
       2
       0
       4
       3
       1
       1
       1
       1
       3
       3
       3
       1
       4
       3
       5
       6
       2
       1
       2
       4
       2
       2
       1
       2
       1
       2
       0
       3
       1
       3
       5
       5
       2
       2
       1
       4
       1
       3
       1
       1
       1
       3
       4
       1
       4
       0
       3
       4
       3
       0
       0
       2
       2
       1
       2
       2
       4
       1
       1
       2
       2
       1
       5
       2
       5
       1
       1
       1
       0
       1
       0
       4
       3
       4
       1
       0
       3
       0
       1
       2
       3
       2
       1
       1
       2
       0
       0
       0
       1
       2
       1
       1
       0
       3
       1
       0
       2
       0
       1
       2
       2
       1
       1
       1
       3
       0
       1
       1
       1
       1
       1
       3
       2
       2
       2
       2
       5
       2
       3
       4
       4
       6
       1
       3
       1
       0
       4
       0
       2
       3
       1
       1
       1
       2
       2
       0
       0
       1
       0
       1
       0
       0
       0
       0
       1
       0
       1
       1
       1
       1
       0
       0
       1
       0
       0
       2
       0
       0
       0
       0
       0
       1
       1
       0
       0
       0
       0
       0
       0
       0
       0
       1
       2
       0
       1
       1
       0
       1
       0
       0
       0
       0
       1
       0
       0
       1
       1
       0
       0
       0
       0
       0
       0
       0
       0
       1
       1
       0
       1
       0
       2
       0
       0
       0
       1
       0
       1
       0
       0
       2
       0
       0
       0
       0
       0
       0
       0
       0
       2
       0
       0
       0
       0
       0
       0
       0
       0
       0
       0
       0
       0
       0
       1
       0
       1
       0
       0
       0
       0
       1
       0
       0
       0
       0
       0
       1
       0
       0
       0
       1
       0
       0
       0
       0
       0
       0
       0
       1
       0
       1
       0
       0
       0
       1
       0
       1
       1
       0
       0
       0
       0
       0
       0
       0
       0
       0
       2
       1
       1
       0
       1
       0
       0
       0
       0
       0
       0
       0
       0
       0
       0
       0
       0
       0
       0
       0
       0
       0
       0
       0
       0
       0
       0
       0
       0
       0
       0
       0
$ROI:
1
134 170
$PRESETS:
Live Time
300
0
$ENER_FIT:
0.000000 0.000000
$MCA_CAL:
3
0.000000E+000 0.000000E+000 0.000000E+000 
$SHAPE_CAL:
3
0.000000E+000 0.000000E+000 0.000000E+000
