$SPEC_ID:
PRAK02 Easy-MCA-2k SN
$SPEC_REM:
DET# 1
DETDESC# PRAK01 Easy-MCA-2k SN 15071856
AP# Maestro Version 7.01
$DATE_MEA:
01/01/2002 05:07:17
$MEAS_TIM:
175 176
$DATA:
0 511
       0
       0
       0
       0
       0
       0
       0
       0
       0
       0
       0
       0
       0
       0
       0
       0
       0
       0
      19
     276
     374
     356
     363
     348
     356
     356
     345
     337
     380
     387
     376
     391
     426
     416
     416
     418
     464
     419
     446
     427
     443
     458
     495
     512
     441
     453
     493
     516
     512
     510
     493
     530
     475
     503
     475
     455
     433
     455
     395
     456
     426
     418
     424
     409
     428
     409
     390
     443
     412
     390
     405
     441
     403
     385
     411
     382
     395
     381
     367
     373
     360
     399
     405
     370
     400
     367
     392
     382
     368
     357
     384
     375
     413
     367
     365
     385
     359
     342
     375
     371
     353
     351
     316
     320
     302
     278
     273
     284
     255
     220
     239
     214
     222
     225
     221
     231
     247
     253
     247
     237
     222
     208
     216
     225
     236
     240
     265
     239
     262
     285
     339
     378
     418
     480
     511
     569
     641
     772
     807
     905
     954
    1050
    1173
    1288
    1389
    1482
    1534
    1623
    1588
    1633
    1596
    1526
    1326
    1179
     993
     859
     630
     528
     412
     258
     210
     151
      81
      48
      40
      17
       9
       9
       8
       8
       1
       3
       3
       0
       2
       3
       2
       2
       2
       0
       3
       1
       3
       3
       3
       5
       2
       2
       1
       4
       5
       3
       0
       1
       4
       3
       5
       4
       3
       3
       2
       2
       0
       3
       1
       5
       2
       2
       1
       2
       3
       2
       2
       3
       2
       2
       3
       1
       2
       2
       5
       2
       3
       2
       4
       3
       5
       0
       1
       1
       2
       2
       2
       1
       0
       2
       3
       2
       1
       1
       2
       2
       1
       3
       0
       3
       3
       1
       2
       4
       1
       2
       1
       3
       0
       1
       4
       1
       0
       4
       2
       1
       1
       4
       1
       0
       1
       0
       2
       1
       3
       1
       3
       0
       0
       1
       1
       2
       2
       0
       1
       4
       2
       1
       1
       1
       1
       1
       2
       2
       0
       0
       0
       0
       1
       1
       0
       4
       1
       3
       4
       4
       1
       1
       0
       4
       0
       2
       0
       0
       4
       2
       1
       2
       2
       1
       1
       1
       4
       5
       1
       0
       0
       0
       0
       1
       2
       1
       1
       1
       1
       0
       0
       1
       0
       1
       1
       0
       0
       1
       1
       1
       1
       0
       0
       0
       0
       0
       0
       0
       2
       0
       0
       0
       0
       1
       0
       0
       0
       0
       0
       3
       2
       0
       1
       1
       0
       0
       0
       0
       0
       2
       1
       2
       0
       0
       0
       0
       0
       0
       0
       0
       1
       0
       0
       0
       1
       0
       2
       1
       1
       0
       0
       1
       0
       0
       0
       0
       0
       0
       0
       0
       0
       0
       0
       0
       0
       1
       0
       2
       0
       0
       0
       0
       0
       0
       0
       0
       0
       1
       0
       0
       0
       0
       0
       0
       0
       0
       0
       1
       1
       0
       1
       1
       2
       0
       0
       0
       0
       0
       1
       0
       1
       0
       0
       0
       1
       0
       0
       0
       0
       0
       1
       0
       0
       0
       0
       1
       0
       0
       0
       0
       0
       0
       0
       0
       1
       0
       0
       0
       0
       0
       0
       0
       0
       0
       1
       1
       0
       0
       0
       0
       0
       0
       0
       0
       0
       0
       0
       0
       0
       0
       0
       0
       0
       0
       0
       0
       0
       0
       0
       0
       0
       0
       0
       0
       0
       0
       0
       0
       0
       0
$ROI:
1
134 170
$PRESETS:
Live Time
300
0
$ENER_FIT:
0.000000 0.000000
$MCA_CAL:
3
0.000000E+000 0.000000E+000 0.000000E+000 
$SHAPE_CAL:
3
0.000000E+000 0.000000E+000 0.000000E+000
