$SPEC_ID:
PRAK02 Easy-MCA-2k SN
$SPEC_REM:
DET# 1
DETDESC# PRAK01 Easy-MCA-2k SN 15071856
AP# Maestro Version 7.01
$DATE_MEA:
01/01/2002 01:42:19
$MEAS_TIM:
180 181
$DATA:
0 511
       0
       0
       0
       0
       0
       0
       0
       0
       1
       0
       0
       0
       0
       0
       1
       0
       0
       0
      24
     203
     257
     281
     294
     291
     268
     321
     322
     319
     344
     284
     335
     346
     373
     365
     356
     338
     375
     382
     357
     388
     366
     422
     379
     428
     409
     409
     444
     419
     443
     458
     422
     461
     445
     452
     425
     396
     409
     376
     387
     399
     393
     387
     329
     396
     333
     368
     359
     351
     357
     369
     347
     321
     328
     320
     340
     363
     363
     354
     391
     344
     354
     338
     335
     352
     333
     325
     324
     346
     338
     334
     344
     318
     358
     370
     319
     338
     346
     336
     322
     336
     325
     329
     282
     306
     258
     249
     258
     259
     225
     231
     185
     189
     193
     192
     187
     168
     139
     153
     156
     171
     165
     189
     166
     187
     191
     197
     209
     223
     250
     236
     255
     276
     299
     298
     327
     347
     397
     450
     557
     625
     709
     843
    1077
    1201
    1307
    1478
    1635
    1675
    1770
    1761
    1694
    1533
    1388
    1196
     963
     779
     604
     446
     340
     202
     132
     104
      49
      27
      25
       7
       8
       7
       4
       4
       1
       4
       5
       3
       6
       1
       1
       1
       5
       4
       1
       1
       3
       1
       4
       2
       3
       3
       3
       5
       4
       2
       5
       1
       1
      10
       2
       3
       4
       3
       4
       3
       2
       2
       3
       2
       1
       1
       2
       8
       2
       2
       7
       3
       3
       1
       1
       1
       6
       4
       1
       1
       2
       1
       2
       4
       2
       1
       2
       3
       2
       0
       2
       1
       3
       2
       2
       1
       1
       0
       2
       0
       2
       0
       1
       2
       0
       0
       3
       3
       1
       1
       1
       1
       3
       4
       3
       0
       0
       0
       2
       1
       1
       1
       2
       1
       1
       1
       3
       3
       2
       2
       2
       3
       0
       3
       2
       1
       1
       2
       1
       0
       2
       1
       0
       2
       3
       1
       2
       2
       1
       1
       1
       3
       3
       1
       4
       1
       1
       0
       3
       0
       1
       1
       1
       3
       1
       2
       0
       1
       4
       0
       1
       2
       1
       0
       5
       1
       3
       1
       1
       4
       1
       2
       1
       0
       3
       1
       0
       0
       0
       1
       0
       3
       1
       0
       3
       1
       0
       0
       1
       0
       0
       0
       2
       0
       1
       1
       5
       0
       0
       1
       1
       0
       1
       0
       0
       1
       0
       1
       0
       0
       1
       0
       0
       0
       2
       0
       1
       0
       0
       1
       0
       0
       1
       1
       1
       0
       0
       2
       0
       0
       0
       1
       0
       2
       0
       0
       0
       0
       1
       0
       0
       1
       0
       0
       0
       0
       0
       1
       0
       3
       0
       1
       0
       0
       0
       0
       1
       0
       0
       0
       0
       0
       0
       1
       0
       0
       2
       0
       0
       0
       0
       0
       1
       0
       0
       0
       1
       0
       0
       0
       1
       1
       1
       0
       0
       0
       0
       0
       0
       0
       1
       0
       0
       1
       0
       0
       0
       0
       0
       0
       0
       0
       0
       1
       1
       0
       1
       0
       0
       0
       1
       0
       1
       0
       0
       0
       0
       0
       0
       0
       0
       0
       0
       1
       0
       0
       0
       0
       0
       1
       1
       0
       0
       0
       0
       0
       0
       0
       0
       0
       0
       0
       0
       0
       0
       0
       0
       0
       0
       0
       0
       0
       0
       0
       0
       0
       0
       0
       0
       0
$ROI:
1
134 170
$PRESETS:
Live Time
300
0
$ENER_FIT:
0.000000 0.000000
$MCA_CAL:
3
0.000000E+000 0.000000E+000 0.000000E+000 
$SHAPE_CAL:
3
0.000000E+000 0.000000E+000 0.000000E+000
