$SPEC_ID:
PRAK02 Easy-MCA-2k SN
$SPEC_REM:
DET# 1
DETDESC# PRAK01 Easy-MCA-2k SN 15071856
AP# Maestro Version 7.01
$DATE_MEA:
01/01/2002 02:04:06
$MEAS_TIM:
160 161
$DATA:
0 511
       0
       0
       0
       0
       0
       0
       0
       0
       0
       0
       0
       0
       1
       0
       1
       0
       0
       0
      27
     228
     282
     291
     249
     285
     296
     301
     322
     282
     325
     363
     331
     306
     376
     366
     330
     357
     346
     364
     388
     361
     371
     372
     398
     427
     418
     423
     413
     446
     432
     406
     418
     395
     396
     390
     401
     357
     385
     368
     382
     375
     352
     399
     357
     360
     378
     368
     357
     375
     380
     329
     358
     377
     286
     347
     310
     317
     297
     300
     332
     292
     295
     343
     302
     306
     318
     323
     323
     292
     291
     307
     318
     286
     295
     282
     300
     267
     321
     291
     264
     259
     264
     272
     283
     265
     247
     240
     246
     211
     188
     178
     190
     195
     164
     192
     203
     205
     206
     244
     236
     306
     285
     340
     338
     401
     397
     419
     442
     417
     484
     462
     454
     451
     452
     500
     516
     517
     579
     629
     650
     733
     796
     952
     977
    1078
    1154
    1286
    1198
    1337
    1215
    1192
    1048
    1055
     779
     693
     509
     432
     283
     219
     140
      74
      76
      36
      24
      10
      12
      11
       8
       6
       1
       6
       3
       3
       1
       3
       5
       4
       1
       6
       4
       1
       2
       2
       1
       4
       4
       0
       7
       2
       2
       7
       3
       0
       2
       2
       1
       2
       2
       1
       1
       1
       1
       4
       4
       8
       0
       3
       3
       2
       1
       0
       0
       3
       1
       3
       4
       1
       1
       3
       4
       1
       3
       0
       2
       3
       2
       4
       1
       4
       0
       3
       1
       0
       1
       1
       1
       1
       1
       0
       0
       2
       2
       3
       4
       0
       1
       2
       2
       3
       2
       1
       2
       1
       1
       1
       0
       3
       2
       1
       0
       3
       3
       1
       0
       2
       1
       1
       0
       1
       3
       2
       1
       0
       0
       2
       0
       2
       2
       3
       3
       1
       0
       1
       0
       0
       0
       1
       0
       1
       3
       0
       4
       0
       2
       1
       2
       1
       0
       3
       1
       2
       2
       2
       2
       3
       1
       2
       1
       1
       1
       1
       2
       1
       2
       1
       0
       2
       1
       0
       2
       3
       1
       3
       1
       0
       0
       0
       0
       0
       0
       0
       0
       1
       1
       0
       1
       2
       1
       1
       1
       0
       0
       0
       0
       1
       0
       1
       2
       0
       1
       0
       1
       0
       0
       0
       0
       0
       0
       0
       0
       0
       0
       0
       0
       0
       1
       0
       1
       1
       0
       0
       0
       0
       1
       0
       0
       0
       1
       0
       1
       0
       1
       0
       0
       1
       0
       1
       1
       0
       0
       1
       0
       0
       1
       1
       1
       0
       0
       0
       1
       0
       0
       0
       0
       1
       0
       1
       1
       0
       0
       0
       0
       0
       0
       0
       0
       0
       1
       0
       0
       0
       0
       0
       0
       0
       0
       1
       0
       1
       0
       0
       0
       0
       0
       1
       0
       0
       0
       0
       0
       0
       0
       0
       0
       0
       0
       0
       0
       0
       0
       0
       0
       0
       0
       0
       0
       1
       1
       0
       0
       1
       1
       0
       0
       1
       0
       1
       0
       1
       0
       0
       0
       0
       1
       0
       0
       0
       0
       0
       0
       0
       1
       0
       1
       1
       0
       0
       0
       0
       0
       0
       0
       0
       0
       0
       0
       0
       0
       0
       0
       0
       0
       0
       0
       0
       0
       0
       0
       0
       0
       0
       0
       0
$ROI:
1
134 170
$PRESETS:
Live Time
300
0
$ENER_FIT:
0.000000 0.000000
$MCA_CAL:
3
0.000000E+000 0.000000E+000 0.000000E+000 
$SHAPE_CAL:
3
0.000000E+000 0.000000E+000 0.000000E+000
