$SPEC_ID:
PRAK02 Easy-MCA-2k SN
$SPEC_REM:
DET# 1
DETDESC# PRAK01 Easy-MCA-2k SN 15071856
AP# Maestro Version 7.01
$DATE_MEA:
01/01/2002 02:08:06
$MEAS_TIM:
198 199
$DATA:
0 511
       0
       0
       0
       0
       0
       1
       0
       0
       0
       0
       1
       1
       0
       1
       1
       1
       0
       1
      26
     259
     286
     290
     297
     318
     297
     301
     337
     312
     344
     304
     362
     361
     361
     405
     369
     366
     397
     401
     422
     402
     454
     425
     408
     410
     447
     473
     451
     480
     428
     488
     426
     434
     463
     444
     434
     422
     395
     392
     390
     396
     384
     372
     398
     366
     362
     354
     373
     352
     357
     404
     360
     368
     337
     355
     359
     378
     342
     345
     324
     349
     342
     357
     358
     311
     347
     353
     355
     376
     353
     367
     362
     361
     361
     354
     359
     371
     351
     322
     314
     311
     302
     320
     299
     287
     290
     255
     258
     244
     229
     185
     198
     191
     182
     157
     159
     144
     144
     152
     129
     133
     134
     145
     134
     166
     143
     154
     120
     170
     182
     185
     237
     277
     300
     367
     446
     519
     641
     735
     812
     948
    1042
    1163
    1353
    1454
    1527
    1663
    1805
    1749
    1743
    1662
    1621
    1473
    1339
    1073
     899
     735
     575
     410
     295
     227
     119
      87
      53
      27
      14
      23
       9
      10
       3
       3
       6
       2
       4
       6
       2
       3
       5
       8
       7
       3
       1
       0
       4
       4
       5
       4
       2
       1
       2
       3
       4
       2
       0
       2
       2
       3
       1
       2
       2
       5
       0
       4
       4
       2
       4
       2
       9
       4
       0
       2
       2
       3
       2
       3
       3
       2
       1
       5
       3
       4
       4
       1
       4
       5
       2
       2
       1
       1
       4
       1
       1
       3
       3
       2
       7
       2
       0
       3
       2
       1
       1
       1
       0
       2
       2
       4
       6
       3
       1
       1
       3
       3
       2
       3
       2
       1
       1
       1
       3
       1
       1
       1
       6
       0
       0
       0
       2
       1
       1
       2
       0
       1
       3
       0
       2
       1
       1
       1
       3
       0
       1
       1
       2
       1
       1
       0
       0
       3
       1
       0
       1
       0
       3
       1
       0
       2
       2
       0
       4
       1
       4
       2
       0
       0
       1
       4
       0
       3
       1
       2
       4
       1
       1
       3
       3
       0
       1
       2
       4
       1
       1
       1
       0
       0
       3
       1
       2
       0
       0
       1
       1
       0
       1
       0
       2
       0
       0
       0
       0
       1
       0
       1
       0
       2
       1
       0
       1
       1
       0
       0
       0
       0
       1
       1
       0
       1
       1
       2
       0
       0
       1
       1
       0
       0
       1
       0
       1
       0
       1
       0
       1
       1
       2
       1
       1
       0
       0
       1
       0
       0
       0
       0
       0
       1
       1
       0
       0
       1
       0
       0
       0
       0
       1
       0
       1
       0
       0
       0
       0
       0
       1
       1
       0
       0
       0
       0
       1
       0
       1
       1
       0
       1
       0
       0
       1
       0
       0
       0
       0
       0
       0
       1
       0
       2
       0
       0
       1
       0
       0
       0
       0
       0
       2
       0
       1
       0
       0
       0
       0
       0
       0
       0
       0
       0
       0
       0
       0
       0
       0
       1
       0
       1
       0
       0
       0
       0
       0
       1
       0
       0
       0
       0
       1
       1
       1
       1
       0
       0
       1
       0
       0
       0
       0
       0
       0
       0
       0
       0
       0
       0
       0
       0
       0
       0
       0
       0
       0
       0
       0
       0
       0
       0
       0
       0
       0
       0
       0
       0
       0
       0
       0
       0
       0
       0
       0
       0
       0
       0
       0
       0
       0
       0
$ROI:
1
134 170
$PRESETS:
Live Time
300
0
$ENER_FIT:
0.000000 0.000000
$MCA_CAL:
3
0.000000E+000 0.000000E+000 0.000000E+000 
$SHAPE_CAL:
3
0.000000E+000 0.000000E+000 0.000000E+000
