$SPEC_ID:
PRAK02 Easy-MCA-2k SN
$SPEC_REM:
DET# 1
DETDESC# PRAK01 Easy-MCA-2k SN 15071856
AP# Maestro Version 7.01
$DATE_MEA:
01/01/2002 01:47:11
$MEAS_TIM:
147 148
$DATA:
0 511
       0
       0
       0
       0
       0
       0
       0
       0
       0
       0
       0
       0
       0
       0
       2
       0
       0
       1
      11
     199
     190
     227
     240
     210
     222
     248
     241
     260
     230
     272
     256
     288
     291
     293
     310
     286
     274
     286
     311
     290
     305
     297
     308
     302
     372
     320
     342
     356
     366
     368
     384
     332
     342
     341
     340
     335
     308
     313
     313
     306
     306
     292
     295
     307
     321
     287
     278
     288
     258
     285
     248
     293
     277
     283
     254
     248
     308
     282
     262
     266
     260
     251
     257
     280
     260
     259
     261
     291
     256
     275
     261
     257
     268
     268
     261
     260
     260
     265
     264
     306
     254
     259
     220
     251
     262
     229
     185
     201
     181
     172
     169
     160
     129
     161
     120
     118
     143
     119
     121
     122
     126
     139
     125
     139
     130
     148
     161
     148
     155
     158
     136
     164
     147
     179
     179
     219
     229
     283
     343
     414
     561
     657
     710
     933
    1111
    1177
    1282
    1441
    1462
    1569
    1513
    1419
    1369
    1171
    1068
     950
     722
     579
     427
     284
     197
     128
      95
      54
      39
      19
      12
       8
       5
       9
       7
       6
       6
       5
       2
       3
       5
       2
       3
       3
       0
       1
       3
       0
       0
       3
       5
       1
       3
       0
       1
       1
       2
       3
       4
       3
       4
       5
       2
       3
       3
       3
       7
       1
       3
       4
       3
       4
       5
       3
       0
       3
       2
       1
       3
       1
       1
       4
       4
       2
       2
       0
       2
       1
       0
       2
       2
       3
       0
       1
       0
       1
       1
       3
       3
       0
       3
       3
       2
       2
       2
       2
       2
       2
       0
       3
       2
       0
       2
       3
       1
       2
       0
       0
       3
       0
       2
       0
       2
       1
       3
       1
       1
       0
       1
       4
       1
       3
       0
       0
       0
       3
       2
       0
       1
       0
       4
       0
       1
       0
       2
       1
       0
       1
       2
       1
       0
       0
       0
       1
       1
       0
       0
       0
       0
       0
       0
       0
       0
       0
       0
       1
       0
       0
       1
       1
       0
       1
       0
       4
       3
       1
       1
       2
       2
       3
       1
       0
       0
       3
       4
       2
       1
       3
       1
       0
       1
       2
       0
       1
       0
       2
       1
       0
       1
       1
       0
       0
       1
       0
       1
       1
       0
       1
       0
       0
       0
       0
       0
       0
       0
       0
       0
       0
       0
       0
       0
       0
       0
       0
       0
       0
       0
       0
       0
       2
       0
       0
       0
       1
       1
       0
       0
       1
       0
       1
       1
       0
       0
       0
       0
       0
       0
       0
       0
       0
       1
       1
       1
       1
       0
       0
       0
       0
       0
       0
       0
       0
       0
       0
       0
       0
       0
       0
       0
       0
       1
       1
       0
       0
       0
       0
       0
       1
       0
       0
       0
       2
       0
       0
       0
       0
       0
       0
       0
       0
       0
       0
       1
       1
       0
       0
       1
       0
       0
       0
       0
       1
       1
       0
       0
       0
       0
       0
       0
       0
       0
       1
       0
       0
       1
       0
       0
       0
       0
       0
       0
       0
       1
       0
       0
       1
       0
       0
       0
       0
       0
       0
       0
       0
       0
       0
       0
       1
       0
       0
       0
       0
       0
       0
       0
       0
       0
       0
       0
       0
       0
       0
       0
       0
       0
       0
       0
       0
       0
       0
       0
       0
       0
       0
       0
       0
       0
       0
       0
       0
       0
       0
       0
       0
       0
       0
$ROI:
1
134 170
$PRESETS:
Live Time
300
0
$ENER_FIT:
0.000000 0.000000
$MCA_CAL:
3
0.000000E+000 0.000000E+000 0.000000E+000 
$SHAPE_CAL:
3
0.000000E+000 0.000000E+000 0.000000E+000
