$SPEC_ID:
PRAK02 Easy-MCA-2k SN
$SPEC_REM:
DET# 1
DETDESC# PRAK01 Easy-MCA-2k SN 15071856
AP# Maestro Version 7.01
$DATE_MEA:
01/01/2002 01:50:33
$MEAS_TIM:
98 99
$DATA:
0 511
       0
       0
       0
       0
       0
       0
       0
       0
       0
       0
       0
       0
       0
       0
       0
       0
       0
       0
       8
     139
     135
     132
     156
     159
     147
     145
     169
     145
     152
     184
     178
     157
     185
     170
     164
     197
     185
     191
     232
     179
     191
     193
     209
     208
     211
     204
     223
     237
     227
     245
     224
     223
     209
     205
     211
     209
     232
     197
     213
     211
     215
     190
     168
     169
     186
     184
     210
     200
     176
     183
     183
     158
     173
     185
     180
     172
     165
     191
     172
     175
     159
     164
     170
     188
     186
     197
     170
     186
     174
     192
     187
     165
     173
     157
     173
     199
     190
     176
     195
     187
     166
     185
     166
     187
     145
     163
     168
     151
     127
     127
     130
     114
      89
      87
      88
      78
      79
      62
      69
      73
      65
      62
      65
      76
      76
      69
      73
      68
      78
      70
      82
      62
      61
      69
      93
      86
      78
      94
      98
     143
     162
     186
     276
     349
     436
     567
     639
     799
     913
    1088
    1138
    1183
    1185
    1096
    1095
     937
     796
     679
     532
     391
     289
     203
     136
      78
      52
      30
      16
      14
       6
       4
       3
       4
       6
       0
       2
       2
       4
       3
       0
       2
       0
       3
       4
       1
       2
       1
       0
       0
       2
       0
       3
       0
       3
       2
       3
       1
       1
       1
       0
       2
       0
       0
       3
       2
       2
       0
       3
       3
       3
       3
       2
       0
       2
       2
       2
       2
       1
       1
       2
       2
       1
       0
       3
       1
       2
       0
       0
       2
       3
       1
       3
       1
       0
       1
       0
       2
       0
       1
       0
       0
       3
       2
       0
       1
       0
       0
       1
       1
       0
       1
       2
       1
       2
       0
       0
       1
       1
       2
       2
       1
       0
       0
       1
       0
       4
       0
       2
       1
       2
       1
       0
       1
       0
       1
       0
       2
       0
       0
       1
       0
       0
       0
       0
       2
       0
       0
       0
       0
       2
       4
       1
       0
       1
       1
       2
       1
       2
       0
       0
       1
       0
       0
       0
       1
       0
       0
       1
       2
       1
       1
       0
       0
       2
       3
       0
       1
       0
       1
       1
       2
       0
       3
       0
       0
       2
       0
       2
       1
       1
       1
       0
       0
       1
       0
       0
       0
       1
       0
       0
       0
       0
       0
       0
       0
       0
       2
       0
       0
       0
       1
       1
       1
       0
       0
       0
       0
       1
       0
       0
       0
       0
       0
       0
       0
       0
       0
       0
       0
       0
       1
       0
       0
       0
       1
       0
       0
       1
       0
       0
       0
       0
       1
       1
       0
       1
       0
       0
       0
       0
       1
       0
       2
       0
       1
       0
       2
       0
       0
       0
       0
       1
       0
       0
       0
       0
       0
       0
       0
       1
       1
       1
       0
       0
       0
       0
       0
       0
       0
       0
       0
       0
       0
       0
       0
       1
       1
       0
       0
       0
       0
       0
       0
       0
       0
       0
       0
       0
       0
       0
       0
       0
       0
       0
       0
       0
       0
       0
       0
       0
       1
       0
       0
       0
       1
       0
       0
       0
       0
       1
       0
       1
       0
       1
       0
       0
       0
       0
       0
       0
       0
       0
       0
       1
       0
       0
       0
       0
       0
       0
       0
       0
       1
       1
       0
       0
       0
       0
       0
       0
       0
       0
       0
       0
       0
       0
       0
       0
       0
       0
       0
       0
       0
       0
       0
       0
       0
       0
       0
       0
       0
       0
       0
$ROI:
1
134 170
$PRESETS:
Live Time
300
0
$ENER_FIT:
0.000000 0.000000
$MCA_CAL:
3
0.000000E+000 0.000000E+000 0.000000E+000 
$SHAPE_CAL:
3
0.000000E+000 0.000000E+000 0.000000E+000
