$SPEC_ID:
PRAK02 Easy-MCA-2k SN
$SPEC_REM:
DET# 1
DETDESC# PRAK01 Easy-MCA-2k SN 15071856
AP# Maestro Version 7.01
$DATE_MEA:
01/01/2002 01:54:16
$MEAS_TIM:
149 150
$DATA:
0 511
       0
       0
       0
       0
       0
       0
       0
       0
       0
       1
       0
       0
       0
       0
       0
       0
       0
       0
      16
     198
     228
     235
     224
     226
     226
     223
     216
     231
     253
     242
     271
     250
     281
     289
     305
     275
     279
     287
     310
     331
     325
     285
     304
     347
     315
     326
     311
     345
     350
     369
     357
     347
     313
     365
     374
     337
     326
     354
     340
     290
     301
     290
     296
     300
     270
     286
     285
     289
     290
     270
     279
     281
     240
     287
     272
     277
     286
     281
     289
     258
     248
     256
     244
     285
     261
     247
     270
     283
     271
     286
     239
     264
     279
     281
     262
     293
     275
     255
     274
     265
     267
     235
     254
     268
     271
     261
     241
     243
     219
     231
     198
     192
     145
     162
     167
     120
     134
     126
     112
     132
     110
      97
     113
     103
     124
     112
     118
      97
     107
     108
     105
      97
     103
      99
     105
     122
     126
     128
     162
     209
     266
     269
     419
     498
     647
     780
     960
    1099
    1289
    1392
    1541
    1621
    1696
    1731
    1593
    1439
    1285
    1053
     881
     698
     548
     397
     286
     188
     119
      65
      47
      35
       9
       9
      12
       6
       1
       3
       4
       4
       3
       3
       3
       1
       5
       0
       0
       2
       6
       2
       2
       1
       1
       3
       4
       2
       2
       3
       3
       3
       1
       4
       3
       4
       4
       3
       0
       2
       3
       5
       4
       2
       1
       1
       4
       3
       3
       1
       1
       1
       2
       2
       4
       1
       4
       6
       2
       3
       2
       3
       5
       2
       2
       5
       1
       2
       1
       3
       0
       0
       3
       2
       1
       0
       0
       1
       1
       1
       1
       2
       0
       1
       1
       2
       0
       0
       3
       2
       0
       4
       1
       2
       0
       2
       1
       0
       0
       0
       2
       5
       3
       1
       1
       0
       1
       3
       2
       0
       1
       3
       1
       2
       0
       1
       3
       0
       0
       0
       0
       0
       3
       2
       1
       0
       1
       0
       1
       2
       2
       0
       1
       1
       0
       2
       0
       1
       3
       0
       0
       2
       1
       2
       0
       3
       1
       2
       4
       1
       2
       1
       2
       2
       3
       3
       3
       2
       0
       1
       1
       1
       0
       1
       3
       0
       2
       0
       2
       0
       2
       1
       1
       2
       0
       0
       0
       1
       1
       0
       0
       0
       0
       0
       2
       1
       1
       2
       1
       0
       1
       0
       1
       1
       0
       0
       0
       1
       0
       0
       1
       1
       0
       1
       1
       0
       0
       0
       0
       1
       1
       0
       0
       1
       0
       0
       0
       0
       2
       0
       1
       0
       1
       0
       0
       0
       0
       0
       0
       0
       0
       1
       0
       0
       0
       0
       0
       0
       0
       0
       0
       1
       1
       0
       0
       0
       0
       0
       0
       1
       0
       1
       0
       1
       0
       0
       0
       0
       0
       0
       0
       1
       0
       0
       0
       0
       0
       0
       0
       1
       0
       0
       0
       0
       0
       0
       0
       0
       0
       0
       1
       0
       0
       0
       0
       0
       0
       0
       0
       0
       0
       0
       0
       0
       1
       0
       1
       0
       0
       0
       0
       0
       0
       0
       0
       1
       0
       0
       1
       1
       0
       0
       0
       0
       0
       1
       0
       0
       1
       0
       0
       0
       0
       0
       0
       0
       0
       0
       0
       0
       0
       0
       0
       0
       0
       0
       0
       0
       0
       0
       0
       0
       0
       0
       0
       0
       0
       0
$ROI:
1
134 170
$PRESETS:
Live Time
300
0
$ENER_FIT:
0.000000 0.000000
$MCA_CAL:
3
0.000000E+000 0.000000E+000 0.000000E+000 
$SHAPE_CAL:
3
0.000000E+000 0.000000E+000 0.000000E+000
