$SPEC_ID:
PRAK02 Easy-MCA-2k SN
$SPEC_REM:
DET# 1
DETDESC# PRAK01 Easy-MCA-2k SN 15071856
AP# Maestro Version 7.01
$DATE_MEA:
01/01/2002 01:57:26
$MEAS_TIM:
141 141
$DATA:
0 511
       0
       0
       0
       0
       0
       0
       0
       0
       0
       0
       0
       0
       1
       0
       0
       0
       0
       0
      18
     155
     219
     202
     200
     204
     231
     220
     215
     230
     246
     254
     245
     243
     276
     276
     261
     254
     276
     272
     271
     330
     273
     270
     300
     310
     305
     318
     322
     340
     309
     342
     332
     321
     374
     344
     323
     301
     297
     302
     316
     300
     334
     271
     314
     292
     281
     254
     294
     278
     287
     258
     251
     280
     266
     280
     283
     261
     293
     274
     251
     255
     263
     255
     256
     258
     262
     267
     256
     260
     260
     259
     262
     270
     243
     285
     254
     246
     238
     267
     274
     271
     234
     248
     231
     227
     223
     256
     220
     218
     163
     184
     159
     153
     126
     141
     108
     123
     113
     107
     107
     102
     101
     107
     106
      99
      94
     123
     123
     126
     151
     161
     149
     162
     160
     156
     171
     211
     241
     272
     360
     396
     478
     546
     638
     820
     910
    1036
    1245
    1326
    1363
    1436
    1394
    1477
    1343
    1248
    1163
    1011
     811
     672
     485
     403
     251
     177
     128
      72
      69
      37
      17
      14
       8
       7
       5
       4
       7
       4
       5
       0
       2
       0
       3
       1
       2
       1
       1
       5
       2
       1
       3
       1
       2
       2
       4
       0
       6
       2
       4
       1
       2
       1
       1
       2
       0
       2
       3
       3
       1
       1
       1
       2
       4
       3
       3
       3
       1
       2
       4
       2
       2
       5
       1
       6
       0
       4
       1
       0
       1
       2
       2
       2
       2
       1
       0
       2
       2
       2
       2
       2
       2
       0
       2
       1
       4
       3
       2
       1
       2
       4
       2
       3
       2
       0
       2
       1
       1
       4
       0
       2
       4
       1
       3
       1
       0
       0
       1
       1
       1
       1
       0
       1
       3
       1
       0
       2
       0
       1
       0
       3
       3
       0
       1
       0
       0
       1
       0
       0
       1
       0
       0
       0
       2
       2
       2
       1
       0
       0
       1
       0
       1
       0
       0
       1
       1
       1
       1
       1
       2
       3
       0
       0
       1
       2
       1
       2
       1
       3
       4
       2
       0
       2
       0
       1
       2
       2
       0
       1
       1
       2
       4
       3
       1
       0
       0
       1
       1
       0
       1
       1
       0
       0
       0
       0
       1
       1
       0
       0
       1
       1
       0
       0
       1
       0
       0
       1
       0
       1
       1
       0
       0
       0
       1
       1
       0
       1
       0
       0
       1
       1
       1
       0
       0
       1
       0
       0
       1
       0
       0
       0
       0
       0
       0
       0
       0
       0
       1
       1
       0
       0
       0
       2
       0
       0
       0
       0
       0
       1
       1
       0
       1
       0
       1
       0
       0
       1
       0
       0
       0
       0
       0
       1
       1
       1
       0
       0
       0
       1
       0
       0
       1
       0
       0
       0
       0
       0
       0
       0
       0
       0
       0
       0
       0
       0
       0
       0
       0
       0
       0
       0
       0
       0
       2
       0
       0
       0
       0
       0
       0
       2
       0
       2
       0
       0
       0
       1
       0
       0
       1
       0
       0
       2
       1
       0
       0
       0
       1
       0
       1
       0
       0
       0
       0
       0
       0
       0
       0
       0
       0
       0
       2
       0
       0
       0
       0
       0
       0
       0
       0
       0
       0
       0
       0
       0
       0
       0
       0
       0
       0
       0
       0
       0
       0
       0
       0
       0
       0
       0
       0
       0
       0
       0
       0
       0
       0
       0
$ROI:
1
134 170
$PRESETS:
Live Time
300
0
$ENER_FIT:
0.000000 0.000000
$MCA_CAL:
3
0.000000E+000 0.000000E+000 0.000000E+000 
$SHAPE_CAL:
3
0.000000E+000 0.000000E+000 0.000000E+000
