$SPEC_ID:
PRAK02 Easy-MCA-2k SN
$SPEC_REM:
DET# 1
DETDESC# PRAK01 Easy-MCA-2k SN 15071856
AP# Maestro Version 7.01
$DATE_MEA:
01/01/2002 02:00:19
$MEAS_TIM:
123 124
$DATA:
0 511
       0
       0
       0
       0
       0
       0
       0
       0
       0
       0
       0
       0
       1
       0
       0
       0
       0
       0
      21
     166
     175
     194
     218
     203
     190
     222
     217
     201
     200
     232
     228
     207
     214
     244
     265
     256
     236
     242
     264
     240
     271
     266
     275
     256
     260
     276
     273
     315
     292
     318
     304
     282
     306
     296
     273
     288
     239
     273
     271
     260
     249
     274
     240
     253
     263
     222
     243
     218
     256
     233
     213
     231
     192
     221
     202
     239
     221
     234
     236
     236
     234
     215
     214
     244
     212
     229
     211
     209
     236
     213
     214
     188
     202
     240
     227
     235
     231
     210
     260
     237
     240
     209
     197
     194
     204
     206
     174
     176
     129
     146
     119
     140
     116
     113
      92
     115
      84
      92
      96
      88
     105
      83
      92
      83
     103
      96
      97
      92
      95
     102
      86
     122
     129
     154
     192
     216
     212
     273
     326
     419
     481
     614
     713
     873
    1016
    1245
    1240
    1378
    1417
    1374
    1380
    1254
    1080
     970
     748
     579
     462
     343
     222
     166
      99
      64
      33
      24
      20
      10
       6
       8
       1
       4
       4
       1
       1
       3
       0
       3
       1
       1
       1
       3
       7
       2
       1
       4
       5
       4
       1
       7
       0
       3
       0
       1
       3
       1
       2
       4
       1
       2
       0
       1
       2
       3
       2
       2
       1
       1
       2
       0
       2
       3
       0
       3
       0
       2
       0
       3
       2
       1
       3
       1
       2
       1
       0
       0
       4
       3
       2
       1
       3
       2
       2
       0
       2
       1
       0
       4
       1
       0
       3
       2
       1
       0
       0
       1
       2
       1
       0
       2
       2
       1
       4
       1
       1
       0
       1
       0
       2
       1
       2
       1
       0
       0
       1
       1
       0
       2
       1
       1
       0
       1
       0
       0
       1
       1
       0
       1
       2
       0
       0
       2
       1
       1
       1
       1
       0
       0
       2
       1
       1
       2
       0
       0
       0
       0
       2
       1
       0
       2
       0
       2
       0
       4
       1
       0
       2
       1
       0
       1
       2
       2
       1
       4
       1
       2
       1
       5
       0
       1
       5
       2
       0
       1
       2
       0
       0
       1
       1
       0
       1
       2
       0
       0
       0
       0
       0
       0
       0
       0
       0
       0
       1
       1
       0
       1
       0
       2
       0
       1
       0
       0
       0
       1
       0
       0
       0
       0
       0
       0
       0
       1
       1
       0
       0
       0
       1
       2
       2
       1
       0
       1
       1
       0
       1
       0
       0
       1
       1
       0
       0
       0
       0
       1
       1
       0
       0
       0
       0
       1
       0
       1
       0
       0
       1
       1
       0
       0
       0
       0
       1
       0
       0
       0
       0
       0
       0
       0
       1
       0
       0
       1
       0
       0
       0
       0
       0
       0
       1
       0
       1
       1
       0
       0
       0
       0
       0
       0
       1
       1
       0
       0
       0
       0
       0
       0
       0
       1
       0
       0
       0
       0
       0
       0
       0
       0
       0
       1
       0
       0
       0
       0
       0
       0
       0
       0
       0
       1
       0
       0
       0
       0
       0
       0
       0
       0
       2
       1
       0
       0
       0
       1
       0
       0
       0
       0
       0
       0
       1
       0
       0
       0
       0
       0
       0
       1
       0
       0
       0
       0
       0
       0
       0
       0
       0
       0
       0
       0
       0
       0
       0
       0
       0
       0
       0
       0
       0
       0
       0
       0
       0
       0
       0
       0
$ROI:
1
134 170
$PRESETS:
Live Time
300
0
$ENER_FIT:
0.000000 0.000000
$MCA_CAL:
3
0.000000E+000 0.000000E+000 0.000000E+000 
$SHAPE_CAL:
3
0.000000E+000 0.000000E+000 0.000000E+000
