$SPEC_ID:
PRAK02 Easy-MCA-2k SN
$SPEC_REM:
DET# 1
DETDESC# PRAK01 Easy-MCA-2k SN 15071856
AP# Maestro Version 7.01
$DATE_MEA:
01/01/2002 02:16:52
$MEAS_TIM:
170 171
$DATA:
0 511
       0
       0
       0
       1
       0
       1
       0
       0
       1
       0
       1
       0
       1
       0
       0
       0
       4
       1
      16
     333
     356
     320
     329
     342
     344
     335
     344
     346
     350
     343
     357
     375
     349
     351
     384
     352
     396
     383
     405
     399
     409
     368
     426
     444
     429
     432
     431
     464
     442
     438
     398
     421
     381
     451
     410
     408
     390
     382
     383
     340
     380
     372
     361
     377
     407
     416
     434
     413
     401
     405
     359
     384
     352
     386
     336
     348
     349
     333
     333
     279
     337
     338
     333
     320
     326
     308
     329
     330
     328
     295
     328
     295
     290
     285
     299
     291
     283
     294
     283
     256
     266
     307
     256
     252
     232
     206
     229
     216
     231
     221
     192
     201
     188
     224
     195
     211
     233
     223
     269
     259
     309
     287
     327
     348
     360
     349
     378
     353
     429
     421
     458
     511
     531
     541
     556
     562
     588
     666
     643
     620
     706
     721
     741
     830
     919
     963
    1051
    1055
    1094
    1069
    1059
    1032
     951
     885
     792
     667
     575
     425
     385
     297
     230
     157
      92
      61
      25
      23
      26
      13
       9
       4
       6
       4
       2
       3
       3
       2
       1
       5
       4
       1
       7
       3
       1
       5
       1
       2
       1
       4
       1
       1
       2
       6
       1
       4
       0
       2
       3
       2
       6
       3
       4
       6
       3
       4
       1
       1
       0
       1
       8
       2
       3
       3
       4
       3
       0
       1
       3
       5
       5
       3
       2
       1
       2
       8
       0
       4
       2
       2
       3
       2
       0
       6
       3
       0
       1
       6
       0
       4
       1
       1
       0
       2
       0
       4
       1
       1
       4
       2
       0
       2
       1
       3
       3
       2
       0
       2
       2
       0
       1
       2
       1
       1
       1
       2
       2
       2
       0
       2
       0
       2
       0
       0
       1
       0
       2
       2
       1
       1
       0
       1
       2
       3
       0
       2
       3
       0
       0
       0
       2
       0
       2
       1
       1
       1
       1
       2
       0
       3
       0
       2
       2
       1
       1
       3
       1
       1
       1
       3
       1
       1
       2
       1
       2
       0
       1
       2
       0
       1
       0
       2
       2
       0
       0
       0
       3
       1
       1
       1
       2
       1
       0
       1
       0
       0
       0
       1
       0
       0
       0
       0
       2
       0
       0
       2
       1
       0
       0
       1
       4
       0
       0
       0
       0
       0
       0
       0
       1
       0
       0
       2
       0
       1
       0
       0
       0
       0
       0
       1
       0
       1
       0
       0
       2
       0
       1
       0
       0
       1
       0
       0
       0
       0
       0
       0
       0
       0
       0
       0
       0
       0
       1
       1
       1
       0
       0
       0
       0
       0
       0
       2
       0
       0
       0
       0
       0
       2
       1
       0
       0
       0
       0
       0
       0
       1
       0
       0
       1
       0
       0
       0
       2
       0
       0
       0
       0
       0
       0
       0
       0
       0
       0
       0
       0
       0
       0
       0
       1
       0
       1
       0
       0
       0
       0
       0
       0
       1
       0
       0
       0
       0
       2
       0
       0
       0
       0
       0
       0
       0
       0
       0
       1
       1
       0
       0
       0
       0
       0
       0
       0
       2
       0
       0
       0
       0
       0
       0
       0
       0
       1
       2
       0
       1
       0
       0
       0
       0
       0
       0
       0
       0
       0
       0
       0
       0
       0
       0
       0
       0
       0
       0
       0
       0
       0
       0
       0
       0
       0
       0
       0
       0
       0
       0
$ROI:
1
134 170
$PRESETS:
Live Time
300
0
$ENER_FIT:
0.000000 0.000000
$MCA_CAL:
3
0.000000E+000 0.000000E+000 0.000000E+000 
$SHAPE_CAL:
3
0.000000E+000 0.000000E+000 0.000000E+000
