$SPEC_ID:
PRAK02 Easy-MCA-2k SN
$SPEC_REM:
DET# 1
DETDESC# PRAK01 Easy-MCA-2k SN 15071856
AP# Maestro Version 7.01
$DATE_MEA:
01/01/2002 02:23:18
$MEAS_TIM:
93 94
$DATA:
0 511
       0
       0
       0
       0
       0
       0
       0
       0
       0
       0
       0
       0
       0
       0
       0
       0
       0
       0
      16
     120
     132
     170
     129
     157
     150
     151
     169
     161
     146
     161
     200
     156
     189
     184
     170
     203
     205
     194
     182
     209
     221
     199
     213
     225
     208
     212
     215
     190
     249
     226
     263
     202
     233
     191
     233
     236
     202
     199
     209
     209
     225
     204
     198
     169
     192
     203
     185
     179
     191
     185
     158
     176
     184
     164
     172
     161
     153
     181
     173
     183
     164
     170
     152
     191
     172
     167
     161
     154
     188
     164
     192
     162
     166
     178
     194
     168
     171
     192
     190
     168
     151
     147
     187
     173
     160
     132
     157
     143
     120
     112
     113
      98
      88
      75
      73
      74
      76
      73
      82
      74
      51
      70
      87
      54
      66
      64
      63
      75
      60
      77
      68
      70
      70
      76
      67
     116
     115
     106
     155
     182
     302
     360
     379
     527
     651
     795
     934
    1002
    1051
    1126
    1126
    1073
     972
     896
     819
     634
     486
     362
     264
     180
     129
      75
      48
      34
      18
      14
       4
       5
       5
       4
       5
       4
       0
       0
       3
       3
       1
       1
       0
       0
       0
       3
       4
       0
       2
       1
       2
       3
       2
       1
       0
       1
       1
       2
       1
       0
       0
       1
       2
       4
       2
       1
       4
       1
       1
       3
       2
       2
       3
       1
       2
       0
       4
       1
       1
       1
       0
       0
       2
       2
       0
       3
       1
       0
       0
       2
       0
       1
       1
       1
       0
       2
       2
       3
       4
       0
       1
       0
       0
       0
       1
       0
       1
       0
       2
       0
       1
       1
       1
       0
       1
       5
       3
       1
       1
       1
       2
       1
       2
       2
       1
       0
       1
       4
       0
       1
       1
       0
       2
       1
       0
       3
       0
       0
       1
       1
       0
       2
       2
       0
       1
       0
       1
       0
       1
       1
       0
       1
       1
       1
       2
       2
       0
       1
       0
       2
       0
       1
       0
       1
       2
       1
       2
       1
       0
       0
       0
       2
       1
       1
       1
       2
       2
       1
       0
       1
       1
       0
       0
       1
       0
       0
       0
       2
       0
       1
       0
       0
       0
       0
       1
       0
       0
       0
       0
       0
       0
       1
       0
       1
       0
       0
       1
       0
       0
       2
       0
       0
       0
       0
       0
       0
       0
       0
       0
       0
       1
       0
       0
       0
       0
       0
       0
       1
       0
       1
       1
       1
       0
       0
       0
       0
       0
       1
       0
       0
       1
       1
       1
       0
       0
       0
       0
       0
       1
       0
       0
       0
       0
       0
       0
       0
       1
       0
       0
       0
       0
       0
       0
       0
       0
       0
       1
       0
       0
       0
       0
       0
       0
       0
       2
       0
       0
       0
       0
       0
       0
       0
       1
       0
       0
       0
       0
       0
       0
       0
       0
       0
       0
       0
       0
       0
       0
       2
       1
       0
       0
       0
       0
       0
       1
       0
       2
       0
       1
       0
       1
       0
       0
       0
       0
       0
       0
       0
       0
       0
       0
       0
       0
       0
       0
       0
       1
       0
       1
       0
       0
       0
       1
       0
       1
       0
       0
       0
       0
       0
       0
       0
       0
       0
       0
       0
       0
       0
       0
       0
       0
       0
       0
       0
       0
       0
       0
       0
       0
       0
       0
       0
       0
       0
       0
       0
       0
       0
       0
       0
       0
       0
       0
       0
       0
       0
$ROI:
1
134 170
$PRESETS:
Live Time
300
0
$ENER_FIT:
0.000000 0.000000
$MCA_CAL:
3
0.000000E+000 0.000000E+000 0.000000E+000 
$SHAPE_CAL:
3
0.000000E+000 0.000000E+000 0.000000E+000
