$SPEC_ID:
PRAK02 Easy-MCA-2k SN
$SPEC_REM:
DET# 1
DETDESC# PRAK01 Easy-MCA-2k SN 15071856
AP# Maestro Version 7.01
$DATE_MEA:
01/01/2002 02:54:28
$MEAS_TIM:
300 301
$DATA:
0 511
       0
       0
       0
       0
       0
       0
       0
       0
       0
       0
       0
       0
       0
       0
       0
       0
       0
       0
       3
      26
      35
      31
      35
      32
      40
      46
      41
      46
      55
      47
      51
      81
      69
      77
      76
      87
      59
      76
      84
      67
      89
      79
      91
      77
      95
      86
     100
      96
      71
      90
      76
      97
      85
      67
      70
      68
      67
      60
      57
      78
      58
      53
      54
      54
      50
      55
      55
      46
      40
      47
      47
      53
      51
      35
      37
      33
      32
      43
      48
      46
      29
      32
      30
      29
      40
      38
      30
      35
      21
      23
      23
      28
      26
      32
      35
      26
      20
      25
      27
      18
      24
      29
      28
      27
      28
      18
      18
      16
      16
      18
       9
      10
      16
      19
      21
      12
      18
      16
      22
      14
      16
      15
      27
      16
      16
      15
       8
      18
      19
      23
      14
      12
      12
       8
      11
      17
      14
      16
      12
      13
      15
      20
      18
      24
      42
      25
      54
      48
      46
      68
      77
      66
      57
      50
      52
      50
      37
      33
      22
      30
       8
      12
       4
       4
       6
       8
       7
      13
       6
       4
       5
       4
       2
       6
       5
       7
       3
       4
       8
       5
       8
       2
       4
       1
       6
       4
       4
       5
       4
       3
       5
       9
       1
       6
       3
       7
       5
       5
       5
       2
       4
       6
       4
       2
       6
       6
      10
       5
       5
       6
       4
       7
       5
       1
       6
       5
       3
       3
       5
       2
       4
       6
       8
       4
       2
       4
       1
       0
       3
       7
       3
       4
       1
       2
       2
       2
       0
       2
       3
       2
       5
       2
       3
       1
       5
       6
       5
       4
       6
       6
       3
       4
       4
       3
       6
       1
       3
       4
       7
       2
       2
       2
       0
       3
       0
       2
       3
       1
       1
       6
       3
       1
       2
       1
       2
       1
       1
       0
       1
       2
       2
       1
       1
       0
       2
       1
       2
       1
       3
       1
       1
       1
       0
       3
       0
       4
       3
       2
       5
       0
       1
       2
       1
       2
       2
       3
       4
       3
       4
       1
       3
       3
       1
       4
       5
       5
       7
       3
       5
       4
       4
       1
       4
       3
       3
       4
       2
       4
       0
       1
       1
       0
       3
       2
       1
       0
       0
       0
       2
       1
       1
       2
       0
       0
       0
       0
       3
       1
       0
       0
       0
       4
       3
       1
       0
       0
       2
       0
       1
       2
       2
       2
       0
       0
       1
       0
       0
       0
       3
       0
       1
       2
       1
       0
       1
       1
       0
       0
       0
       2
       1
       1
       0
       0
       1
       1
       0
       0
       2
       2
       0
       1
       0
       0
       0
       0
       2
       0
       0
       0
       0
       0
       0
       1
       0
       0
       1
       0
       0
       0
       0
       0
       0
       1
       1
       1
       0
       1
       0
       2
       0
       0
       0
       0
       0
       1
       1
       0
       0
       1
       0
       0
       1
       0
       0
       0
       2
       0
       0
       0
       0
       0
       0
       0
       0
       0
       1
       0
       0
       0
       0
       1
       2
       1
       1
       0
       0
       0
       0
       0
       0
       3
       0
       2
       0
       0
       1
       1
       0
       0
       1
       1
       1
       0
       1
       0
       1
       2
       0
       0
       0
       0
       1
       0
       0
       0
       0
       0
       0
       0
       0
       0
       0
       0
       0
       0
       0
       0
       0
       0
       0
       0
       0
       0
       0
       0
       0
       0
       0
       0
       0
       0
$ROI:
1
134 170
$PRESETS:
Live Time
300
0
$ENER_FIT:
0.000000 0.000000
$MCA_CAL:
3
0.000000E+000 0.000000E+000 0.000000E+000 
$SHAPE_CAL:
3
0.000000E+000 0.000000E+000 0.000000E+000
