$SPEC_ID:
PRAK02 Easy-MCA-2k SN
$SPEC_REM:
DET# 1
DETDESC# PRAK01 Easy-MCA-2k SN 15071856
AP# Maestro Version 7.01
$DATE_MEA:
01/01/2002 04:03:22
$MEAS_TIM:
300 300
$DATA:
0 511
       0
       0
       0
       0
       0
       0
       0
       0
       0
       0
       1
       0
       1
       4
       9
       9
      22
      22
      24
     106
     100
     107
      92
     116
     115
     115
     130
     144
     132
     129
     154
     159
     159
     156
     167
     165
     155
     144
     146
     168
     135
     177
     170
     141
     142
     164
     149
     186
     139
     150
     158
     138
     164
     145
     156
     141
     129
     151
     137
     132
     112
     109
     125
     128
     121
     117
     119
     130
     127
     122
     118
      98
     114
     122
     120
     111
      97
      97
      92
     103
     103
      94
      77
      95
     102
      96
      99
      74
      92
     109
     104
      98
      93
     112
      85
      89
     104
      97
      82
     103
      74
      78
      76
      78
      94
      77
      65
      58
      72
      75
      79
      56
      62
      60
      58
      70
      67
      93
      80
      65
      68
      89
      78
      83
      81
      74
      80
      62
      67
      59
      64
      72
      72
      87
      91
      80
      95
     108
     148
     155
     165
     214
     242
     245
     281
     324
     358
     364
     365
     373
     350
     351
     294
     287
     274
     251
     175
     122
     105
     100
      76
      41
      35
      23
      17
      12
      11
      12
      10
       7
       6
       3
       4
       4
       5
       5
       8
       5
       3
       4
       7
       6
       3
       8
       3
       4
       3
       5
      10
      10
       7
       1
       4
       6
       5
       3
       6
       8
       5
       4
       6
       4
       3
       7
       5
       5
       6
       3
       4
       6
       4
       5
       6
       3
       6
       5
       4
       1
       3
       2
       1
       4
       4
       7
       6
       4
       4
       4
       5
       5
       8
       4
       4
       3
       3
       3
       2
       3
       2
       6
       1
       8
       2
       2
       3
       2
       2
       3
       5
       1
       1
       0
       4
       2
       3
       4
       2
       4
       5
       2
       2
       2
       2
       1
       3
       2
       1
       3
       4
       1
       4
       3
       1
       2
       1
       2
       1
       2
       3
       4
       3
       2
       1
       0
       0
       1
       1
       1
       2
       1
       2
       4
       0
       1
       0
       4
       2
       0
       2
       1
       5
       3
       1
       4
       2
       3
       3
       1
       1
       7
       2
       0
       2
       3
       4
       2
       2
       3
       3
       1
       2
       3
       3
       0
       0
       2
       5
       0
       0
       0
       2
       1
       1
       3
       1
       1
       0
       1
       0
       3
       1
       0
       2
       0
       2
       2
       0
       1
       0
       0
       4
       0
       0
       0
       0
       0
       0
       0
       0
       0
       0
       0
       1
       2
       1
       0
       0
       1
       0
       0
       1
       0
       2
       1
       0
       1
       0
       1
       0
       0
       1
       1
       1
       2
       1
       1
       0
       1
       0
       0
       0
       0
       0
       0
       1
       0
       2
       0
       0
       1
       1
       1
       1
       0
       1
       1
       0
       0
       1
       0
       1
       1
       1
       1
       0
       0
       0
       0
       2
       0
       1
       0
       0
       2
       0
       0
       0
       0
       1
       0
       1
       0
       0
       1
       0
       1
       1
       0
       0
       0
       1
       1
       2
       0
       2
       0
       1
       0
       0
       0
       0
       0
       0
       0
       0
       1
       1
       0
       2
       0
       0
       1
       1
       0
       1
       0
       2
       1
       1
       1
       1
       1
       1
       1
       0
       0
       0
       0
       0
       0
       0
       0
       0
       0
       0
       1
       0
       0
       0
       0
       0
       0
       0
       0
       0
       0
       0
       0
       0
       0
       0
       0
       0
       0
       0
       0
       0
       0
       0
       0
       0
       0
$ROI:
1
134 170
$PRESETS:
Live Time
300
0
$ENER_FIT:
0.000000 0.000000
$MCA_CAL:
3
0.000000E+000 0.000000E+000 0.000000E+000 
$SHAPE_CAL:
3
0.000000E+000 0.000000E+000 0.000000E+000
