$SPEC_ID:
PRAK02 Easy-MCA-2k SN
$SPEC_REM:
DET# 1
DETDESC# PRAK01 Easy-MCA-2k SN 15071856
AP# Maestro Version 7.01
$DATE_MEA:
01/01/2002 03:48:44
$MEAS_TIM:
268 270
$DATA:
0 511
       0
       0
       0
       0
       0
       0
       0
       0
       0
       0
       0
       0
       0
       0
       1
       1
       0
       0
      27
     213
     241
     277
     243
     251
     261
     260
     277
     270
     278
     253
     291
     284
     311
     301
     339
     325
     348
     320
     349
     329
     407
     359
     347
     366
     394
     357
     412
     345
     399
     384
     365
     412
     378
     363
     377
     378
     361
     351
     341
     343
     331
     324
     321
     345
     315
     357
     327
     301
     313
     307
     314
     343
     335
     306
     275
     268
     300
     291
     314
     275
     297
     293
     310
     298
     251
     298
     317
     289
     303
     279
     293
     285
     266
     326
     288
     298
     286
     284
     307
     296
     284
     315
     300
     278
     294
     297
     263
     276
     232
     238
     243
     215
     200
     210
     168
     170
     157
     159
     125
     129
     142
     132
     108
     130
     121
      99
     117
     126
     129
     116
     118
     117
     135
     111
     125
     126
     142
     155
     153
     161
     215
     240
     294
     353
     479
     554
     753
     918
    1130
    1432
    1592
    1719
    1836
    1963
    2018
    1791
    1784
    1534
    1359
    1071
     890
     709
     486
     346
     254
     143
      88
      66
      34
      21
      17
       5
       6
       8
       3
       9
       5
       4
       8
       4
       7
       3
       6
       3
       5
       2
       7
       4
       5
       5
       1
       4
       3
       3
       5
       5
       1
       7
       4
       4
       8
       9
       4
       3
       2
       5
       6
       1
       6
       9
       4
       8
       2
       2
       3
       7
       7
       3
       2
       0
       4
       1
       6
       4
       1
       4
       2
       5
       2
       3
       2
       2
       5
       2
       4
       2
       2
       3
       2
       2
       4
       0
       3
       2
       4
       1
       2
       3
       1
       5
       4
       1
       4
       3
       2
       1
       3
       0
       2
       2
       1
       3
       1
       0
       2
       2
       3
       4
       1
       1
       2
       1
       2
       1
       1
       1
       2
       0
       1
       1
       1
       5
       1
       1
       3
       2
       4
       2
       5
       6
       0
       2
       0
       1
       3
       1
       3
       2
       0
       2
       0
       2
       1
       2
       5
       1
       3
       2
       0
       2
       2
       5
       3
       1
       1
       3
       4
       3
       5
       8
       5
       3
       3
       3
       3
       2
       5
       3
       2
       3
       3
       1
       3
       2
       1
       3
       3
       1
       0
       0
       1
       1
       1
       0
       0
       2
       0
       1
       2
       0
       0
       1
       0
       1
       1
       1
       1
       0
       1
       1
       0
       0
       0
       0
       0
       0
       1
       1
       1
       0
       0
       0
       0
       0
       2
       0
       0
       0
       2
       2
       0
       0
       0
       1
       2
       0
       2
       0
       1
       1
       1
       0
       0
       1
       0
       1
       0
       0
       2
       0
       0
       0
       0
       0
       1
       0
       0
       0
       0
       0
       1
       0
       3
       2
       2
       1
       0
       0
       0
       0
       1
       0
       1
       0
       0
       2
       0
       1
       0
       1
       0
       0
       1
       0
       0
       1
       1
       0
       0
       0
       0
       1
       0
       0
       0
       2
       0
       0
       0
       0
       2
       0
       1
       0
       0
       0
       1
       1
       0
       1
       0
       0
       1
       1
       0
       0
       1
       0
       0
       2
       1
       1
       0
       0
       1
       0
       0
       0
       0
       0
       2
       1
       0
       1
       0
       0
       0
       0
       0
       0
       0
       0
       0
       0
       0
       0
       0
       0
       0
       0
       0
       0
       0
       0
       0
       0
       0
       0
       0
       0
       0
       0
$ROI:
1
134 170
$PRESETS:
Live Time
300
0
$ENER_FIT:
0.000000 0.000000
$MCA_CAL:
3
0.000000E+000 0.000000E+000 0.000000E+000 
$SHAPE_CAL:
3
0.000000E+000 0.000000E+000 0.000000E+000
