$SPEC_ID:
PRAK02 Easy-MCA-2k SN
$SPEC_REM:
DET# 1
DETDESC# PRAK01 Easy-MCA-2k SN 15071856
AP# Maestro Version 7.01
$DATE_MEA:
01/01/2002 03:25:08
$MEAS_TIM:
300 301
$DATA:
0 511
       0
       0
       0
       0
       0
       0
       0
       0
       0
       0
       0
       0
       0
       0
       0
       0
       0
       0
      13
     143
     139
     158
     184
     132
     157
     167
     175
     200
     167
     180
     169
     209
     208
     202
     242
     194
     212
     227
     221
     252
     236
     247
     235
     221
     247
     238
     246
     238
     244
     206
     235
     239
     234
     218
     255
     211
     206
     238
     217
     205
     224
     209
     197
     198
     215
     205
     177
     183
     195
     187
     167
     186
     161
     175
     169
     171
     185
     161
     158
     170
     158
     177
     152
     145
     155
     167
     170
     175
     153
     178
     169
     151
     186
     161
     174
     159
     176
     176
     159
     197
     180
     157
     188
     146
     145
     174
     150
     127
     129
     117
     110
      98
     102
      96
      83
      74
      81
      81
      73
      81
      62
      78
      52
      67
      57
      76
      71
      81
      68
      69
      77
     101
      89
      88
      90
      85
      99
     112
     117
     145
     180
     219
     297
     354
     426
     578
     705
     784
     979
    1011
    1074
    1099
    1132
    1069
    1012
     902
     780
     601
     520
     353
     281
     136
     122
      81
      47
      25
      25
      14
      12
      11
       8
      10
       3
       5
       7
       6
       5
       5
       8
       5
       9
       6
       2
       4
      10
       3
       6
      13
       8
       4
       5
       5
       6
       3
      12
       3
       2
       4
       5
       6
       1
       5
       5
       6
       6
       4
       2
       6
       7
       8
       3
       2
       6
       7
       1
       2
       3
       2
       6
       5
       5
       2
       4
       5
       2
       4
       4
       2
       2
       3
       3
       1
       4
       6
       2
       3
       7
       2
       3
       2
       9
       3
       5
       3
       6
       2
       1
       1
       6
       3
       5
       5
       2
       3
       7
       2
       3
       3
       4
       1
       2
       1
       3
       5
       2
       5
       4
       1
       4
       4
       5
       3
       4
       3
       5
       1
       1
       2
       2
       4
       2
       1
       0
       0
       0
       3
       2
       6
       2
       2
       3
       1
       3
       2
       2
       1
       4
       1
       1
       1
       2
       1
       4
       2
       1
       5
       1
       1
       6
       5
       3
       1
       2
       3
       2
       4
       4
       2
       1
       2
       3
       5
       3
       8
       4
       1
       2
       2
       2
       1
       1
       0
       0
       0
       0
       2
       4
       2
       1
       2
       2
       2
       2
       0
       0
       1
       1
       0
       0
       2
       2
       0
       1
       1
       1
       1
       0
       1
       0
       1
       0
       2
       1
       1
       0
       0
       0
       0
       1
       2
       1
       0
       0
       0
       1
       2
       2
       0
       2
       1
       0
       0
       1
       0
       1
       1
       0
       0
       1
       0
       0
       1
       4
       0
       3
       2
       1
       0
       0
       0
       1
       0
       0
       0
       1
       0
       0
       0
       0
       0
       1
       2
       0
       0
       0
       0
       0
       0
       0
       0
       0
       0
       0
       0
       1
       0
       0
       0
       0
       0
       0
       1
       0
       0
       0
       2
       0
       0
       0
       0
       0
       0
       0
       0
       0
       0
       0
       0
       0
       0
       1
       0
       1
       0
       0
       0
       1
       2
       1
       0
       0
       0
       0
       1
       1
       0
       1
       0
       0
       0
       0
       4
       0
       0
       1
       2
       1
       0
       0
       0
       2
       0
       0
       0
       1
       1
       0
       0
       0
       0
       0
       0
       0
       0
       0
       0
       0
       0
       0
       0
       0
       0
       0
       0
       0
       0
       0
       0
       0
       0
       0
       0
$ROI:
1
134 170
$PRESETS:
Live Time
300
0
$ENER_FIT:
0.000000 0.000000
$MCA_CAL:
3
0.000000E+000 0.000000E+000 0.000000E+000 
$SHAPE_CAL:
3
0.000000E+000 0.000000E+000 0.000000E+000
