$SPEC_ID:
PRAK02 Easy-MCA-2k SN
$SPEC_REM:
DET# 1
DETDESC# PRAK01 Easy-MCA-2k SN 15071856
AP# Maestro Version 7.01
$DATE_MEA:
01/01/2002 03:34:04
$MEAS_TIM:
141 142
$DATA:
0 511
       0
       0
       0
       0
       0
       0
       0
       0
       0
       0
       0
       0
       0
       0
       0
       0
       0
       0
      17
     173
     192
     185
     203
     169
     205
     203
     207
     230
     214
     219
     235
     221
     254
     244
     241
     267
     250
     251
     248
     245
     237
     241
     283
     283
     287
     295
     303
     326
     313
     321
     308
     273
     280
     285
     301
     299
     312
     274
     262
     269
     287
     265
     274
     251
     249
     230
     246
     248
     254
     223
     247
     221
     238
     214
     254
     260
     243
     275
     247
     253
     261
     282
     215
     226
     213
     230
     242
     207
     236
     244
     227
     241
     242
     244
     254
     227
     230
     234
     241
     253
     233
     234
     232
     271
     226
     237
     214
     221
     227
     184
     182
     151
     150
     137
     130
     102
     100
      98
     113
     111
      98
      82
     108
     103
      87
     100
      80
      78
      86
      77
      69
      72
      79
     101
     103
      97
     105
     100
     127
     125
     165
     189
     224
     313
     381
     586
     687
     889
    1087
    1218
    1378
    1471
    1530
    1607
    1567
    1512
    1385
    1193
     973
     791
     525
     452
     310
     216
     126
      91
      41
      30
      17
      13
       8
       5
       3
       3
       1
       2
       2
       2
       3
       4
       0
       1
       2
       2
       4
       2
       2
       3
       3
       1
       1
       3
       0
       3
       3
       2
       3
       2
       0
       1
       4
       3
       0
       2
       2
       1
       3
       0
       2
       2
       2
       4
       0
       0
       4
       1
       2
       2
       6
       5
       6
       2
       0
       3
       1
       0
       2
       1
       0
       0
       1
       3
       2
       2
       1
       1
       3
       2
       2
       2
       2
       1
       2
       3
       4
       4
       0
       3
       2
       1
       2
       3
       1
       1
       3
       0
       1
       7
       0
       1
       0
       1
       2
       3
       1
       0
       2
       1
       1
       1
       2
       0
       3
       1
       1
       0
       1
       0
       0
       1
       2
       0
       1
       2
       0
       1
       1
       2
       2
       0
       1
       1
       2
       0
       0
       0
       2
       1
       0
       2
       1
       1
       0
       1
       1
       1
       1
       0
       1
       0
       1
       4
       1
       2
       1
       1
       2
       5
       2
       3
       1
       0
       1
       0
       2
       1
       2
       1
       2
       0
       0
       1
       2
       0
       0
       0
       1
       1
       1
       0
       0
       0
       0
       0
       0
       0
       0
       0
       0
       0
       1
       1
       1
       1
       0
       0
       0
       2
       0
       0
       0
       0
       0
       2
       1
       0
       1
       1
       0
       0
       0
       0
       0
       0
       0
       0
       2
       0
       0
       1
       0
       0
       2
       0
       1
       0
       0
       0
       0
       0
       0
       0
       0
       0
       0
       1
       1
       0
       1
       0
       0
       0
       1
       0
       1
       0
       1
       1
       0
       0
       0
       0
       0
       0
       0
       0
       0
       0
       0
       0
       0
       0
       0
       1
       0
       0
       1
       0
       0
       0
       0
       0
       0
       0
       0
       0
       0
       0
       0
       0
       0
       0
       1
       0
       0
       0
       0
       1
       0
       0
       1
       0
       0
       0
       0
       0
       0
       0
       0
       0
       0
       0
       0
       0
       0
       0
       0
       0
       0
       0
       0
       0
       0
       0
       0
       0
       0
       1
       0
       1
       1
       0
       0
       0
       0
       1
       0
       0
       0
       0
       0
       0
       0
       0
       0
       0
       0
       0
       0
       0
       0
       0
       0
       0
       0
       0
       0
       0
       0
       0
       0
       0
$ROI:
1
134 170
$PRESETS:
Live Time
300
0
$ENER_FIT:
0.000000 0.000000
$MCA_CAL:
3
0.000000E+000 0.000000E+000 0.000000E+000 
$SHAPE_CAL:
3
0.000000E+000 0.000000E+000 0.000000E+000
