$SPEC_ID:
PRAK02 Easy-MCA-2k SN
$SPEC_REM:
DET# 1
DETDESC# PRAK01 Easy-MCA-2k SN 15071856
AP# Maestro Version 7.01
$DATE_MEA:
01/01/2002 03:36:57
$MEAS_TIM:
300 301
$DATA:
0 511
       0
       0
       0
       0
       0
       0
       0
       0
       0
       0
       0
       0
       0
       0
       0
       2
       0
       0
       7
      43
      53
      49
      45
      51
      58
      67
      63
      66
      75
      87
      83
      97
      98
      85
      86
      99
     105
     105
     121
     110
     121
     130
     109
     105
     111
     108
      93
     119
     106
     111
     119
     104
      99
      96
      90
     103
      94
      83
      89
     102
      82
      71
      74
      83
      79
      94
      76
      69
      65
      72
      69
      71
      70
      55
      61
      69
      57
      58
      74
      55
      63
      53
      69
      59
      67
      40
      64
      41
      61
      52
      46
      53
      46
      43
      50
      56
      38
      51
      39
      48
      45
      53
      50
      43
      40
      36
      46
      31
      36
      40
      31
      36
      24
      25
      29
      34
      23
      29
      26
      27
      17
      28
      21
      27
      15
      20
      28
      26
      18
      26
      11
      26
      30
      23
      26
      27
      30
      32
      23
      24
      27
      35
      36
      40
      56
      74
      93
     105
     147
     150
     146
     165
     165
     212
     171
     159
     161
     149
     132
     109
      77
      63
      42
      36
      25
      23
      11
       5
       9
       7
       7
       5
       2
       2
       9
       3
       3
       7
       2
       4
       5
       8
       7
       5
       6
       6
       4
       6
       4
       6
       7
       6
       4
       1
       4
       6
       8
       5
       7
       3
      10
       3
       6
      11
       6
       4
       5
       5
       5
       5
       5
       1
       3
       3
       5
       6
       4
       2
       2
       3
       6
       3
       7
       2
       1
       2
       3
       3
       5
       2
       0
       2
       3
       2
       0
       3
       3
       2
       2
       3
       2
       4
       4
       5
       2
       5
       9
       3
       3
       3
       3
       1
       2
       4
       2
       3
       3
       3
       5
       5
       3
       2
       4
       3
       5
       4
       2
       8
       2
       1
       5
       2
       3
       1
       2
       4
       4
       0
       5
       2
       3
       4
       0
       0
       2
       2
       5
       2
       3
       2
       1
       2
       0
       1
       0
       3
       3
       0
       2
       3
       4
       1
       2
       1
       1
       3
       2
       3
       1
       4
       3
       5
       4
       2
      10
       0
       2
       3
       7
       2
       1
       5
       6
       5
       4
       4
       4
       4
       9
       0
       3
       5
       4
       5
       2
       1
       1
       2
       0
       1
       1
       0
       1
       1
       1
       2
       0
       0
       0
       1
       0
       0
       2
       0
       0
       0
       0
       0
       1
       2
       1
       1
       0
       0
       0
       0
       0
       0
       1
       0
       1
       1
       1
       1
       1
       2
       1
       1
       0
       0
       0
       0
       1
       0
       0
       1
       3
       0
       2
       0
       1
       0
       1
       1
       0
       1
       0
       3
       0
       2
       0
       0
       0
       1
       0
       1
       0
       0
       1
       1
       2
       2
       0
       0
       0
       1
       0
       1
       0
       0
       0
       1
       0
       0
       0
       0
       0
       1
       0
       0
       0
       0
       0
       1
       0
       0
       0
       1
       0
       0
       0
       0
       1
       0
       0
       1
       0
       1
       0
       1
       0
       0
       1
       1
       1
       0
       0
       0
       0
       2
       1
       1
       0
       1
       0
       0
       0
       1
       0
       0
       0
       0
       0
       1
       0
       2
       0
       0
       0
       0
       0
       0
       0
       0
       0
       0
       0
       0
       0
       0
       0
       0
       0
       0
       0
       0
       0
       0
       0
       0
       0
       0
       0
       0
       0
       0
       0
       0
       0
       0
       0
       0
$ROI:
1
134 170
$PRESETS:
Live Time
300
0
$ENER_FIT:
0.000000 0.000000
$MCA_CAL:
3
0.000000E+000 0.000000E+000 0.000000E+000 
$SHAPE_CAL:
3
0.000000E+000 0.000000E+000 0.000000E+000
