105.000 0.158
110.000 0.996
115.000 2.034
120.000 2.476
125.000 2.608
130.000 2.816
135.000 3.060
140.000 2.913
145.000 3.191
150.000 3.034
155.000 2.986
160.000 2.963
165.000 2.846
170.000 2.830
175.000 2.796
180.000 2.765
185.000 2.784
190.000 2.749
195.000 2.845
200.000 2.860
205.000 2.904
210.000 2.971
215.000 2.993
220.000 3.022
225.000 3.043
230.000 3.135
235.000 3.207
240.000 3.200
245.000 3.274
250.000 3.306
255.000 3.381
260.000 3.398
265.000 3.461
270.000 3.488
275.000 3.537
280.000 3.530
285.000 3.554
290.000 3.552
295.000 3.581
300.000 3.552
305.000 3.600
310.000 3.569
315.000 3.598
320.000 3.649
325.000 3.731
330.000 3.856
335.000 3.940
340.000 4.142
345.000 4.271
350.000 4.392
355.000 4.585
360.000 4.826
365.000 5.005
370.000 5.270
375.000 5.532
380.000 5.834
385.000 6.140
390.000 6.414
395.000 6.709
400.000 6.935
405.000 6.997
410.000 7.136
415.000 7.184
420.000 7.128
425.000 6.866
430.000 6.426
435.000 5.833
440.000 5.102
445.000 4.448
450.000 3.812
455.000 3.284
460.000 2.847
465.000 2.675
470.000 2.352
475.000 2.120
480.000 1.976
485.000 1.827
490.000 1.730
495.000 1.626
500.000 1.539
505.000 1.447
510.000 1.413
515.000 1.309
520.000 1.239
525.000 1.173
530.000 1.152
535.000 1.084
540.000 1.037
545.000 0.995
550.000 0.955
555.000 0.914
560.000 0.864
565.000 0.818
570.000 0.778
575.000 0.745
580.000 0.706
585.000 0.674
590.000 0.652
595.000 0.637
600.000 0.616
605.000 0.592
610.000 0.568
615.000 0.546
620.000 0.528
625.000 0.521
630.000 0.499
635.000 0.489
640.000 0.481
645.000 0.467
650.000 0.453
655.000 0.443
660.000 0.434
665.000 0.426
670.000 0.420
675.000 0.405
680.000 0.400
685.000 0.393
690.000 0.385
695.000 0.376
700.000 0.376
705.000 0.363
710.000 0.362
715.000 0.360
720.000 0.351
725.000 0.350
730.000 0.341
735.000 0.332
740.000 0.320
745.000 0.322
750.000 0.326
755.000 0.313
760.000 0.308
765.000 0.306
770.000 0.303
775.000 0.301
780.000 0.298
785.000 0.290
790.000 0.295
795.000 0.299
800.000 0.292
805.000 0.286
810.000 0.280
815.000 0.278
820.000 0.286
825.000 0.272
830.000 0.280
835.000 0.273
840.000 0.267
845.000 0.270
850.000 0.263
855.000 0.270
860.000 0.260
865.000 0.261
870.000 0.262
875.000 0.259
880.000 0.258
885.000 0.256
890.000 0.249
895.000 0.257
900.000 0.257
905.000 0.249
910.000 0.252
915.000 0.263
920.000 0.248
925.000 0.249
930.000 0.246
935.000 0.245
940.000 0.244
945.000 0.247
950.000 0.244
955.000 0.276
960.000 0.312
965.000 0.288
970.000 0.266
975.000 0.282
980.000 0.262
985.000 0.252
990.000 0.237
995.000 0.237
1000.000 0.252
1005.000 0.239
1010.000 0.240
1015.000 0.246
1020.000 0.240
1025.000 0.250
1030.000 0.243
1035.000 0.235
1040.000 0.234
1045.000 0.234
1050.000 0.244
1055.000 0.246
1060.000 0.242
1065.000 0.236
1070.000 0.238
1075.000 0.240
1080.000 0.237
1085.000 0.241
1090.000 0.242
1095.000 0.240
1100.000 0.243
1105.000 0.235
1110.000 0.237
1115.000 0.236
1120.000 0.238
1125.000 0.238
1130.000 0.240
1135.000 0.239
1140.000 0.241
1145.000 0.239
1150.000 0.242
1155.000 0.239
1160.000 0.236
1165.000 0.239
1170.000 0.236
1175.000 0.242
1180.000 0.238
1185.000 0.243
1190.000 0.243
1195.000 0.245
1200.000 0.241
1205.000 0.239
1210.000 0.243
1215.000 0.244
1220.000 0.246
1225.000 0.245
1230.000 0.246
1235.000 0.246
1240.000 0.244
1245.000 0.249
1250.000 0.250
1255.000 0.247
1260.000 0.251
1265.000 0.250
1270.000 0.252
1275.000 0.250
1280.000 0.256
1285.000 0.255
1290.000 0.253
1295.000 0.259
1300.000 0.259
1305.000 0.261
1310.000 0.259
1315.000 0.263
1320.000 0.263
1325.000 0.265
1330.000 0.262
1335.000 0.267
1340.000 0.268
1345.000 0.267
1350.000 0.270
1355.000 0.270
1360.000 0.274
1365.000 0.271
1370.000 0.275
1375.000 0.278
1380.000 0.278
1385.000 0.279
1390.000 0.278
1395.000 0.282
1400.000 0.281
1405.000 0.283
1410.000 0.289
1415.000 0.288
1420.000 0.282
1425.000 0.286
1430.000 0.286
1435.000 0.287
1440.000 0.282
1445.000 0.282
1450.000 0.279
1455.000 0.281
1460.000 0.277
1465.000 0.278
1470.000 0.278
1475.000 0.285
1480.000 0.288
1485.000 0.294
1490.000 0.300
1495.000 0.314
1500.000 0.316
1505.000 0.321
1510.000 0.324
1515.000 0.336
1520.000 0.338
1525.000 0.342
1530.000 0.358
1535.000 0.358
1540.000 0.369
1545.000 0.373
1550.000 0.377
1555.000 0.388
1560.000 0.394
1565.000 0.397
1570.000 0.403
1575.000 0.412
1580.000 0.417
1585.000 0.429
1590.000 0.435
1595.000 0.441
1600.000 0.454
1605.000 0.456
1610.000 0.471
1615.000 0.477
1620.000 0.488
1625.000 0.495
1630.000 0.503
1635.000 0.513
1640.000 0.522
1645.000 0.540
1650.000 0.545
1655.000 0.560
1660.000 0.573
1665.000 0.587
1670.000 0.605
1675.000 0.608
1680.000 0.630
1685.000 0.636
1690.000 0.651
1695.000 0.667
1700.000 0.685
1705.000 0.704
1710.000 0.724
1715.000 0.746
1720.000 0.760
1725.000 0.777
1730.000 0.797
1735.000 0.814
1740.000 0.835
1745.000 0.845
1750.000 0.868
1755.000 0.891
1760.000 0.911
1765.000 0.934
1770.000 0.970
1775.000 0.989
1780.000 1.007
1785.000 1.030
1790.000 1.054
1795.000 1.084
1800.000 1.105
1805.000 1.127
1810.000 1.135
1815.000 1.158
1820.000 1.185
1825.000 1.203
1830.000 1.223
1835.000 1.244
1840.000 1.264
1845.000 1.278
1850.000 1.295
1855.000 1.312
1860.000 1.334
1865.000 1.342
1870.000 1.350
1875.000 1.357
1880.000 1.372
1885.000 1.380
1890.000 1.386
1895.000 1.386
1900.000 1.397
1905.000 1.400
1910.000 1.402
1915.000 1.400
1920.000 1.398
1925.000 1.402
1930.000 1.401
1935.000 1.400
1940.000 1.391
1945.000 1.393
1950.000 1.384
1955.000 1.385
1960.000 1.375
1965.000 1.371
1970.000 1.363
1975.000 1.353
1980.000 1.351
1985.000 1.353
1990.000 1.340
1995.000 1.340
2000.000 1.335
2005.000 1.347
2010.000 1.340
2015.000 1.333
2020.000 1.340
2025.000 1.329
2030.000 1.331
2035.000 1.313
2040.000 1.317
2045.000 1.315
2050.000 1.327
2055.000 1.315
2060.000 1.313
2065.000 1.318
2070.000 1.318
2075.000 1.321
2080.000 1.323
2085.000 1.327
2090.000 1.335
2095.000 1.340
2100.000 1.351
2105.000 1.360
2110.000 1.367
2115.000 1.372
2120.000 1.381
2125.000 1.394
2130.000 1.411
2135.000 1.425
2140.000 1.440
2145.000 1.464
2150.000 1.482
2155.000 1.502
2160.000 1.524
2165.000 1.553
2170.000 1.571
2175.000 1.604
2180.000 1.637
2185.000 1.675
2190.000 1.727
2195.000 1.770
2200.000 1.823
2205.000 1.885
2210.000 1.958
2215.000 2.035
2220.000 2.134
2225.000 2.228
2230.000 2.284
2235.000 2.412
2240.000 2.566
2245.000 2.746
2250.000 2.985
2255.000 3.308
2260.000 3.792
2265.000 4.497
2270.000 5.604
2275.000 7.395
2280.000 10.465
2285.000 15.471
2290.000 22.118
2295.000 25.571
2300.000 30.177
2305.000 30.867
2310.000 23.141
2315.000 11.730
2320.000 7.542
2325.000 5.229
2330.000 3.905
2335.000 3.037
2340.000 2.436
2345.000 1.991
2350.000 1.652
2355.000 1.518
2360.000 1.301
2365.000 1.127
2370.000 0.982
2375.000 0.864
2380.000 0.772
2385.000 0.692
2390.000 0.625
2395.000 0.597
2400.000 0.524
2405.000 0.479
2410.000 0.443
2415.000 0.428
2420.000 0.397
2425.000 0.370
2430.000 0.345
2435.000 0.324
2440.000 0.301
2445.000 0.285
2450.000 0.267
2455.000 0.253
2460.000 0.240
2465.000 0.229
2470.000 0.219
2475.000 0.214
2480.000 0.206
2485.000 0.199
2490.000 0.193
2495.000 0.187
2500.000 0.181
2505.000 0.178
2510.000 0.173
2515.000 0.171
2520.000 0.169
2525.000 0.168
2530.000 0.169
2535.000 0.166
2540.000 0.168
2545.000 0.166
2550.000 0.167
2555.000 0.169
2560.000 0.170
2565.000 0.172
2570.000 0.173
2575.000 0.174
2580.000 0.178
2585.000 0.179
2590.000 0.184
2595.000 0.187
2600.000 0.190
2605.000 0.195
2610.000 0.197
2615.000 0.199
2620.000 0.205
2625.000 0.208
2630.000 0.214
2635.000 0.217
2640.000 0.223
2645.000 0.230
2650.000 0.234
2655.000 0.238
2660.000 0.242
2665.000 0.247
2670.000 0.251
2675.000 0.256
2680.000 0.263
2685.000 0.271
2690.000 0.276
2695.000 0.280
2700.000 0.288
2705.000 0.296
2710.000 0.300
2715.000 0.306
2720.000 0.310
2725.000 0.318
2730.000 0.327
2735.000 0.332
2740.000 0.341
2745.000 0.348
2750.000 0.355
2755.000 0.363
2760.000 0.370
2765.000 0.373
2770.000 0.387
2775.000 0.392
2780.000 0.397
2785.000 0.404
2790.000 0.412
2795.000 0.422
2800.000 0.431
2805.000 0.437
2810.000 0.449
2815.000 0.458
2820.000 0.466
2825.000 0.470
2830.000 0.484
2835.000 0.490
2840.000 0.493
2845.000 0.502
2850.000 0.515
2855.000 0.522
2860.000 0.533
2865.000 0.540
2870.000 0.545
2875.000 0.551
2880.000 0.556
2885.000 0.561
2890.000 0.568
2895.000 0.574
2900.000 0.575
2905.000 0.577
2910.000 0.581
2915.000 0.586
2920.000 0.589
2925.000 0.594
2930.000 0.597
2935.000 0.599
2940.000 0.603
2945.000 0.609
2950.000 0.613
2955.000 0.613
2960.000 0.615
2965.000 0.611
2970.000 0.608
2975.000 0.611
2980.000 0.613
2985.000 0.616
2990.000 0.610
2995.000 0.610
3000.000 0.621
3005.000 0.612
3010.000 0.611
3015.000 0.624
3020.000 0.620
3025.000 0.625
3030.000 0.620
3035.000 0.613
3040.000 0.612
3045.000 0.610
3050.000 0.619
3055.000 0.614
3060.000 0.615
3065.000 0.616
3070.000 0.616
3075.000 0.616
3080.000 0.609
3085.000 0.611
3090.000 0.610
3095.000 0.611
3100.000 0.611
3105.000 0.610
3110.000 0.612
3115.000 0.611
3120.000 0.612
3125.000 0.611
3130.000 0.613
3135.000 0.609
3140.000 0.611
3145.000 0.613
3150.000 0.611
3155.000 0.612
3160.000 0.614
3165.000 0.615
3170.000 0.616
3175.000 0.613
3180.000 0.611
3185.000 0.615
3190.000 0.616
3195.000 0.614
3200.000 0.615
3205.000 0.615
3210.000 0.618
3215.000 0.620
3220.000 0.622
3225.000 0.625
3230.000 0.629
3235.000 0.631
3240.000 0.632
3245.000 0.635
3250.000 0.640
3255.000 0.643
3260.000 0.646
3265.000 0.651
3270.000 0.654
3275.000 0.659
3280.000 0.661
3285.000 0.665
3290.000 0.670
3295.000 0.673
3300.000 0.681
3305.000 0.685
3310.000 0.693
3315.000 0.702
3320.000 0.707
3325.000 0.715
3330.000 0.717
3335.000 0.724
3340.000 0.730
3345.000 0.738
3350.000 0.748
3355.000 0.758
3360.000 0.766
3365.000 0.775
3370.000 0.781
3375.000 0.799
3380.000 0.804
3385.000 0.815
3390.000 0.829
3395.000 0.843
3400.000 0.857
3405.000 0.882
3410.000 0.895
3415.000 0.908
3420.000 0.921
3425.000 0.938
3430.000 0.946
3435.000 0.978
3440.000 1.002
3445.000 1.028
3450.000 1.043
3455.000 1.068
3460.000 1.094
3465.000 1.123
3470.000 1.158
3475.000 1.195
3480.000 1.226
3485.000 1.251
3490.000 1.276
3495.000 1.308
3500.000 1.342
3505.000 1.371
3510.000 1.390
3515.000 1.430
3520.000 1.477
3525.000 1.514
3530.000 1.559
3535.000 1.602
3540.000 1.655
3545.000 1.715
3550.000 1.773
3555.000 1.846
3560.000 1.913
3565.000 1.989
3570.000 2.080
3575.000 2.125
3580.000 2.221
3585.000 2.330
3590.000 2.459
3595.000 2.587
3600.000 2.739
3605.000 2.909
3610.000 3.095
3615.000 3.336
3620.000 3.606
3625.000 3.968
3630.000 4.184
3635.000 4.714
3640.000 5.417
3645.000 6.409
3650.000 7.846
3655.000 9.984
3660.000 13.247
3665.000 18.029
3670.000 21.089
3675.000 32.181
3680.000 40.411
3685.000 48.045
3690.000 49.850
3695.000 42.009
3700.000 24.132
3705.000 16.328
3710.000 11.616
3715.000 8.803
3720.000 6.989
3725.000 5.746
3730.000 4.830
3735.000 4.128
3740.000 3.589
3745.000 3.156
3750.000 2.812
3755.000 2.659
3760.000 2.409
3765.000 2.197
3770.000 2.018
3775.000 1.870
3780.000 1.741
3785.000 1.634
3790.000 1.538
3795.000 1.457
3800.000 1.384
3805.000 1.313
3810.000 1.255
3815.000 1.228
3820.000 1.177
3825.000 1.131
3830.000 1.090
3835.000 1.053
3840.000 1.017
3845.000 0.985
3850.000 0.954
3855.000 0.925
3860.000 0.897
3865.000 0.872
3870.000 0.861
3875.000 0.838
3880.000 0.819
3885.000 0.796
3890.000 0.778
3895.000 0.759
3900.000 0.743
3905.000 0.729
3910.000 0.714
3915.000 0.698
3920.000 0.685
3925.000 0.673
3930.000 0.660
3935.000 0.654
3940.000 0.643
3945.000 0.631
3950.000 0.622
3955.000 0.611
3960.000 0.604
3965.000 0.594
3970.000 0.583
3975.000 0.572
3980.000 0.565
3985.000 0.564
3990.000 0.554
3995.000 0.546
4000.000 0.538
4005.000 0.537
4010.000 0.534
4015.000 0.521
4020.000 0.523
4025.000 0.512
4030.000 0.511
4035.000 0.498
4040.000 0.495
4045.000 0.489
4050.000 0.489
4055.000 0.484
4060.000 0.477
4065.000 0.476
4070.000 0.469
4075.000 0.466
4080.000 0.464
4085.000 0.461
4090.000 0.457
4095.000 0.454
4100.000 0.450
4105.000 0.447
4110.000 0.443
4115.000 0.442
4120.000 0.437
4125.000 0.433
4130.000 0.431
4135.000 0.428
4140.000 0.426
4145.000 0.422
4150.000 0.418
4155.000 0.413
4160.000 0.410
4165.000 0.406
4170.000 0.402
4175.000 0.397
4180.000 0.396
4185.000 0.393
4190.000 0.388
4195.000 0.385
4200.000 0.382
4205.000 0.379
4210.000 0.374
4215.000 0.371
4220.000 0.367
4225.000 0.365
4230.000 0.361
4235.000 0.355
4240.000 0.352
4245.000 0.348
4250.000 0.345
4255.000 0.342
4260.000 0.340
4265.000 0.337
4270.000 0.335
4275.000 0.336
4280.000 0.334
4285.000 0.334
4290.000 0.337
4295.000 0.338
4300.000 0.339
4305.000 0.339
4310.000 0.340
4315.000 0.342
4320.000 0.342
4325.000 0.343
4330.000 0.345
4335.000 0.347
4340.000 0.348
4345.000 0.348
4350.000 0.352
4355.000 0.352
4360.000 0.353
4365.000 0.353
4370.000 0.354
4375.000 0.356
4380.000 0.356
4385.000 0.357
4390.000 0.358
4395.000 0.358
4400.000 0.360
4405.000 0.359
4410.000 0.359
4415.000 0.360
4420.000 0.365
4425.000 0.364
4430.000 0.366
4435.000 0.366
4440.000 0.366
4445.000 0.365
4450.000 0.365
4455.000 0.368
4460.000 0.365
4465.000 0.370
4470.000 0.370
4475.000 0.370
4480.000 0.373
4485.000 0.373
4490.000 0.373
4495.000 0.374
4500.000 0.377
4505.000 0.377
4510.000 0.378
4515.000 0.381
4520.000 0.383
4525.000 0.385
4530.000 0.386
4535.000 0.387
4540.000 0.388
4545.000 0.390
4550.000 0.394
4555.000 0.397
4560.000 0.399
4565.000 0.400
4570.000 0.403
4575.000 0.405
4580.000 0.408
4585.000 0.411
4590.000 0.414
4595.000 0.419
4600.000 0.420
4605.000 0.426
4610.000 0.428
4615.000 0.432
4620.000 0.434
4625.000 0.438
4630.000 0.444
4635.000 0.448
4640.000 0.452
4645.000 0.456
4650.000 0.462
4655.000 0.467
4660.000 0.472
4665.000 0.476
4670.000 0.482
4675.000 0.490
4680.000 0.494
4685.000 0.502
4690.000 0.508
4695.000 0.517
4700.000 0.524
4705.000 0.534
4710.000 0.536
4715.000 0.546
4720.000 0.563
4725.000 0.566
4730.000 0.579
4735.000 0.592
4740.000 0.604
4745.000 0.619
4750.000 0.632
4755.000 0.649
4760.000 0.666
4765.000 0.682
4770.000 0.705
4775.000 0.727
4780.000 0.749
4785.000 0.763
4790.000 0.793
4795.000 0.823
4800.000 0.860
4805.000 0.901
4810.000 0.941
4815.000 0.991
4820.000 1.043
4825.000 1.111
4830.000 1.164
4835.000 1.204
4840.000 1.255
4845.000 1.303
4850.000 1.335
4855.000 1.391
4860.000 1.456
4865.000 1.531
4870.000 1.610
4875.000 1.704
4880.000 1.810
4885.000 1.929
4890.000 2.068
4895.000 2.148
4900.000 2.439
4905.000 2.564
4910.000 2.877
4915.000 3.250
4920.000 3.741
4925.000 4.355
4930.000 5.120
4935.000 6.061
4940.000 6.966
4945.000 8.293
4950.000 20.621
4955.000 31.374
4960.000 28.149
4965.000 35.606
4970.000 36.421
4975.000 28.909
4980.000 18.048
4985.000 12.287
4990.000 8.641
4995.000 6.546
5000.000 5.202
5005.000 4.285
5010.000 3.613
5015.000 3.123
5020.000 2.730
5025.000 2.419
5030.000 2.291
5035.000 2.069
5040.000 1.888
5045.000 1.732
5050.000 1.610
5055.000 1.492
5060.000 1.396
5065.000 1.320
5070.000 1.248
5075.000 1.189
5080.000 1.133
5085.000 1.108
5090.000 1.048
5095.000 1.026
5100.000 0.991
5105.000 0.957
5110.000 0.934
5115.000 0.906
5120.000 0.885
5125.000 0.866
5130.000 0.844
5135.000 0.837
5140.000 0.812
5145.000 0.798
5150.000 0.791
5155.000 0.780
5160.000 0.770
5165.000 0.760
5170.000 0.751
5175.000 0.739
5180.000 0.732
5185.000 0.727
5190.000 0.719
5195.000 0.715
5200.000 0.707
5205.000 0.704
5210.000 0.700
5215.000 0.700
5220.000 0.695
5225.000 0.690
5230.000 0.690
5235.000 0.685
5240.000 0.684
5245.000 0.680
5250.000 0.680
5255.000 0.678
5260.000 0.676
5265.000 0.676
5270.000 0.673
5275.000 0.676
5280.000 0.673
5285.000 0.671
5290.000 0.671
5295.000 0.670
5300.000 0.670
5305.000 0.669
5310.000 0.669
5315.000 0.668
5320.000 0.670
5325.000 0.671
5330.000 0.669
5335.000 0.670
5340.000 0.667
5345.000 0.669
5350.000 0.668
5355.000 0.666
5360.000 0.669
5365.000 0.667
5370.000 0.670
5375.000 0.667
5380.000 0.667
5385.000 0.666
5390.000 0.665
5395.000 0.667
5400.000 0.666
5405.000 0.666
5410.000 0.662
5415.000 0.662
5420.000 0.660
5425.000 0.662
5430.000 0.663
5435.000 0.662
5440.000 0.660
5445.000 0.659
5450.000 0.658
5455.000 0.656
5460.000 0.655
5465.000 0.656
5470.000 0.656
5475.000 0.657
5480.000 0.653
5485.000 0.654
5490.000 0.656
5495.000 0.653
5500.000 0.654
5505.000 0.653
5510.000 0.654
5515.000 0.653
5520.000 0.658
5525.000 0.658
5530.000 0.655
5535.000 0.656
5540.000 0.649
5545.000 0.649
5550.000 0.647
5555.000 0.649
5560.000 0.649
5565.000 0.651
5570.000 0.655
5575.000 0.651
5580.000 0.654
5585.000 0.653
5590.000 0.654
5595.000 0.654
5600.000 0.654
5605.000 0.657
5610.000 0.655
5615.000 0.657
5620.000 0.656
5625.000 0.662
5630.000 0.661
5635.000 0.661
5640.000 0.664
5645.000 0.664
5650.000 0.668
5655.000 0.669
5660.000 0.672
5665.000 0.676
5670.000 0.674
5675.000 0.680
5680.000 0.679
5685.000 0.685
5690.000 0.685
5695.000 0.687
5700.000 0.689
5705.000 0.695
5710.000 0.697
5715.000 0.698
5720.000 0.705
5725.000 0.707
5730.000 0.713
5735.000 0.717
5740.000 0.719
5745.000 0.728
5750.000 0.731
5755.000 0.739
5760.000 0.739
5765.000 0.749
5770.000 0.751
5775.000 0.758
5780.000 0.766
5785.000 0.770
5790.000 0.780
5795.000 0.784
5800.000 0.794
5805.000 0.804
5810.000 0.811
5815.000 0.823
5820.000 0.827
5825.000 0.839
5830.000 0.847
5835.000 0.859
5840.000 0.869
5845.000 0.883
5850.000 0.898
5855.000 0.912
5860.000 0.926
5865.000 0.939
5870.000 0.956
5875.000 0.974
5880.000 0.983
5885.000 1.003
5890.000 1.026
5895.000 1.051
5900.000 1.070
5905.000 1.099
5910.000 1.126
5915.000 1.151
5920.000 1.188
5925.000 1.216
5930.000 1.251
5935.000 1.288
5940.000 1.309
5945.000 1.315
5950.000 1.337
5955.000 1.368
5960.000 1.394
5965.000 1.416
5970.000 1.431
5975.000 1.465
5980.000 1.493
5985.000 1.523
5990.000 1.549
5995.000 1.582
6000.000 1.634
6005.000 1.646
6010.000 1.681
6015.000 1.730
6020.000 1.767
6025.000 1.818
6030.000 1.863
6035.000 1.929
6040.000 1.978
6045.000 2.049
6050.000 2.107
6055.000 2.172
6060.000 2.242
6065.000 2.319
6070.000 2.362
6075.000 2.449
6080.000 2.555
6085.000 2.648
6090.000 2.755
6095.000 2.870
6100.000 3.010
6105.000 3.148
6110.000 3.298
6115.000 3.482
6120.000 3.681
6125.000 3.789
6130.000 4.030
6135.000 4.314
6140.000 4.660
6145.000 5.093
6150.000 5.664
6155.000 6.411
6160.000 7.434
6165.000 8.861
6170.000 10.896
6175.000 13.884
6180.000 18.178
6185.000 20.890
6190.000 27.324
6195.000 34.400
6200.000 40.621
6205.000 43.469
6210.000 37.831
6215.000 25.791
6220.000 17.842
6225.000 12.906
6230.000 9.891
6235.000 7.986
6240.000 6.699
6245.000 5.809
6250.000 5.460
6255.000 4.978
6260.000 4.693
6265.000 4.363
6270.000 4.010
6275.000 3.664
6280.000 3.359
6285.000 3.082
6290.000 2.963
6295.000 2.652
6300.000 2.476
6305.000 2.330
6310.000 2.256
6315.000 2.131
6320.000 2.019
6325.000 1.922
6330.000 1.832
6335.000 1.758
6340.000 1.687
6345.000 1.621
6350.000 1.597
6355.000 1.515
6360.000 1.470
6365.000 1.447
6370.000 1.410
6375.000 1.376
6380.000 1.340
6385.000 1.312
6390.000 1.282
6395.000 1.259
6400.000 1.237
6405.000 1.212
6410.000 1.196
6415.000 1.179
6420.000 1.175
6425.000 1.154
6430.000 1.151
6435.000 1.139
6440.000 1.134
6445.000 1.131
6450.000 1.129
6455.000 1.132
6460.000 1.136
6465.000 1.148
6470.000 1.163
6475.000 1.181
6480.000 1.210
6485.000 1.244
6490.000 1.269
6495.000 1.325
6500.000 1.405
6505.000 1.516
6510.000 1.688
6515.000 1.967
6520.000 2.491
6525.000 3.735
6530.000 7.259
6535.000 15.019
6540.000 21.379
6545.000 20.554
6550.000 4.632
6555.000 1.268
6560.000 0.876
6565.000 0.871
6570.000 0.485
6575.000 0.321
6580.000 0.248
6585.000 0.221
6590.000 0.219
6595.000 0.221
6600.000 0.235
6605.000 0.245
6610.000 0.249
6615.000 0.258
6620.000 0.267
6625.000 0.274
6630.000 0.283
6635.000 0.287
6640.000 0.294
6645.000 0.298
6650.000 0.300
6655.000 0.306
6660.000 0.309
6665.000 0.314
6670.000 0.315
6675.000 0.318
6680.000 0.320
6685.000 0.324
6690.000 0.326
6695.000 0.328
6700.000 0.330
6705.000 0.331
6710.000 0.333
6715.000 0.336
6720.000 0.336
6725.000 0.340
6730.000 0.338
6735.000 0.340
6740.000 0.341
6745.000 0.343
6750.000 0.346
6755.000 0.346
6760.000 0.346
6765.000 0.349
6770.000 0.351
6775.000 0.350
6780.000 0.351
6785.000 0.354
6790.000 0.352
6795.000 0.354
6800.000 0.354
6805.000 0.356
6810.000 0.357
6815.000 0.359
6820.000 0.360
6825.000 0.361
6830.000 0.362
6835.000 0.364
6840.000 0.366
6845.000 0.367
6850.000 0.368
6855.000 0.371
6860.000 0.372
6865.000 0.373
6870.000 0.375
6875.000 0.378
6880.000 0.378
6885.000 0.381
6890.000 0.383
6895.000 0.386
6900.000 0.389
6905.000 0.392
6910.000 0.394
6915.000 0.395
6920.000 0.396
6925.000 0.400
6930.000 0.402
6935.000 0.406
6940.000 0.405
6945.000 0.410
6950.000 0.413
6955.000 0.418
6960.000 0.416
6965.000 0.424
6970.000 0.429
6975.000 0.431
6980.000 0.434
6985.000 0.441
6990.000 0.441
6995.000 0.445
7000.000 0.457
7005.000 0.455
7010.000 0.461
7015.000 0.470
7020.000 0.473
7025.000 0.479
7030.000 0.487
7035.000 0.500
7040.000 0.505
7045.000 0.511
7050.000 0.513
7055.000 0.523
7060.000 0.530
7065.000 0.538
7070.000 0.546
7075.000 0.556
7080.000 0.569
7085.000 0.578
7090.000 0.590
7095.000 0.594
7100.000 0.609
7105.000 0.622
7110.000 0.633
7115.000 0.645
7120.000 0.657
7125.000 0.671
7130.000 0.681
7135.000 0.693
7140.000 0.701
7145.000 0.723
7150.000 0.739
7155.000 0.753
7160.000 0.763
7165.000 0.781
7170.000 0.800
7175.000 0.822
7180.000 0.842
7185.000 0.866
7190.000 0.888
7195.000 0.917
7200.000 0.931
7205.000 0.973
7210.000 1.008
7215.000 1.025
7220.000 1.062
7225.000 1.104
7230.000 1.150
7235.000 1.200
7240.000 1.253
7245.000 1.312
7250.000 1.383
7255.000 1.462
7260.000 1.549
7265.000 1.653
7270.000 1.746
7275.000 1.823
7280.000 1.912
7285.000 1.952
7290.000 2.046
7295.000 2.141
7300.000 2.259
7305.000 2.379
7310.000 2.525
7315.000 2.673
7320.000 2.835
7325.000 3.022
7330.000 3.239
7335.000 3.491
7340.000 3.631
7345.000 3.969
7350.000 4.374
7355.000 4.965
7360.000 5.415
7365.000 6.640
7370.000 7.951
7375.000 9.596
7380.000 11.915
7385.000 15.032
7390.000 19.059
7395.000 23.805
7400.000 26.287
7405.000 31.068
7410.000 34.468
7415.000 34.632
7420.000 29.172
7425.000 21.509
7430.000 15.853
7435.000 12.065
7440.000 9.679
7445.000 7.961
7450.000 6.703
7455.000 5.781
7460.000 5.097
7465.000 4.876
7470.000 4.532
7475.000 4.255
7480.000 3.994
7485.000 3.778
7490.000 3.586
7495.000 3.327
7500.000 3.098
7505.000 2.883
7510.000 2.682
7515.000 2.589
7520.000 2.349
7525.000 2.276
7530.000 2.154
7535.000 2.048
7540.000 1.950
7545.000 1.869
7550.000 1.787
7555.000 1.723
7560.000 1.666
7565.000 1.611
7570.000 1.571
7575.000 1.523
7580.000 1.506
7585.000 1.468
7590.000 1.436
7595.000 1.402
7600.000 1.365
7605.000 1.334
7610.000 1.303
7615.000 1.277
7620.000 1.252
7625.000 1.230
7630.000 1.209
7635.000 1.187
7640.000 1.170
7645.000 1.160
7650.000 1.142
7655.000 1.126
7660.000 1.112
7665.000 1.098
7670.000 1.085
7675.000 1.072
7680.000 1.063
7685.000 1.050
7690.000 1.040
7695.000 1.029
7700.000 1.020
7705.000 1.015
7710.000 1.008
7715.000 0.999
7720.000 0.991
7725.000 0.985
7730.000 0.978
7735.000 0.971
7740.000 0.966
7745.000 0.961
7750.000 0.959
7755.000 0.954
7760.000 0.950
7765.000 0.948
7770.000 0.946
7775.000 0.943
7780.000 0.941
7785.000 0.941
7790.000 0.939
7795.000 0.939
7800.000 0.936
7805.000 0.938
7810.000 0.939
7815.000 0.939
7820.000 0.941
7825.000 0.941
7830.000 0.945
7835.000 0.948
7840.000 0.954
7845.000 0.958
7850.000 0.963
7855.000 0.969
7860.000 0.975
7865.000 0.981
7870.000 0.986
7875.000 0.996
7880.000 1.010
7885.000 1.022
7890.000 1.033
7895.000 1.044
7900.000 1.060
7905.000 1.078
7910.000 1.101
7915.000 1.128
7920.000 1.153
7925.000 1.186
7930.000 1.221
7935.000 1.265
7940.000 1.316
7945.000 1.358
7950.000 1.382
7955.000 1.439
7960.000 1.511
7965.000 1.594
7970.000 1.709
7975.000 1.862
7980.000 2.064
7985.000 2.358
7990.000 2.788
7995.000 3.418
8000.000 4.573
8005.000 6.956
8010.000 11.566
8015.000 14.589
8020.000 20.258
8025.000 18.229
8030.000 5.900
8035.000 2.820
8040.000 1.912
8045.000 0.951
8050.000 0.655
8055.000 0.430
8060.000 0.293
8065.000 0.219
8070.000 0.196
8075.000 0.198
8080.000 0.216
8085.000 0.240
8090.000 0.265
8095.000 0.290
8100.000 0.313
8105.000 0.332
8110.000 0.351
8115.000 0.369
8120.000 0.378
8125.000 0.401
8130.000 0.408
8135.000 0.424
8140.000 0.438
8145.000 0.454
8150.000 0.468
8155.000 0.481
8160.000 0.493
8165.000 0.507
8170.000 0.520
8175.000 0.532
8180.000 0.545
8185.000 0.556
8190.000 0.569
8195.000 0.576
8200.000 0.588
8205.000 0.598
8210.000 0.613
8215.000 0.623
8220.000 0.636
8225.000 0.651
8230.000 0.663
8235.000 0.677
8240.000 0.690
8245.000 0.707
8250.000 0.720
8255.000 0.728
8260.000 0.742
8265.000 0.760
8270.000 0.779
8275.000 0.796
8280.000 0.814
8285.000 0.833
8290.000 0.854
8295.000 0.879
8300.000 0.900
8305.000 0.928
8310.000 0.954
8315.000 0.984
8320.000 0.994
8325.000 1.021
8330.000 1.044
8335.000 1.068
8340.000 1.097
8345.000 1.125
8350.000 1.153
8355.000 1.187
8360.000 1.202
8365.000 1.235
8370.000 1.294
8375.000 1.317
8380.000 1.358
8385.000 1.409
8390.000 1.459
8395.000 1.517
8400.000 1.580
8405.000 1.633
8410.000 1.678
8415.000 1.725
8420.000 1.778
8425.000 1.832
8430.000 1.861
8435.000 1.928
8440.000 1.993
8445.000 2.072
8450.000 2.154
8455.000 2.243
8460.000 2.355
8465.000 2.477
8470.000 2.623
8475.000 2.822
8480.000 3.127
8485.000 3.357
8490.000 4.116
8495.000 6.885
8500.000 7.779
8505.000 4.755
8510.000 3.421
8515.000 2.532
8520.000 3.301
8525.000 3.379
8530.000 3.971
8535.000 4.510
8540.000 4.811
8545.000 5.820
8550.000 6.663
8555.000 7.717
8560.000 8.324
8565.000 9.780
8570.000 11.742
8575.000 14.017
8580.000 16.776
8585.000 20.072
8590.000 22.988
8595.000 25.313
8600.000 26.098
8605.000 24.724
8610.000 20.624
8615.000 16.044
8620.000 14.086
8625.000 10.863
8630.000 8.593
8635.000 7.042
8640.000 5.996
8645.000 5.256
8650.000 4.629
8655.000 4.225
8660.000 3.915
8665.000 3.646
8670.000 3.417
8675.000 3.207
8680.000 3.122
8685.000 2.941
8690.000 2.786
8695.000 2.644
8700.000 2.490
8705.000 2.338
8710.000 2.197
8715.000 2.064
8720.000 1.932
8725.000 1.814
8730.000 1.711
8735.000 1.608
8740.000 1.577
8745.000 1.499
8750.000 1.430
8755.000 1.368
8760.000 1.325
8765.000 1.297
8770.000 1.243
8775.000 1.204
8780.000 1.156
8785.000 1.114
8790.000 1.079
8795.000 1.045
8800.000 1.028
8805.000 0.999
8810.000 0.974
8815.000 0.942
8820.000 0.925
8825.000 0.898
8830.000 0.888
8835.000 0.852
8840.000 0.837
8845.000 0.823
8850.000 0.806
8855.000 0.795
8860.000 0.789
8865.000 0.776
8870.000 0.763
8875.000 0.750
8880.000 0.735
8885.000 0.719
8890.000 0.708
8895.000 0.694
8900.000 0.683
8905.000 0.672
8910.000 0.661
8915.000 0.655
8920.000 0.643
8925.000 0.639
8930.000 0.630
8935.000 0.624
8940.000 0.616
8945.000 0.607
8950.000 0.600
8955.000 0.593
8960.000 0.587
8965.000 0.583
8970.000 0.573
8975.000 0.570
8980.000 0.563
8985.000 0.559
8990.000 0.558
8995.000 0.555
9000.000 0.544
9005.000 0.547
9010.000 0.542
9015.000 0.538
9020.000 0.533
9025.000 0.527
9030.000 0.528
9035.000 0.522
9040.000 0.519
9045.000 0.516
9050.000 0.517
9055.000 0.512
9060.000 0.512
9065.000 0.510
9070.000 0.507
9075.000 0.508
9080.000 0.507
9085.000 0.506
9090.000 0.507
9095.000 0.504
9100.000 0.503
9105.000 0.504
9110.000 0.505
9115.000 0.503
9120.000 0.504
9125.000 0.506
9130.000 0.505
9135.000 0.509
9140.000 0.508
9145.000 0.511
9150.000 0.514
9155.000 0.514
9160.000 0.518
9165.000 0.518
9170.000 0.522
9175.000 0.523
9180.000 0.529
9185.000 0.531
9190.000 0.537
9195.000 0.543
9200.000 0.547
9205.000 0.554
9210.000 0.558
9215.000 0.565
9220.000 0.573
9225.000 0.579
9230.000 0.584
9235.000 0.591
9240.000 0.601
9245.000 0.609
9250.000 0.622
9255.000 0.633
9260.000 0.646
9265.000 0.661
9270.000 0.678
9275.000 0.695
9280.000 0.715
9285.000 0.734
9290.000 0.744
9295.000 0.770
9300.000 0.796
9305.000 0.818
9310.000 0.844
9315.000 0.868
9320.000 0.894
9325.000 0.925
9330.000 0.957
9335.000 0.992
9340.000 1.033
9345.000 1.059
9350.000 1.111
9355.000 1.171
9360.000 1.244
9365.000 1.334
9370.000 1.447
9375.000 1.573
9380.000 1.692
9385.000 1.832
9390.000 2.016
9395.000 2.282
9400.000 2.664
9405.000 3.282
9410.000 3.724
9415.000 5.099
9420.000 7.465
9425.000 11.161
9430.000 16.077
9435.000 20.740
9440.000 18.485
9445.000 6.765
9450.000 4.330
9455.000 2.779
9460.000 2.353
9465.000 1.402
9470.000 1.205
9475.000 0.895
9480.000 0.674
9485.000 0.512
9490.000 0.387
9495.000 0.287
9500.000 0.205
9505.000 0.136
9510.000 0.078
9515.000 0.032
9520.000 0.032
9525.000 0.070
9530.000 0.109
9535.000 0.127
9540.000 0.164
9545.000 0.199
9550.000 0.231
9555.000 0.265
9560.000 0.298
9565.000 0.330
9570.000 0.363
9575.000 0.395
9580.000 0.429
9585.000 0.462
9590.000 0.480
9595.000 0.515
9600.000 0.553
9605.000 0.592
9610.000 0.635
9615.000 0.681
9620.000 0.729
9625.000 0.783
9630.000 0.842
9635.000 0.905
9640.000 0.981
9645.000 1.074
9650.000 1.179
9655.000 1.235
9660.000 1.371
9665.000 1.526
9670.000 1.699
9675.000 1.937
9680.000 2.227
9685.000 2.535
9690.000 2.839
9695.000 3.208
9700.000 3.634
9705.000 4.141
9710.000 4.725
9715.000 5.046
9720.000 5.768
9725.000 6.588
9730.000 7.559
9735.000 8.665
9740.000 10.016
9745.000 11.586
9750.000 13.375
9755.000 15.438
9760.000 17.562
9765.000 18.578
9770.000 20.598
9775.000 20.458
9780.000 19.776
9785.000 17.432
9790.000 14.602
9795.000 12.013
9800.000 9.795
9805.000 7.912
9810.000 6.586
9815.000 6.046
9820.000 4.831
9825.000 4.328
9830.000 4.023
9835.000 3.901
9840.000 3.654
9845.000 3.440
9850.000 3.252
9855.000 3.084
9860.000 2.939
9865.000 2.800
9870.000 2.679
9875.000 2.570
9880.000 2.471
9885.000 2.380
9890.000 2.294
9895.000 2.257
9900.000 2.181
9905.000 2.117
9910.000 2.058
9915.000 1.991
9920.000 1.935
9925.000 1.874
9930.000 1.813
9935.000 1.760
9940.000 1.734
9945.000 1.662
9950.000 1.606
9955.000 1.579
9960.000 1.528
9965.000 1.484
9970.000 1.439
9975.000 1.392
9980.000 1.355
9985.000 1.325
9990.000 1.287
9995.000 1.256
10000.000 1.234
10005.000 1.201
10010.000 1.170
10015.000 1.149
10020.000 1.135
10025.000 1.115
10030.000 1.085
10035.000 1.060
10040.000 1.034
10045.000 1.013
10050.000 0.996
10055.000 0.979
10060.000 0.943
10065.000 0.914
10070.000 0.895
10075.000 0.880
10080.000 0.849
10085.000 0.817
10090.000 0.783
10095.000 0.740
10100.000 0.688
10105.000 0.605
10110.000 0.484
10115.000 0.343
10120.000 0.574
10125.000 2.199
10130.000 4.521
10135.000 4.265
10140.000 3.817
10145.000 2.725
10150.000 2.115
10155.000 1.760
10160.000 1.593
10165.000 1.453
10170.000 1.347
10175.000 1.274
10180.000 1.228
10185.000 1.186
10190.000 1.161
10195.000 1.142
10200.000 1.136
10205.000 1.119
10210.000 1.109
10215.000 1.099
10220.000 1.090
10225.000 1.086
10230.000 1.079
10235.000 1.072
10240.000 1.063
10245.000 1.058
10250.000 1.056
10255.000 1.051
10260.000 1.049
10265.000 1.048
10270.000 1.047
10275.000 1.040
10280.000 1.039
10285.000 1.037
10290.000 1.034
10295.000 1.033
10300.000 1.026
10305.000 1.021
10310.000 1.023
10315.000 1.018
10320.000 1.021
10325.000 1.017
10330.000 1.018
10335.000 1.018
10340.000 1.018
10345.000 1.016
10350.000 1.020
10355.000 1.017
10360.000 1.018
10365.000 1.019
10370.000 1.015
10375.000 1.014
10380.000 1.022
10385.000 1.026
10390.000 1.015
10395.000 1.018
10400.000 1.025
10405.000 1.026
10410.000 1.028
10415.000 1.036
10420.000 1.038
10425.000 1.042
10430.000 1.045
10435.000 1.068
10440.000 1.086
10445.000 1.086
10450.000 1.085
10455.000 1.073
10460.000 1.068
10465.000 1.069
10470.000 1.076
10475.000 1.084
10480.000 1.090
10485.000 1.097
10490.000 1.104
10495.000 1.114
10500.000 1.130
10505.000 1.139
10510.000 1.143
10515.000 1.146
10520.000 1.158
10525.000 1.178
10530.000 1.188
10535.000 1.197
10540.000 1.208
10545.000 1.219
10550.000 1.220
10555.000 1.232
10560.000 1.239
10565.000 1.245
10570.000 1.248
10575.000 1.266
10580.000 1.276
10585.000 1.288
10590.000 1.300
10595.000 1.317
10600.000 1.333
10605.000 1.350
10610.000 1.361
10615.000 1.381
10620.000 1.407
10625.000 1.417
10630.000 1.432
10635.000 1.456
10640.000 1.479
10645.000 1.501
10650.000 1.527
10655.000 1.548
10660.000 1.579
10665.000 1.617
10670.000 1.634
10675.000 1.687
10680.000 1.723
10685.000 1.766
10690.000 1.787
10695.000 1.835
10700.000 1.891
10705.000 1.959
10710.000 2.020
10715.000 2.085
10720.000 2.161
10725.000 2.255
10730.000 2.347
10735.000 2.460
10740.000 2.597
10745.000 2.747
10750.000 2.877
10755.000 3.089
10760.000 3.364
10765.000 3.737
10770.000 4.252
10775.000 4.822
10780.000 5.874
10785.000 7.454
10790.000 9.598
10795.000 11.993
10800.000 12.696
10805.000 11.774
10810.000 8.124
10815.000 4.926
10820.000 3.122
10825.000 2.067
10830.000 1.393
10835.000 0.866
10840.000 0.497
10845.000 0.244
10850.000 0.199
10855.000 0.335
10860.000 0.499
10865.000 0.661
10870.000 0.743
10875.000 0.948
10880.000 1.258
10885.000 1.694
10890.000 2.310
10895.000 3.113
10900.000 4.043
10905.000 5.029
10910.000 6.014
10915.000 6.519
10920.000 8.095
10925.000 9.195
10930.000 9.740
10935.000 10.657
10940.000 11.356
10945.000 11.241
10950.000 10.494
10955.000 9.478
10960.000 8.363
10965.000 7.366
10970.000 6.501
10975.000 5.737
10980.000 5.049
10985.000 4.389
10990.000 3.819
10995.000 3.564
11000.000 3.154
11005.000 2.829
11010.000 2.551
11015.000 2.273
11020.000 1.999
11025.000 1.778
11030.000 1.619
11035.000 1.473
11040.000 1.488
11045.000 1.347
11050.000 1.293
11055.000 1.202
11060.000 1.120
11065.000 1.032
11070.000 0.956
11075.000 0.894
11080.000 0.832
11085.000 0.783
11090.000 0.759
11095.000 0.696
11100.000 0.663
11105.000 0.630
11110.000 0.615
11115.000 0.589
11120.000 0.563
11125.000 0.540
11130.000 0.518
11135.000 0.499
11140.000 0.483
11145.000 0.466
11150.000 0.450
11155.000 0.443
11160.000 0.421
11165.000 0.407
11170.000 0.396
11175.000 0.391
11180.000 0.379
11185.000 0.366
11190.000 0.358
11195.000 0.349
11200.000 0.340
11205.000 0.331
11210.000 0.323
11215.000 0.315
11220.000 0.307
11225.000 0.301
11230.000 0.293
11235.000 0.289
11240.000 0.284
11245.000 0.278
11250.000 0.274
11255.000 0.266
11260.000 0.262
11265.000 0.257
11270.000 0.253
11275.000 0.250
11280.000 0.246
11285.000 0.244
11290.000 0.241
11295.000 0.240
11300.000 0.243
11305.000 0.246
11310.000 0.251
11315.000 0.248
11320.000 0.241
11325.000 0.231
11330.000 0.225
11335.000 0.219
11340.000 0.217
11345.000 0.208
11350.000 0.204
11355.000 0.202
11360.000 0.199
11365.000 0.195
11370.000 0.192
11375.000 0.191
11380.000 0.187
11385.000 0.184
11390.000 0.183
11395.000 0.180
11400.000 0.180
11405.000 0.178
11410.000 0.175
11415.000 0.173
11420.000 0.171
11425.000 0.170
11430.000 0.169
11435.000 0.166
11440.000 0.167
11445.000 0.164
11450.000 0.163
11455.000 0.161
11460.000 0.161
11465.000 0.160
11470.000 0.158
11475.000 0.157
11480.000 0.156
11485.000 0.159
11490.000 0.158
11495.000 0.157
11500.000 0.155
11505.000 0.153
11510.000 0.150
11515.000 0.149
11520.000 0.147
11525.000 0.145
11530.000 0.145
11535.000 0.142
11540.000 0.140
11545.000 0.141
11550.000 0.139
11555.000 0.134
11560.000 0.131
11565.000 0.130
11570.000 0.126
11575.000 0.124
11580.000 0.120
11585.000 0.115
11590.000 0.108
11595.000 0.105
11600.000 0.100
11605.000 0.095
11610.000 0.084
11615.000 0.075
11620.000 0.063
11625.000 0.048
11630.000 0.036
11635.000 0.041
11640.000 0.080
11645.000 0.147
11650.000 0.265
11655.000 0.557
11660.000 0.918
11665.000 2.306
11670.000 3.642
11675.000 3.003
11680.000 1.846
11685.000 1.398
11690.000 1.125
11695.000 0.953
11700.000 0.822
11705.000 0.735
11710.000 0.679
11715.000 0.637
11720.000 0.616
11725.000 0.602
11730.000 0.591
11735.000 0.585
11740.000 0.584
11745.000 0.582
11750.000 0.585
11755.000 0.591
11760.000 0.599
11765.000 0.603
11770.000 0.591
11775.000 0.577
11780.000 0.570
11785.000 0.567
11790.000 0.568
11795.000 0.576
11800.000 0.583
11805.000 0.596
11810.000 0.607
11815.000 0.617
11820.000 0.631
11825.000 0.642
11830.000 0.652
11835.000 0.671
11840.000 0.680
11845.000 0.691
11850.000 0.711
11855.000 0.731
11860.000 0.751
11865.000 0.775
11870.000 0.798
11875.000 0.819
11880.000 0.851
11885.000 0.877
11890.000 0.892
11895.000 0.942
11900.000 0.965
11905.000 0.991
11910.000 1.028
11915.000 1.073
11920.000 1.133
11925.000 1.181
11930.000 1.217
11935.000 1.264
11940.000 1.313
11945.000 1.375
11950.000 1.451
11955.000 1.536
11960.000 1.635
11965.000 1.687
11970.000 1.809
11975.000 1.945
11980.000 2.092
11985.000 2.130
11990.000 1.725
11995.000 0.788
12000.000 2.598
