2201.000 0.003
2202.000 0.136
2203.000 0.130
2204.000 0.131
2205.000 0.132
2206.000 0.134
2207.000 0.135
2208.000 0.135
2209.000 0.136
2210.000 0.137
2211.000 0.138
2212.000 0.139
2213.000 0.141
2214.000 0.141
2215.000 0.141
2216.000 0.145
2217.000 0.144
2218.000 0.148
2219.000 0.148
2220.000 0.150
2221.000 0.152
2222.000 0.154
2223.000 0.154
2224.000 0.157
2225.000 0.160
2226.000 0.162
2227.000 0.163
2228.000 0.168
2229.000 0.170
2230.000 0.172
2231.000 0.175
2232.000 0.177
2233.000 0.181
2234.000 0.186
2235.000 0.188
2236.000 0.192
2237.000 0.196
2238.000 0.186
2239.000 0.196
2240.000 0.198
2241.000 0.204
2242.000 0.192
2243.000 0.216
2244.000 0.214
2245.000 0.228
2246.000 0.228
2247.000 0.240
2248.000 0.259
2249.000 0.264
2250.000 0.266
2251.000 0.279
2252.000 0.311
2253.000 0.319
2254.000 0.307
2255.000 0.320
2256.000 0.332
2257.000 0.352
2258.000 0.344
2259.000 0.388
2260.000 0.417
2261.000 0.429
2262.000 0.443
2263.000 0.481
2264.000 0.555
2265.000 0.562
2266.000 0.613
2267.000 0.629
2268.000 0.656
2269.000 0.710
2270.000 0.745
2271.000 0.786
2272.000 0.825
2273.000 0.884
2274.000 0.921
2275.000 0.975
2276.000 1.024
2277.000 1.101
2278.000 1.170
2279.000 1.259
2280.000 1.336
2281.000 1.463
2282.000 1.550
2283.000 1.643
2284.000 1.818
2285.000 1.947
2286.000 2.105
2287.000 2.379
2288.000 2.622
2289.000 3.013
2290.000 3.331
2291.000 3.887
2292.000 4.244
2293.000 4.536
2294.000 4.527
2295.000 4.182
2296.000 3.749
2297.000 3.465
2298.000 4.098
2299.000 6.407
2300.000 6.940
2301.000 5.793
2302.000 4.957
2303.000 4.412
2304.000 3.875
2305.000 3.645
2306.000 3.420
2307.000 3.140
2308.000 2.973
2309.000 2.772
2310.000 2.645
2311.000 2.484
2312.000 2.400
2313.000 2.311
2314.000 2.206
2315.000 2.138
2316.000 2.083
2317.000 1.996
2318.000 1.954
2319.000 1.896
2320.000 1.861
2321.000 1.812
2322.000 1.778
2323.000 1.754
2324.000 1.724
2325.000 1.708
2326.000 1.685
2327.000 1.662
2328.000 1.649
2329.000 1.631
2330.000 1.619
2331.000 1.601
2332.000 1.595
2333.000 1.593
2334.000 1.591
2335.000 1.589
2336.000 1.590
2337.000 1.600
2338.000 1.596
2339.000 1.599
2340.000 1.611
2341.000 1.631
2342.000 1.643
2343.000 1.668
2344.000 1.679
2345.000 1.703
2346.000 1.731
2347.000 1.759
2348.000 1.791
2349.000 1.841
2350.000 1.888
2351.000 1.942
2352.000 1.997
2353.000 2.078
2354.000 2.155
2355.000 2.219
2356.000 2.348
2357.000 2.444
2358.000 2.557
2359.000 2.766
2360.000 2.913
2361.000 3.157
2362.000 3.357
2363.000 3.694
2364.000 3.945
2365.000 4.249
2366.000 4.749
2367.000 5.089
2368.000 5.355
2369.000 5.556
2370.000 5.558
2371.000 5.211
2372.000 4.749
2373.000 3.923
2374.000 3.417
2375.000 2.989
2376.000 2.482
2377.000 2.216
2378.000 1.986
2379.000 1.702
2380.000 1.541
2381.000 1.343
2382.000 1.226
2383.000 1.079
2384.000 0.999
2385.000 0.921
2386.000 0.800
2387.000 0.720
2388.000 0.654
2389.000 0.571
2390.000 0.526
2391.000 0.481
2392.000 0.428
2393.000 0.383
2394.000 0.353
2395.000 0.333
2396.000 0.309
2397.000 0.279
2398.000 0.261
2399.000 0.236
2400.000 0.220
2401.000 0.199
2402.000 0.187
2403.000 0.175
2404.000 0.158
2405.000 0.147
2406.000 0.138
2407.000 0.124
2408.000 0.117
2409.000 0.104
2410.000 0.098
2411.000 0.090
2412.000 0.081
2413.000 0.079
2414.000 0.067
2415.000 0.066
2416.000 0.059
2417.000 0.057
2418.000 0.052
2419.000 0.046
2420.000 0.045
2421.000 0.041
2422.000 0.039
2423.000 0.037
2424.000 0.038
2425.000 0.038
2426.000 0.037
2427.000 0.039
2428.000 0.040
2429.000 0.042
2430.000 0.042
2431.000 0.046
2432.000 0.048
2433.000 0.049
2434.000 0.050
2435.000 0.054
2436.000 0.057
2437.000 0.059
2438.000 0.059
2439.000 0.061
2440.000 0.062
2441.000 0.066
2442.000 0.069
2443.000 0.070
2444.000 0.072
2445.000 0.076
2446.000 0.075
2447.000 0.077
2448.000 0.080
2449.000 0.082
2450.000 0.083
2451.000 0.085
2452.000 0.086
2453.000 0.088
2454.000 0.090
2455.000 0.091
2456.000 0.091
2457.000 0.094
2458.000 0.094
2459.000 0.095
2460.000 0.097
2461.000 0.098
2462.000 0.100
2463.000 0.102
2464.000 0.105
2465.000 0.103
2466.000 0.105
2467.000 0.106
2468.000 0.106
2469.000 0.108
2470.000 0.109
2471.000 0.111
2472.000 0.110
2473.000 0.111
2474.000 0.113
2475.000 0.113
2476.000 0.115
2477.000 0.115
2478.000 0.117
2479.000 0.119
2480.000 0.118
2481.000 0.119
2482.000 0.121
2483.000 0.121
2484.000 0.122
2485.000 0.122
2486.000 0.122
2487.000 0.123
2488.000 0.124
2489.000 0.127
2490.000 0.127
2491.000 0.126
2492.000 0.128
2493.000 0.130
2494.000 0.130
2495.000 0.130
2496.000 0.131
2497.000 0.131
2498.000 0.132
2499.000 0.135
2500.000 0.131
