1801.000 0.003
1802.000 2.778
1803.000 3.293
1804.000 3.303
1805.000 3.313
1806.000 3.334
1807.000 3.343
1808.000 3.347
1809.000 3.358
1810.000 3.359
1811.000 3.359
1812.000 3.366
1813.000 3.357
1814.000 3.366
1815.000 3.382
1816.000 3.389
1817.000 3.392
1818.000 3.405
1819.000 3.416
1820.000 3.429
1821.000 3.433
1822.000 3.441
1823.000 3.448
1824.000 3.453
1825.000 3.463
1826.000 3.455
1827.000 3.434
1828.000 3.439
1829.000 3.420
1830.000 3.391
1831.000 3.362
1832.000 3.329
1833.000 3.285
1834.000 3.243
1835.000 3.210
1836.000 3.161
1837.000 3.117
1838.000 3.098
1839.000 3.061
1840.000 3.007
1841.000 2.978
1842.000 2.927
1843.000 2.890
1844.000 2.841
1845.000 2.801
1846.000 2.771
1847.000 2.738
1848.000 2.732
1849.000 2.726
1850.000 2.722
1851.000 2.733
1852.000 2.729
1853.000 2.729
1854.000 2.728
1855.000 2.729
1856.000 2.723
1857.000 2.710
1858.000 2.700
1859.000 2.691
1860.000 2.652
1861.000 2.631
1862.000 2.590
1863.000 2.523
1864.000 2.453
1865.000 2.361
1866.000 2.273
1867.000 2.176
1868.000 2.076
1869.000 1.980
1870.000 1.885
1871.000 1.802
1872.000 1.732
1873.000 1.686
1874.000 1.686
1875.000 1.686
1876.000 1.691
1877.000 1.693
1878.000 1.697
1879.000 1.713
1880.000 1.708
1881.000 1.708
1882.000 1.716
1883.000 1.717
1884.000 1.724
1885.000 1.723
1886.000 1.728
1887.000 1.739
1888.000 1.742
1889.000 1.741
1890.000 1.741
1891.000 1.741
1892.000 1.746
1893.000 1.746
1894.000 1.747
1895.000 1.756
1896.000 1.756
1897.000 1.757
1898.000 1.766
1899.000 1.766
1900.000 1.772
1901.000 1.787
1902.000 1.784
1903.000 1.779
1904.000 1.787
1905.000 1.790
1906.000 1.800
1907.000 1.803
1908.000 1.802
1909.000 1.807
1910.000 1.808
1911.000 1.815
1912.000 1.820
1913.000 1.816
1914.000 1.819
1915.000 1.823
1916.000 1.831
1917.000 1.833
1918.000 1.835
1919.000 1.834
1920.000 1.841
1921.000 1.841
1922.000 1.841
1923.000 1.844
1924.000 1.846
1925.000 1.844
1926.000 1.849
1927.000 1.848
1928.000 1.857
1929.000 1.854
1930.000 1.860
1931.000 1.861
1932.000 1.867
1933.000 1.868
1934.000 1.870
1935.000 1.870
1936.000 1.876
1937.000 1.883
1938.000 1.887
1939.000 1.895
1940.000 1.902
1941.000 1.907
1942.000 1.905
1943.000 1.915
1944.000 1.919
1945.000 1.922
1946.000 1.923
1947.000 1.934
1948.000 1.943
1949.000 1.941
1950.000 1.938
1951.000 1.945
1952.000 1.953
1953.000 1.962
1954.000 1.970
1955.000 1.969
1956.000 1.972
1957.000 1.977
1958.000 1.988
1959.000 1.989
1960.000 2.002
1961.000 2.005
1962.000 2.005
1963.000 2.030
1964.000 2.025
1965.000 2.027
1966.000 2.045
1967.000 2.051
1968.000 2.053
1969.000 2.053
1970.000 2.074
1971.000 2.090
1972.000 2.091
1973.000 2.091
1974.000 2.095
1975.000 2.092
1976.000 2.106
1977.000 2.104
1978.000 2.124
1979.000 2.119
1980.000 2.134
1981.000 2.131
1982.000 2.131
1983.000 2.149
1984.000 2.148
1985.000 2.148
1986.000 2.165
1987.000 2.192
1988.000 2.196
1989.000 2.201
1990.000 2.208
1991.000 2.203
1992.000 2.227
1993.000 2.237
1994.000 2.238
1995.000 2.245
1996.000 2.266
1997.000 2.265
1998.000 2.287
1999.000 2.308
2000.000 2.315
2001.000 2.324
2002.000 2.339
2003.000 2.359
2004.000 2.366
2005.000 2.376
2006.000 2.392
2007.000 2.418
2008.000 2.422
2009.000 2.413
2010.000 2.454
2011.000 2.452
2012.000 2.481
2013.000 2.502
2014.000 2.510
2015.000 2.538
2016.000 2.552
2017.000 2.570
2018.000 2.598
2019.000 2.602
2020.000 2.609
2021.000 2.647
2022.000 2.665
2023.000 2.665
2024.000 2.696
2025.000 2.716
2026.000 2.738
2027.000 2.779
2028.000 2.813
2029.000 2.817
2030.000 2.839
2031.000 2.870
2032.000 2.881
2033.000 2.925
2034.000 2.965
2035.000 2.987
2036.000 3.022
2037.000 3.046
2038.000 3.074
2039.000 3.106
2040.000 3.146
2041.000 3.182
2042.000 3.221
2043.000 3.237
2044.000 3.293
2045.000 3.348
2046.000 3.393
2047.000 3.443
2048.000 3.517
2049.000 3.557
2050.000 3.609
2051.000 3.656
2052.000 3.725
2053.000 3.774
2054.000 3.830
2055.000 3.901
2056.000 3.953
2057.000 4.038
2058.000 4.097
2059.000 4.182
2060.000 4.265
2061.000 4.351
2062.000 4.451
2063.000 4.549
2064.000 4.665
2065.000 4.769
2066.000 4.900
2067.000 5.042
2068.000 5.112
2069.000 5.251
2070.000 5.419
2071.000 5.573
2072.000 5.741
2073.000 5.923
2074.000 6.137
2075.000 6.340
2076.000 6.622
2077.000 6.887
2078.000 7.187
2079.000 7.462
2080.000 7.781
2081.000 7.946
2082.000 8.309
2083.000 8.740
2084.000 9.190
2085.000 9.640
2086.000 10.164
2087.000 10.682
2088.000 11.269
2089.000 11.877
2090.000 12.440
2091.000 13.015
2092.000 13.268
2093.000 13.725
2094.000 14.074
2095.000 14.246
2096.000 14.244
2097.000 14.001
2098.000 13.545
2099.000 12.920
2100.000 12.183
2101.000 11.411
2102.000 10.558
2103.000 9.926
2104.000 9.587
2105.000 8.956
2106.000 8.319
2107.000 7.778
2108.000 7.307
2109.000 6.847
2110.000 6.466
2111.000 6.073
2112.000 5.737
2113.000 5.431
2114.000 5.157
2115.000 4.890
2116.000 4.649
2117.000 4.539
2118.000 4.321
2119.000 4.114
2120.000 3.954
2121.000 3.771
2122.000 3.596
2123.000 3.455
2124.000 3.308
2125.000 3.173
2126.000 3.040
2127.000 2.944
2128.000 2.837
2129.000 2.775
2130.000 2.665
2131.000 2.568
2132.000 2.475
2133.000 2.382
2134.000 2.292
2135.000 2.172
2136.000 2.056
2137.000 1.940
2138.000 1.833
2139.000 1.745
2140.000 1.652
2141.000 1.610
2142.000 1.537
2143.000 1.482
2144.000 1.417
2145.000 1.358
2146.000 1.300
2147.000 1.252
2148.000 1.205
2149.000 1.161
2150.000 1.116
2151.000 1.081
2152.000 1.040
2153.000 1.023
2154.000 0.987
2155.000 0.954
2156.000 0.922
2157.000 0.894
2158.000 0.863
2159.000 0.840
2160.000 0.810
2161.000 0.779
2162.000 0.754
2163.000 0.730
2164.000 0.709
2165.000 0.686
2166.000 0.675
2167.000 0.659
2168.000 0.636
2169.000 0.617
2170.000 0.597
2171.000 0.581
2172.000 0.560
2173.000 0.545
2174.000 0.528
2175.000 0.511
2176.000 0.495
2177.000 0.482
2178.000 0.474
2179.000 0.459
2180.000 0.443
2181.000 0.426
2182.000 0.413
2183.000 0.399
2184.000 0.384
2185.000 0.375
2186.000 0.364
2187.000 0.351
2188.000 0.338
2189.000 0.326
2190.000 0.318
2191.000 0.307
2192.000 0.294
2193.000 0.286
2194.000 0.275
2195.000 0.262
2196.000 0.252
2197.000 0.241
2198.000 0.232
2199.000 0.219
2200.000 0.211
2201.000 0.199
2202.000 0.195
2203.000 0.183
2204.000 0.177
2205.000 0.166
2206.000 0.158
2207.000 0.148
2208.000 0.139
2209.000 0.131
2210.000 0.123
2211.000 0.114
2212.000 0.110
2213.000 0.100
2214.000 0.098
2215.000 0.091
2216.000 0.086
2217.000 0.083
2218.000 0.080
2219.000 0.080
2220.000 0.080
2221.000 0.081
2222.000 0.085
2223.000 0.091
2224.000 0.097
2225.000 0.104
2226.000 0.115
2227.000 0.119
2228.000 0.132
2229.000 0.142
2230.000 0.156
2231.000 0.169
2232.000 0.182
2233.000 0.197
2234.000 0.214
2235.000 0.233
2236.000 0.252
2237.000 0.274
2238.000 0.295
2239.000 0.306
2240.000 0.329
2241.000 0.354
2242.000 0.379
2243.000 0.408
2244.000 0.442
2245.000 0.476
2246.000 0.517
2247.000 0.563
2248.000 0.613
2249.000 0.674
2250.000 0.708
2251.000 0.784
2252.000 0.889
2253.000 1.015
2254.000 1.171
2255.000 1.375
2256.000 1.598
2257.000 1.798
2258.000 2.012
2259.000 2.249
2260.000 2.532
2261.000 2.820
2262.000 3.132
2263.000 3.295
2264.000 3.593
2265.000 3.782
2266.000 3.839
2267.000 3.710
2268.000 3.440
2269.000 3.120
2270.000 2.814
2271.000 2.524
2272.000 2.281
2273.000 2.112
2274.000 1.959
2275.000 1.890
2276.000 1.762
2277.000 1.645
2278.000 1.529
2279.000 1.433
2280.000 1.348
2281.000 1.269
2282.000 1.202
2283.000 1.148
2284.000 1.088
2285.000 1.033
2286.000 0.991
2287.000 0.944
2288.000 0.929
2289.000 0.879
2290.000 0.833
2291.000 0.788
2292.000 0.744
2293.000 0.708
2294.000 0.677
2295.000 0.647
2296.000 0.617
2297.000 0.590
2298.000 0.565
2299.000 0.553
2300.000 0.534
2301.000 0.509
2302.000 0.491
2303.000 0.475
2304.000 0.460
2305.000 0.442
2306.000 0.430
2307.000 0.422
2308.000 0.407
2309.000 0.394
2310.000 0.384
2311.000 0.373
2312.000 0.368
2313.000 0.358
2314.000 0.354
2315.000 0.346
2316.000 0.333
2317.000 0.324
2318.000 0.315
2319.000 0.307
2320.000 0.302
2321.000 0.297
2322.000 0.292
2323.000 0.286
2324.000 0.282
2325.000 0.276
2326.000 0.273
2327.000 0.264
2328.000 0.259
2329.000 0.255
2330.000 0.251
2331.000 0.246
2332.000 0.240
2333.000 0.234
2334.000 0.230
2335.000 0.222
2336.000 0.221
2337.000 0.218
2338.000 0.216
2339.000 0.212
2340.000 0.209
2341.000 0.204
2342.000 0.199
2343.000 0.198
2344.000 0.193
2345.000 0.190
2346.000 0.185
2347.000 0.182
2348.000 0.179
2349.000 0.179
2350.000 0.176
2351.000 0.172
2352.000 0.168
2353.000 0.167
2354.000 0.165
2355.000 0.161
2356.000 0.158
2357.000 0.156
2358.000 0.154
2359.000 0.151
2360.000 0.150
2361.000 0.147
2362.000 0.148
2363.000 0.143
2364.000 0.140
2365.000 0.139
2366.000 0.138
2367.000 0.134
2368.000 0.133
2369.000 0.129
2370.000 0.127
2371.000 0.126
2372.000 0.126
2373.000 0.123
2374.000 0.122
2375.000 0.120
2376.000 0.119
2377.000 0.117
2378.000 0.115
2379.000 0.113
2380.000 0.110
2381.000 0.110
2382.000 0.107
2383.000 0.104
2384.000 0.106
2385.000 0.105
2386.000 0.104
2387.000 0.101
2388.000 0.099
2389.000 0.100
2390.000 0.098
2391.000 0.096
2392.000 0.096
2393.000 0.094
2394.000 0.093
2395.000 0.094
2396.000 0.092
2397.000 0.091
2398.000 0.089
2399.000 0.089
2400.000 0.087
2401.000 0.085
2402.000 0.085
2403.000 0.085
2404.000 0.085
2405.000 0.083
2406.000 0.080
2407.000 0.078
2408.000 0.077
2409.000 0.079
2410.000 0.079
2411.000 0.076
2412.000 0.076
2413.000 0.075
2414.000 0.074
2415.000 0.073
2416.000 0.072
2417.000 0.070
2418.000 0.071
2419.000 0.071
2420.000 0.069
2421.000 0.069
2422.000 0.068
2423.000 0.067
2424.000 0.067
2425.000 0.067
2426.000 0.069
2427.000 0.066
2428.000 0.067
2429.000 0.065
2430.000 0.066
2431.000 0.064
2432.000 0.062
2433.000 0.064
2434.000 0.063
2435.000 0.061
2436.000 0.063
2437.000 0.063
2438.000 0.061
2439.000 0.060
2440.000 0.060
2441.000 0.058
2442.000 0.060
2443.000 0.060
2444.000 0.061
2445.000 0.059
2446.000 0.060
2447.000 0.059
2448.000 0.059
2449.000 0.058
2450.000 0.059
2451.000 0.059
2452.000 0.057
2453.000 0.058
2454.000 0.059
2455.000 0.059
2456.000 0.059
2457.000 0.058
2458.000 0.056
2459.000 0.058
2460.000 0.055
2461.000 0.057
2462.000 0.058
2463.000 0.056
2464.000 0.058
2465.000 0.054
2466.000 0.056
2467.000 0.057
2468.000 0.055
2469.000 0.057
2470.000 0.057
2471.000 0.057
2472.000 0.056
2473.000 0.055
2474.000 0.057
2475.000 0.056
2476.000 0.057
2477.000 0.056
2478.000 0.058
2479.000 0.057
2480.000 0.056
2481.000 0.057
2482.000 0.056
2483.000 0.058
2484.000 0.056
2485.000 0.056
2486.000 0.057
2487.000 0.058
2488.000 0.057
2489.000 0.056
2490.000 0.057
2491.000 0.055
2492.000 0.057
2493.000 0.056
2494.000 0.060
2495.000 0.057
2496.000 0.059
2497.000 0.059
2498.000 0.059
2499.000 0.058
2500.000 0.058
2501.000 0.058
2502.000 0.057
2503.000 0.058
2504.000 0.058
2505.000 0.061
2506.000 0.061
2507.000 0.060
2508.000 0.059
2509.000 0.060
2510.000 0.061
2511.000 0.061
2512.000 0.062
2513.000 0.061
2514.000 0.062
2515.000 0.061
2516.000 0.061
2517.000 0.063
2518.000 0.061
2519.000 0.061
2520.000 0.061
2521.000 0.062
2522.000 0.061
2523.000 0.063
2524.000 0.062
2525.000 0.062
2526.000 0.063
2527.000 0.064
2528.000 0.063
2529.000 0.064
2530.000 0.063
2531.000 0.062
2532.000 0.067
2533.000 0.064
2534.000 0.063
2535.000 0.062
2536.000 0.063
2537.000 0.065
2538.000 0.063
2539.000 0.066
2540.000 0.066
2541.000 0.066
2542.000 0.066
2543.000 0.066
2544.000 0.067
2545.000 0.065
2546.000 0.064
2547.000 0.065
2548.000 0.066
2549.000 0.067
2550.000 0.070
2551.000 0.067
2552.000 0.068
2553.000 0.071
2554.000 0.069
2555.000 0.068
2556.000 0.070
2557.000 0.070
2558.000 0.069
2559.000 0.070
2560.000 0.069
2561.000 0.072
2562.000 0.070
2563.000 0.073
2564.000 0.072
2565.000 0.072
2566.000 0.072
2567.000 0.074
2568.000 0.073
2569.000 0.074
2570.000 0.073
2571.000 0.073
2572.000 0.074
2573.000 0.073
2574.000 0.074
2575.000 0.075
2576.000 0.075
2577.000 0.073
2578.000 0.077
2579.000 0.075
2580.000 0.077
2581.000 0.077
2582.000 0.078
2583.000 0.079
2584.000 0.077
2585.000 0.078
2586.000 0.077
2587.000 0.080
2588.000 0.080
2589.000 0.078
2590.000 0.080
2591.000 0.079
2592.000 0.079
2593.000 0.080
2594.000 0.080
2595.000 0.075
2596.000 0.082
2597.000 0.081
2598.000 0.080
2599.000 0.085
2600.000 0.081
