1801.000 0.009
1802.000 3.287
1803.000 3.587
1804.000 3.603
1805.000 3.616
1806.000 3.628
1807.000 3.645
1808.000 3.650
1809.000 3.660
1810.000 3.561
1811.000 3.504
1812.000 3.522
1813.000 3.529
1814.000 3.547
1815.000 3.570
1816.000 3.588
1817.000 3.596
1818.000 3.619
1819.000 3.637
1820.000 3.652
1821.000 3.667
1822.000 3.685
1823.000 3.694
1824.000 3.708
1825.000 3.725
1826.000 3.724
1827.000 3.729
1828.000 3.737
1829.000 3.736
1830.000 3.726
1831.000 3.710
1832.000 3.690
1833.000 3.660
1834.000 3.645
1835.000 3.619
1836.000 3.589
1837.000 3.574
1838.000 3.555
1839.000 3.512
1840.000 3.481
1841.000 3.445
1842.000 3.409
1843.000 3.372
1844.000 3.324
1845.000 3.268
1846.000 3.231
1847.000 3.187
1848.000 3.155
1849.000 3.117
1850.000 3.078
1851.000 3.068
1852.000 3.062
1853.000 3.060
1854.000 3.063
1855.000 3.063
1856.000 3.060
1857.000 3.045
1858.000 3.037
1859.000 3.024
1860.000 2.989
1861.000 2.943
1862.000 2.924
1863.000 2.857
1864.000 2.774
1865.000 2.678
1866.000 2.574
1867.000 2.475
1868.000 2.358
1869.000 2.257
1870.000 2.148
1871.000 2.064
1872.000 1.979
1873.000 1.919
1874.000 1.907
1875.000 1.911
1876.000 1.916
1877.000 1.924
1878.000 1.930
1879.000 1.934
1880.000 1.939
1881.000 1.947
1882.000 1.952
1883.000 1.957
1884.000 1.960
1885.000 1.963
1886.000 1.968
1887.000 1.972
1888.000 1.970
1889.000 1.974
1890.000 1.978
1891.000 1.985
1892.000 1.985
1893.000 1.993
1894.000 1.994
1895.000 1.999
1896.000 2.007
1897.000 2.009
1898.000 2.012
1899.000 2.016
1900.000 2.016
1901.000 2.024
1902.000 2.027
1903.000 2.032
1904.000 2.033
1905.000 2.041
1906.000 2.045
1907.000 2.050
1908.000 2.059
1909.000 2.060
1910.000 2.059
1911.000 2.065
1912.000 2.070
1913.000 2.074
1914.000 2.077
1915.000 2.082
1916.000 2.084
1917.000 2.087
1918.000 2.089
1919.000 2.088
1920.000 2.095
1921.000 2.099
1922.000 2.103
1923.000 2.107
1924.000 2.104
1925.000 2.112
1926.000 2.116
1927.000 2.112
1928.000 2.120
1929.000 2.117
1930.000 2.127
1931.000 2.124
1932.000 2.133
1933.000 2.140
1934.000 2.140
1935.000 2.140
1936.000 2.148
1937.000 2.147
1938.000 2.157
1939.000 2.159
1940.000 2.164
1941.000 2.169
1942.000 2.180
1943.000 2.188
1944.000 2.184
1945.000 2.194
1946.000 2.210
1947.000 2.215
1948.000 2.235
1949.000 2.216
1950.000 2.213
1951.000 2.216
1952.000 2.214
1953.000 2.229
1954.000 2.245
1955.000 2.249
1956.000 2.254
1957.000 2.264
1958.000 2.338
1959.000 2.317
1960.000 2.299
1961.000 2.309
1962.000 2.298
1963.000 2.310
1964.000 2.311
1965.000 2.319
1966.000 2.329
1967.000 2.357
1968.000 2.364
1969.000 2.446
1970.000 2.405
1971.000 2.404
1972.000 2.368
1973.000 2.393
1974.000 2.432
1975.000 2.409
1976.000 2.427
1977.000 2.410
1978.000 2.432
1979.000 2.423
1980.000 2.432
1981.000 2.425
1982.000 2.433
1983.000 2.451
1984.000 2.449
1985.000 2.472
1986.000 2.521
1987.000 2.498
1988.000 2.486
1989.000 2.499
1990.000 2.498
1991.000 2.506
1992.000 2.510
1993.000 2.526
1994.000 2.522
1995.000 2.507
1996.000 2.530
1997.000 2.541
1998.000 2.573
1999.000 2.587
2000.000 2.620
2001.000 2.631
2002.000 2.635
2003.000 2.649
2004.000 2.666
2005.000 2.674
2006.000 2.685
2007.000 2.730
2008.000 2.740
2009.000 2.728
2010.000 2.759
2011.000 2.757
2012.000 2.786
2013.000 2.806
2014.000 2.812
2015.000 2.830
2016.000 2.847
2017.000 2.868
2018.000 2.884
2019.000 2.910
2020.000 2.933
2021.000 2.942
2022.000 2.953
2023.000 2.961
2024.000 3.007
2025.000 3.017
2026.000 3.076
2027.000 3.076
2028.000 3.107
2029.000 3.120
2030.000 3.150
2031.000 3.183
2032.000 3.221
2033.000 3.238
2034.000 3.271
2035.000 3.306
2036.000 3.337
2037.000 3.364
2038.000 3.399
2039.000 3.448
2040.000 3.481
2041.000 3.532
2042.000 3.576
2043.000 3.619
2044.000 3.657
2045.000 3.683
2046.000 3.729
2047.000 3.779
2048.000 3.835
2049.000 3.892
2050.000 3.945
2051.000 4.009
2052.000 4.070
2053.000 4.135
2054.000 4.196
2055.000 4.285
2056.000 4.363
2057.000 4.404
2058.000 4.483
2059.000 4.575
2060.000 4.656
2061.000 4.750
2062.000 4.858
2063.000 4.965
2064.000 5.081
2065.000 5.200
2066.000 5.328
2067.000 5.462
2068.000 5.604
2069.000 5.682
2070.000 5.854
2071.000 6.019
2072.000 6.202
2073.000 6.407
2074.000 6.632
2075.000 6.849
2076.000 7.124
2077.000 7.391
2078.000 7.667
2079.000 7.992
2080.000 8.330
2081.000 8.532
2082.000 8.917
2083.000 9.335
2084.000 9.776
2085.000 10.271
2086.000 10.785
2087.000 11.350
2088.000 11.907
2089.000 12.475
2090.000 13.053
2091.000 13.573
2092.000 14.039
2093.000 14.348
2094.000 14.479
2095.000 14.591
2096.000 14.473
2097.000 14.101
2098.000 13.522
2099.000 12.791
2100.000 12.051
2101.000 11.208
2102.000 10.480
2103.000 9.699
2104.000 9.047
2105.000 8.416
2106.000 8.110
2107.000 7.533
2108.000 7.045
2109.000 6.601
2110.000 6.208
2111.000 5.830
2112.000 5.498
2113.000 5.189
2114.000 4.899
2115.000 4.633
2116.000 4.394
2117.000 4.273
2118.000 4.063
2119.000 3.865
2120.000 3.680
2121.000 3.498
2122.000 3.330
2123.000 3.172
2124.000 3.028
2125.000 2.889
2126.000 2.767
2127.000 2.655
2128.000 2.544
2129.000 2.423
2130.000 2.346
2131.000 2.189
2132.000 2.041
2133.000 1.907
2134.000 1.786
2135.000 1.677
2136.000 1.578
2137.000 1.491
2138.000 1.408
2139.000 1.337
2140.000 1.268
2141.000 1.201
2142.000 1.140
2143.000 1.113
2144.000 1.055
2145.000 1.001
2146.000 0.952
2147.000 0.909
2148.000 0.864
2149.000 0.827
2150.000 0.786
2151.000 0.754
2152.000 0.715
2153.000 0.683
2154.000 0.653
2155.000 0.636
2156.000 0.604
2157.000 0.577
2158.000 0.546
2159.000 0.519
2160.000 0.493
2161.000 0.468
2162.000 0.447
2163.000 0.421
2164.000 0.398
2165.000 0.379
2166.000 0.369
2167.000 0.348
2168.000 0.326
2169.000 0.307
2170.000 0.288
2171.000 0.268
2172.000 0.247
2173.000 0.233
2174.000 0.214
2175.000 0.197
2176.000 0.180
2177.000 0.163
2178.000 0.145
2179.000 0.139
2180.000 0.125
2181.000 0.112
2182.000 0.098
2183.000 0.086
2184.000 0.076
2185.000 0.068
2186.000 0.064
2187.000 0.063
2188.000 0.068
2189.000 0.073
2190.000 0.085
2191.000 0.087
2192.000 0.099
2193.000 0.113
2194.000 0.126
2195.000 0.140
2196.000 0.156
2197.000 0.171
2198.000 0.184
2199.000 0.199
2200.000 0.215
2201.000 0.232
2202.000 0.250
2203.000 0.266
2204.000 0.274
2205.000 0.293
2206.000 0.314
2207.000 0.329
2208.000 0.351
2209.000 0.370
2210.000 0.390
2211.000 0.413
2212.000 0.435
2213.000 0.458
2214.000 0.479
2215.000 0.489
2216.000 0.510
2217.000 0.537
2218.000 0.561
2219.000 0.588
2220.000 0.612
2221.000 0.649
2222.000 0.681
2223.000 0.715
2224.000 0.748
2225.000 0.791
2226.000 0.835
2227.000 0.856
2228.000 0.911
2229.000 0.966
2230.000 1.031
2231.000 1.103
2232.000 1.176
2233.000 1.265
2234.000 1.338
2235.000 1.405
2236.000 1.482
2237.000 1.556
2238.000 1.625
2239.000 1.694
2240.000 1.733
2241.000 1.808
2242.000 1.884
2243.000 1.971
2244.000 2.072
2245.000 2.198
2246.000 2.298
2247.000 2.410
2248.000 2.542
2249.000 2.683
2250.000 2.835
2251.000 2.999
2252.000 3.089
2253.000 3.293
2254.000 3.509
2255.000 3.769
2256.000 4.070
2257.000 4.394
2258.000 4.757
2259.000 5.175
2260.000 5.628
2261.000 6.110
2262.000 6.623
2263.000 6.870
2264.000 7.367
2265.000 7.679
2266.000 7.772
2267.000 7.610
2268.000 7.413
2269.000 7.198
2270.000 6.863
2271.000 6.451
2272.000 6.023
2273.000 5.579
2274.000 5.174
2275.000 4.787
2276.000 4.613
2277.000 4.288
2278.000 3.998
2279.000 3.738
2280.000 3.522
2281.000 3.305
2282.000 3.116
2283.000 2.956
2284.000 2.803
2285.000 2.666
2286.000 2.543
2287.000 2.445
2288.000 2.396
2289.000 2.309
2290.000 2.210
2291.000 2.127
2292.000 2.044
2293.000 1.962
2294.000 1.896
2295.000 1.834
2296.000 1.771
2297.000 1.705
2298.000 1.652
2299.000 1.606
2300.000 1.555
2301.000 1.528
2302.000 1.480
2303.000 1.435
2304.000 1.394
2305.000 1.351
2306.000 1.314
2307.000 1.279
2308.000 1.252
2309.000 1.218
2310.000 1.188
2311.000 1.161
2312.000 1.144
2313.000 1.126
2314.000 1.095
2315.000 1.062
2316.000 1.023
2317.000 0.987
2318.000 0.959
2319.000 0.923
2320.000 0.898
2321.000 0.863
2322.000 0.837
2323.000 0.811
2324.000 0.786
2325.000 0.776
2326.000 0.755
2327.000 0.736
2328.000 0.715
2329.000 0.698
2330.000 0.677
2331.000 0.661
2332.000 0.641
2333.000 0.627
2334.000 0.618
2335.000 0.599
2336.000 0.585
2337.000 0.578
2338.000 0.566
2339.000 0.554
2340.000 0.547
2341.000 0.533
2342.000 0.520
2343.000 0.508
2344.000 0.501
2345.000 0.493
2346.000 0.482
2347.000 0.469
2348.000 0.463
2349.000 0.453
2350.000 0.449
2351.000 0.440
2352.000 0.433
2353.000 0.424
2354.000 0.415
2355.000 0.408
2356.000 0.399
2357.000 0.394
2358.000 0.386
2359.000 0.379
2360.000 0.375
2361.000 0.369
2362.000 0.362
2363.000 0.355
2364.000 0.349
2365.000 0.344
2366.000 0.336
2367.000 0.333
2368.000 0.329
2369.000 0.323
2370.000 0.316
2371.000 0.312
2372.000 0.307
2373.000 0.305
2374.000 0.298
2375.000 0.295
2376.000 0.287
2377.000 0.287
2378.000 0.279
2379.000 0.276
2380.000 0.272
2381.000 0.266
2382.000 0.262
2383.000 0.259
2384.000 0.257
2385.000 0.252
2386.000 0.249
2387.000 0.246
2388.000 0.241
2389.000 0.237
2390.000 0.232
2391.000 0.230
2392.000 0.229
2393.000 0.226
2394.000 0.222
2395.000 0.219
2396.000 0.216
2397.000 0.211
2398.000 0.210
2399.000 0.206
2400.000 0.204
2401.000 0.201
2402.000 0.195
2403.000 0.194
2404.000 0.190
2405.000 0.187
2406.000 0.185
2407.000 0.183
2408.000 0.180
2409.000 0.179
2410.000 0.173
2411.000 0.171
2412.000 0.170
2413.000 0.167
2414.000 0.165
2415.000 0.162
2416.000 0.161
2417.000 0.158
2418.000 0.154
2419.000 0.152
2420.000 0.151
2421.000 0.147
2422.000 0.146
2423.000 0.146
2424.000 0.142
2425.000 0.139
2426.000 0.138
2427.000 0.135
2428.000 0.135
2429.000 0.131
2430.000 0.130
2431.000 0.129
2432.000 0.124
2433.000 0.122
2434.000 0.122
2435.000 0.118
2436.000 0.118
2437.000 0.115
2438.000 0.115
2439.000 0.113
2440.000 0.110
2441.000 0.108
2442.000 0.108
2443.000 0.104
2444.000 0.104
2445.000 0.102
2446.000 0.099
2447.000 0.099
2448.000 0.097
2449.000 0.095
2450.000 0.092
2451.000 0.091
2452.000 0.090
2453.000 0.089
2454.000 0.088
2455.000 0.085
2456.000 0.084
2457.000 0.084
2458.000 0.083
2459.000 0.080
2460.000 0.080
2461.000 0.078
2462.000 0.077
2463.000 0.074
2464.000 0.075
2465.000 0.073
2466.000 0.071
2467.000 0.069
2468.000 0.067
2469.000 0.067
2470.000 0.067
2471.000 0.066
2472.000 0.065
2473.000 0.063
2474.000 0.062
2475.000 0.060
2476.000 0.058
2477.000 0.059
2478.000 0.059
2479.000 0.054
2480.000 0.056
2481.000 0.054
2482.000 0.053
2483.000 0.054
2484.000 0.051
2485.000 0.052
2486.000 0.051
2487.000 0.049
2488.000 0.048
2489.000 0.049
2490.000 0.046
2491.000 0.048
2492.000 0.046
2493.000 0.046
2494.000 0.047
2495.000 0.045
2496.000 0.047
2497.000 0.049
2498.000 0.046
2499.000 0.056
2500.000 0.054
2501.000 0.050
2502.000 0.047
2503.000 0.044
2504.000 0.044
2505.000 0.042
2506.000 0.043
2507.000 0.042
2508.000 0.042
2509.000 0.043
2510.000 0.041
2511.000 0.043
2512.000 0.040
2513.000 0.039
2514.000 0.042
2515.000 0.043
2516.000 0.042
2517.000 0.044
2518.000 0.044
2519.000 0.045
2520.000 0.045
2521.000 0.044
2522.000 0.047
2523.000 0.048
2524.000 0.048
2525.000 0.046
2526.000 0.048
2527.000 0.048
2528.000 0.048
2529.000 0.049
2530.000 0.050
2531.000 0.049
2532.000 0.050
2533.000 0.051
2534.000 0.050
2535.000 0.051
2536.000 0.049
2537.000 0.051
2538.000 0.053
2539.000 0.054
2540.000 0.054
2541.000 0.055
2542.000 0.055
2543.000 0.055
2544.000 0.057
2545.000 0.057
2546.000 0.058
2547.000 0.059
2548.000 0.058
2549.000 0.060
2550.000 0.061
2551.000 0.062
2552.000 0.063
2553.000 0.064
2554.000 0.065
2555.000 0.066
2556.000 0.068
2557.000 0.068
2558.000 0.067
2559.000 0.070
2560.000 0.071
2561.000 0.071
2562.000 0.072
2563.000 0.074
2564.000 0.074
2565.000 0.075
2566.000 0.076
2567.000 0.077
2568.000 0.077
2569.000 0.078
2570.000 0.078
2571.000 0.080
2572.000 0.081
2573.000 0.084
2574.000 0.084
2575.000 0.086
2576.000 0.088
2577.000 0.087
2578.000 0.089
2579.000 0.089
2580.000 0.090
2581.000 0.092
2582.000 0.094
2583.000 0.094
2584.000 0.096
2585.000 0.098
2586.000 0.097
2587.000 0.099
2588.000 0.102
2589.000 0.101
2590.000 0.105
2591.000 0.107
2592.000 0.107
2593.000 0.107
2594.000 0.109
2595.000 0.112
2596.000 0.113
2597.000 0.113
2598.000 0.113
2599.000 0.118
2600.000 0.118
