1801.000 0.006
1802.000 2.886
1803.000 2.916
1804.000 2.912
1805.000 2.906
1806.000 2.903
1807.000 2.899
1808.000 2.825
1809.000 2.809
1810.000 2.818
1811.000 2.830
1812.000 2.829
1813.000 2.841
1814.000 2.849
1815.000 2.860
1816.000 2.862
1817.000 2.873
1818.000 2.886
1819.000 2.899
1820.000 2.904
1821.000 2.915
1822.000 2.920
1823.000 2.926
1824.000 2.936
1825.000 2.934
1826.000 2.932
1827.000 2.918
1828.000 2.915
1829.000 2.908
1830.000 2.889
1831.000 2.878
1832.000 2.850
1833.000 2.812
1834.000 2.775
1835.000 2.743
1836.000 2.706
1837.000 2.660
1838.000 2.633
1839.000 2.612
1840.000 2.575
1841.000 2.549
1842.000 2.515
1843.000 2.470
1844.000 2.430
1845.000 2.394
1846.000 2.356
1847.000 2.344
1848.000 2.335
1849.000 2.335
1850.000 2.347
1851.000 2.338
1852.000 2.346
1853.000 2.343
1854.000 2.341
1855.000 2.328
1856.000 2.310
1857.000 2.299
1858.000 2.272
1859.000 2.234
1860.000 2.180
1861.000 2.129
1862.000 2.056
1863.000 1.976
1864.000 1.896
1865.000 1.810
1866.000 1.718
1867.000 1.681
1868.000 1.605
1869.000 1.536
1870.000 1.477
1871.000 1.454
1872.000 1.454
1873.000 1.458
1874.000 1.460
1875.000 1.462
1876.000 1.469
1877.000 1.472
1878.000 1.467
1879.000 1.474
1880.000 1.484
1881.000 1.487
1882.000 1.490
1883.000 1.492
1884.000 1.499
1885.000 1.500
1886.000 1.506
1887.000 1.503
1888.000 1.507
1889.000 1.510
1890.000 1.515
1891.000 1.517
1892.000 1.520
1893.000 1.520
1894.000 1.525
1895.000 1.532
1896.000 1.531
1897.000 1.540
1898.000 1.541
1899.000 1.539
1900.000 1.542
1901.000 1.546
1902.000 1.550
1903.000 1.552
1904.000 1.550
1905.000 1.558
1906.000 1.558
1907.000 1.563
1908.000 1.570
1909.000 1.570
1910.000 1.579
1911.000 1.580
1912.000 1.582
1913.000 1.587
1914.000 1.587
1915.000 1.589
1916.000 1.596
1917.000 1.601
1918.000 1.608
1919.000 1.611
1920.000 1.613
1921.000 1.615
1922.000 1.617
1923.000 1.619
1924.000 1.624
1925.000 1.622
1926.000 1.625
1927.000 1.629
1928.000 1.622
1929.000 1.643
1930.000 1.639
1931.000 1.641
1932.000 1.644
1933.000 1.641
1934.000 1.650
1935.000 1.655
1936.000 1.659
1937.000 1.662
1938.000 1.663
1939.000 1.659
1940.000 1.666
1941.000 1.679
1942.000 1.677
1943.000 1.679
1944.000 1.694
1945.000 1.685
1946.000 1.693
1947.000 1.696
1948.000 1.699
1949.000 1.704
1950.000 1.712
1951.000 1.714
1952.000 1.719
1953.000 1.733
1954.000 1.731
1955.000 1.731
1956.000 1.738
1957.000 1.749
1958.000 1.755
1959.000 1.751
1960.000 1.766
1961.000 1.770
1962.000 1.768
1963.000 1.765
1964.000 1.786
1965.000 1.788
1966.000 1.792
1967.000 1.809
1968.000 1.821
1969.000 1.831
1970.000 1.835
1971.000 1.843
1972.000 1.849
1973.000 1.841
1974.000 1.844
1975.000 1.869
1976.000 1.872
1977.000 1.868
1978.000 1.889
1979.000 1.878
1980.000 1.897
1981.000 1.904
1982.000 1.908
1983.000 1.910
1984.000 1.925
1985.000 1.935
1986.000 1.944
1987.000 1.949
1988.000 1.951
1989.000 1.974
1990.000 1.970
1991.000 1.975
1992.000 2.001
1993.000 2.006
1994.000 2.016
1995.000 2.016
1996.000 2.042
1997.000 2.041
1998.000 2.054
1999.000 2.064
2000.000 2.079
2001.000 2.100
2002.000 2.107
2003.000 2.125
2004.000 2.132
2005.000 2.140
2006.000 2.148
2007.000 2.182
2008.000 2.192
2009.000 2.211
2010.000 2.225
2011.000 2.242
2012.000 2.255
2013.000 2.270
2014.000 2.285
2015.000 2.313
2016.000 2.330
2017.000 2.352
2018.000 2.364
2019.000 2.385
2020.000 2.390
2021.000 2.418
2022.000 2.440
2023.000 2.448
2024.000 2.488
2025.000 2.536
2026.000 2.526
2027.000 2.564
2028.000 2.584
2029.000 2.598
2030.000 2.629
2031.000 2.666
2032.000 2.699
2033.000 2.725
2034.000 2.759
2035.000 2.798
2036.000 2.811
2037.000 2.855
2038.000 2.889
2039.000 2.913
2040.000 2.961
2041.000 2.982
2042.000 3.042
2043.000 3.101
2044.000 3.160
2045.000 3.196
2046.000 3.253
2047.000 3.297
2048.000 3.315
2049.000 3.434
2050.000 3.444
2051.000 3.514
2052.000 3.571
2053.000 3.620
2054.000 3.682
2055.000 3.761
2056.000 3.825
2057.000 3.897
2058.000 4.020
2059.000 4.110
2060.000 4.147
2061.000 4.221
2062.000 4.401
2063.000 4.448
2064.000 4.606
2065.000 4.668
2066.000 4.796
2067.000 4.908
2068.000 5.056
2069.000 5.215
2070.000 5.394
2071.000 5.472
2072.000 5.655
2073.000 5.949
2074.000 6.056
2075.000 6.303
2076.000 6.529
2077.000 6.816
2078.000 7.107
2079.000 7.387
2080.000 7.737
2081.000 8.107
2082.000 8.520
2083.000 8.932
2084.000 9.182
2085.000 9.653
2086.000 10.206
2087.000 10.781
2088.000 11.369
2089.000 11.966
2090.000 12.580
2091.000 13.199
2092.000 13.739
2093.000 14.215
2094.000 14.539
2095.000 14.707
2096.000 14.703
2097.000 14.349
2098.000 13.810
2099.000 13.489
2100.000 12.801
2101.000 12.049
2102.000 11.313
2103.000 10.502
2104.000 9.854
2105.000 9.260
2106.000 8.653
2107.000 8.120
2108.000 7.639
2109.000 7.436
2110.000 7.026
2111.000 6.456
2112.000 6.158
2113.000 5.999
2114.000 5.697
2115.000 5.437
2116.000 5.176
2117.000 4.958
2118.000 4.744
2119.000 4.540
2120.000 4.448
2121.000 4.286
2122.000 4.032
2123.000 3.951
2124.000 3.804
2125.000 3.689
2126.000 3.547
2127.000 3.426
2128.000 3.332
2129.000 3.213
2130.000 3.111
2131.000 3.027
2132.000 2.976
2133.000 2.850
2134.000 2.812
2135.000 2.734
2136.000 2.664
2137.000 2.595
2138.000 2.520
2139.000 2.459
2140.000 2.389
2141.000 2.314
2142.000 2.240
2143.000 2.153
2144.000 2.083
2145.000 2.043
2146.000 1.962
2147.000 1.899
2148.000 1.809
2149.000 1.778
2150.000 1.722
2151.000 1.672
2152.000 1.629
2153.000 1.584
2154.000 1.547
2155.000 1.508
2156.000 1.468
2157.000 1.429
2158.000 1.412
2159.000 1.383
2160.000 1.330
2161.000 1.315
2162.000 1.290
2163.000 1.265
2164.000 1.250
2165.000 1.222
2166.000 1.196
2167.000 1.169
2168.000 1.158
2169.000 1.126
2170.000 1.114
2171.000 1.094
2172.000 1.084
2173.000 1.063
2174.000 1.044
2175.000 1.028
2176.000 1.012
2177.000 0.995
2178.000 0.981
2179.000 0.970
2180.000 0.958
2181.000 0.951
2182.000 0.939
2183.000 0.927
2184.000 0.907
2185.000 0.903
2186.000 0.893
2187.000 0.886
2188.000 0.876
2189.000 0.870
2190.000 0.859
2191.000 0.860
2192.000 0.848
2193.000 0.838
2194.000 0.838
2195.000 0.824
2196.000 0.819
2197.000 0.814
2198.000 0.809
2199.000 0.805
2200.000 0.806
2201.000 0.798
2202.000 0.790
2203.000 0.787
2204.000 0.778
2205.000 0.781
2206.000 0.782
2207.000 0.782
2208.000 0.772
2209.000 0.769
2210.000 0.771
2211.000 0.775
2212.000 0.769
2213.000 0.765
2214.000 0.769
2215.000 0.771
2216.000 0.769
2217.000 0.778
2218.000 0.779
2219.000 0.782
2220.000 0.782
2221.000 0.785
2222.000 0.788
2223.000 0.796
2224.000 0.800
2225.000 0.806
2226.000 0.817
2227.000 0.827
2228.000 0.836
2229.000 0.846
2230.000 0.855
2231.000 0.871
2232.000 0.880
2233.000 0.899
2234.000 0.918
2235.000 0.940
2236.000 0.962
2237.000 0.990
2238.000 1.022
2239.000 1.058
2240.000 1.092
2241.000 1.137
2242.000 1.164
2243.000 1.210
2244.000 1.274
2245.000 1.296
2246.000 1.340
2247.000 1.380
2248.000 1.437
2249.000 1.489
2250.000 1.542
2251.000 1.603
2252.000 1.676
2253.000 1.759
2254.000 1.845
2255.000 1.895
2256.000 1.988
2257.000 2.108
2258.000 2.239
2259.000 2.378
2260.000 2.537
2261.000 2.724
2262.000 2.912
2263.000 3.098
2264.000 3.288
2265.000 3.450
2266.000 3.506
2267.000 3.538
2268.000 3.509
2269.000 3.370
2270.000 3.156
2271.000 2.886
2272.000 2.620
2273.000 2.365
2274.000 2.136
2275.000 1.948
2276.000 1.788
2277.000 1.640
2278.000 1.575
2279.000 1.451
2280.000 1.347
2281.000 1.256
2282.000 1.170
2283.000 1.100
2284.000 1.024
2285.000 0.958
2286.000 0.876
2287.000 0.808
2288.000 0.750
2289.000 0.696
2290.000 0.651
2291.000 0.609
2292.000 0.594
2293.000 0.560
2294.000 0.531
2295.000 0.509
2296.000 0.484
2297.000 0.468
2298.000 0.449
2299.000 0.433
2300.000 0.417
2301.000 0.404
2302.000 0.392
2303.000 0.387
2304.000 0.377
2305.000 0.366
2306.000 0.358
2307.000 0.348
2308.000 0.338
2309.000 0.332
2310.000 0.323
2311.000 0.320
2312.000 0.311
2313.000 0.305
2314.000 0.301
2315.000 0.296
2316.000 0.292
2317.000 0.286
2318.000 0.280
2319.000 0.280
2320.000 0.272
2321.000 0.270
2322.000 0.267
2323.000 0.262
2324.000 0.259
2325.000 0.255
2326.000 0.253
2327.000 0.253
2328.000 0.248
2329.000 0.247
2330.000 0.242
2331.000 0.242
2332.000 0.239
2333.000 0.236
2334.000 0.235
2335.000 0.233
2336.000 0.229
2337.000 0.230
2338.000 0.227
2339.000 0.228
2340.000 0.226
2341.000 0.223
2342.000 0.222
2343.000 0.222
2344.000 0.219
2345.000 0.220
2346.000 0.218
2347.000 0.218
2348.000 0.215
2349.000 0.215
2350.000 0.214
2351.000 0.211
2352.000 0.211
2353.000 0.210
2354.000 0.210
2355.000 0.209
2356.000 0.208
2357.000 0.209
2358.000 0.206
2359.000 0.205
2360.000 0.205
2361.000 0.203
2362.000 0.205
2363.000 0.200
2364.000 0.200
2365.000 0.200
2366.000 0.203
2367.000 0.202
2368.000 0.200
2369.000 0.198
2370.000 0.199
2371.000 0.199
2372.000 0.197
2373.000 0.197
2374.000 0.198
2375.000 0.198
2376.000 0.196
2377.000 0.196
2378.000 0.196
2379.000 0.197
2380.000 0.195
2381.000 0.194
2382.000 0.195
2383.000 0.195
2384.000 0.195
2385.000 0.195
2386.000 0.195
2387.000 0.192
2388.000 0.193
2389.000 0.192
2390.000 0.192
2391.000 0.194
2392.000 0.191
2393.000 0.191
2394.000 0.191
2395.000 0.194
2396.000 0.194
2397.000 0.191
2398.000 0.193
2399.000 0.193
2400.000 0.191
2401.000 0.190
2402.000 0.195
2403.000 0.192
2404.000 0.192
2405.000 0.191
2406.000 0.190
2407.000 0.192
2408.000 0.189
2409.000 0.191
2410.000 0.191
2411.000 0.192
2412.000 0.191
2413.000 0.192
2414.000 0.192
2415.000 0.191
2416.000 0.192
2417.000 0.192
2418.000 0.192
2419.000 0.191
2420.000 0.190
2421.000 0.192
2422.000 0.193
2423.000 0.190
2424.000 0.191
2425.000 0.196
2426.000 0.194
2427.000 0.191
2428.000 0.193
2429.000 0.193
2430.000 0.192
2431.000 0.190
2432.000 0.191
2433.000 0.193
2434.000 0.193
2435.000 0.194
2436.000 0.195
2437.000 0.194
2438.000 0.197
2439.000 0.197
2440.000 0.195
2441.000 0.194
2442.000 0.194
2443.000 0.196
2444.000 0.195
2445.000 0.193
2446.000 0.197
2447.000 0.198
2448.000 0.197
2449.000 0.197
2450.000 0.200
2451.000 0.199
2452.000 0.199
2453.000 0.198
2454.000 0.214
2455.000 0.217
2456.000 0.225
2457.000 0.228
2458.000 0.223
2459.000 0.218
2460.000 0.213
2461.000 0.212
2462.000 0.208
2463.000 0.207
2464.000 0.207
2465.000 0.207
2466.000 0.205
2467.000 0.204
2468.000 0.205
2469.000 0.204
2470.000 0.206
2471.000 0.205
2472.000 0.206
2473.000 0.208
2474.000 0.208
2475.000 0.206
2476.000 0.211
2477.000 0.209
2478.000 0.209
2479.000 0.210
2480.000 0.213
2481.000 0.213
2482.000 0.213
2483.000 0.213
2484.000 0.216
2485.000 0.214
2486.000 0.214
2487.000 0.217
2488.000 0.215
2489.000 0.218
2490.000 0.218
2491.000 0.218
2492.000 0.221
2493.000 0.222
2494.000 0.221
2495.000 0.220
2496.000 0.222
2497.000 0.223
2498.000 0.223
2499.000 0.225
2500.000 0.223
2501.000 0.225
2502.000 0.229
2503.000 0.227
2504.000 0.230
2505.000 0.232
2506.000 0.235
2507.000 0.235
2508.000 0.233
2509.000 0.235
2510.000 0.238
2511.000 0.234
2512.000 0.235
2513.000 0.239
2514.000 0.236
2515.000 0.240
2516.000 0.241
2517.000 0.241
2518.000 0.239
2519.000 0.239
2520.000 0.241
2521.000 0.241
2522.000 0.240
2523.000 0.237
2524.000 0.240
2525.000 0.242
2526.000 0.241
2527.000 0.240
2528.000 0.239
2529.000 0.242
2530.000 0.240
2531.000 0.239
2532.000 0.241
2533.000 0.239
2534.000 0.237
2535.000 0.241
2536.000 0.239
2537.000 0.241
2538.000 0.242
2539.000 0.244
2540.000 0.239
2541.000 0.242
2542.000 0.240
2543.000 0.240
2544.000 0.240
2545.000 0.239
2546.000 0.240
2547.000 0.241
2548.000 0.241
2549.000 0.240
2550.000 0.238
2551.000 0.239
2552.000 0.237
2553.000 0.236
2554.000 0.241
2555.000 0.238
2556.000 0.243
2557.000 0.239
2558.000 0.242
2559.000 0.240
2560.000 0.240
2561.000 0.240
2562.000 0.237
2563.000 0.238
2564.000 0.240
2565.000 0.242
2566.000 0.243
2567.000 0.241
2568.000 0.240
2569.000 0.238
2570.000 0.237
2571.000 0.239
2572.000 0.239
2573.000 0.237
2574.000 0.237
2575.000 0.238
2576.000 0.240
2577.000 0.238
2578.000 0.239
2579.000 0.238
2580.000 0.239
2581.000 0.242
2582.000 0.239
2583.000 0.240
2584.000 0.238
2585.000 0.238
2586.000 0.243
2587.000 0.239
2588.000 0.239
2589.000 0.237
2590.000 0.239
2591.000 0.241
2592.000 0.240
2593.000 0.243
2594.000 0.243
2595.000 0.240
2596.000 0.238
2597.000 0.241
2598.000 0.241
2599.000 0.239
2600.000 0.242
