1801.000 0.003
1802.000 2.961
1803.000 3.039
1804.000 3.050
1805.000 3.070
1806.000 3.079
1807.000 3.091
1808.000 2.983
1809.000 2.930
1810.000 2.931
1811.000 2.953
1812.000 2.966
1813.000 2.973
1814.000 3.001
1815.000 3.021
1816.000 3.037
1817.000 3.041
1818.000 3.057
1819.000 3.067
1820.000 3.084
1821.000 3.102
1822.000 3.115
1823.000 3.135
1824.000 3.134
1825.000 3.145
1826.000 3.146
1827.000 3.141
1828.000 3.135
1829.000 3.129
1830.000 3.124
1831.000 3.110
1832.000 3.099
1833.000 3.078
1834.000 3.059
1835.000 3.014
1836.000 2.960
1837.000 2.903
1838.000 2.834
1839.000 2.786
1840.000 2.765
1841.000 2.730
1842.000 2.682
1843.000 2.640
1844.000 2.608
1845.000 2.575
1846.000 2.551
1847.000 2.540
1848.000 2.543
1849.000 2.549
1850.000 2.556
1851.000 2.556
1852.000 2.557
1853.000 2.553
1854.000 2.546
1855.000 2.536
1856.000 2.529
1857.000 2.501
1858.000 2.469
1859.000 2.437
1860.000 2.373
1861.000 2.314
1862.000 2.244
1863.000 2.154
1864.000 2.057
1865.000 2.011
1866.000 1.916
1867.000 1.826
1868.000 1.742
1869.000 1.671
1870.000 1.610
1871.000 1.585
1872.000 1.584
1873.000 1.588
1874.000 1.595
1875.000 1.597
1876.000 1.602
1877.000 1.605
1878.000 1.608
1879.000 1.612
1880.000 1.619
1881.000 1.623
1882.000 1.627
1883.000 1.630
1884.000 1.639
1885.000 1.639
1886.000 1.646
1887.000 1.645
1888.000 1.654
1889.000 1.646
1890.000 1.649
1891.000 1.654
1892.000 1.655
1893.000 1.659
1894.000 1.665
1895.000 1.665
1896.000 1.672
1897.000 1.674
1898.000 1.679
1899.000 1.680
1900.000 1.685
1901.000 1.691
1902.000 1.687
1903.000 1.691
1904.000 1.697
1905.000 1.699
1906.000 1.701
1907.000 1.701
1908.000 1.724
1909.000 1.723
1910.000 1.725
1911.000 1.728
1912.000 1.728
1913.000 1.736
1914.000 1.735
1915.000 1.735
1916.000 1.735
1917.000 1.747
1918.000 1.745
1919.000 1.755
1920.000 1.759
1921.000 1.752
1922.000 1.761
1923.000 1.758
1924.000 1.765
1925.000 1.765
1926.000 1.779
1927.000 1.776
1928.000 1.777
1929.000 1.774
1930.000 1.778
1931.000 1.780
1932.000 1.790
1933.000 1.790
1934.000 1.790
1935.000 1.797
1936.000 1.800
1937.000 1.801
1938.000 1.809
1939.000 1.812
1940.000 1.814
1941.000 1.818
1942.000 1.819
1943.000 1.830
1944.000 1.833
1945.000 1.839
1946.000 1.872
1947.000 1.866
1948.000 1.871
1949.000 1.864
1950.000 1.866
1951.000 1.875
1952.000 1.871
1953.000 1.873
1954.000 1.874
1955.000 1.898
1956.000 1.901
1957.000 1.909
1958.000 1.915
1959.000 1.910
1960.000 1.919
1961.000 1.916
1962.000 1.927
1963.000 1.921
1964.000 1.941
1965.000 1.946
1966.000 1.945
1967.000 1.951
1968.000 1.964
1969.000 1.972
1970.000 1.997
1971.000 1.999
1972.000 1.995
1973.000 1.994
1974.000 2.011
1975.000 2.019
1976.000 2.029
1977.000 2.037
1978.000 2.046
1979.000 2.047
1980.000 2.053
1981.000 2.060
1982.000 2.059
1983.000 2.062
1984.000 2.073
1985.000 2.095
1986.000 2.105
1987.000 2.107
1988.000 2.115
1989.000 2.129
1990.000 2.135
1991.000 2.132
1992.000 2.156
1993.000 2.155
1994.000 2.187
1995.000 2.195
1996.000 2.205
1997.000 2.201
1998.000 2.219
1999.000 2.222
2000.000 2.236
2001.000 2.256
2002.000 2.265
2003.000 2.292
2004.000 2.303
2005.000 2.292
2006.000 2.320
2007.000 2.345
2008.000 2.359
2009.000 2.367
2010.000 2.391
2011.000 2.380
2012.000 2.422
2013.000 2.423
2014.000 2.438
2015.000 2.471
2016.000 2.488
2017.000 2.504
2018.000 2.536
2019.000 2.558
2020.000 2.567
2021.000 2.594
2022.000 2.604
2023.000 2.637
2024.000 2.627
2025.000 2.659
2026.000 2.674
2027.000 2.705
2028.000 2.716
2029.000 2.777
2030.000 2.806
2031.000 2.826
2032.000 2.838
2033.000 2.863
2034.000 2.905
2035.000 2.940
2036.000 2.949
2037.000 3.017
2038.000 3.041
2039.000 3.068
2040.000 3.116
2041.000 3.146
2042.000 3.186
2043.000 3.231
2044.000 3.283
2045.000 3.310
2046.000 3.354
2047.000 3.375
2048.000 3.425
2049.000 3.501
2050.000 3.569
2051.000 3.612
2052.000 3.694
2053.000 3.747
2054.000 3.808
2055.000 3.872
2056.000 3.954
2057.000 4.040
2058.000 4.140
2059.000 4.222
2060.000 4.272
2061.000 4.340
2062.000 4.452
2063.000 4.580
2064.000 4.678
2065.000 4.772
2066.000 4.898
2067.000 5.031
2068.000 5.162
2069.000 5.310
2070.000 5.481
2071.000 5.654
2072.000 5.848
2073.000 5.930
2074.000 6.135
2075.000 6.371
2076.000 6.604
2077.000 6.858
2078.000 7.183
2079.000 7.488
2080.000 7.797
2081.000 8.157
2082.000 8.547
2083.000 9.005
2084.000 9.489
2085.000 9.714
2086.000 10.237
2087.000 10.776
2088.000 11.371
2089.000 11.986
2090.000 12.606
2091.000 13.177
2092.000 13.722
2093.000 14.169
2094.000 14.498
2095.000 14.721
2096.000 14.716
2097.000 14.533
2098.000 14.111
2099.000 13.494
2100.000 12.755
2101.000 11.997
2102.000 11.181
2103.000 10.504
2104.000 9.804
2105.000 9.158
2106.000 8.591
2107.000 8.094
2108.000 7.571
2109.000 7.341
2110.000 6.914
2111.000 6.562
2112.000 6.230
2113.000 5.888
2114.000 5.580
2115.000 5.313
2116.000 5.049
2117.000 4.803
2118.000 4.592
2119.000 4.405
2120.000 4.210
2121.000 4.114
2122.000 3.940
2123.000 3.789
2124.000 3.652
2125.000 3.509
2126.000 3.374
2127.000 3.261
2128.000 3.162
2129.000 3.050
2130.000 2.935
2131.000 2.831
2132.000 2.734
2133.000 2.648
2134.000 2.613
2135.000 2.533
2136.000 2.448
2137.000 2.370
2138.000 2.280
2139.000 2.178
2140.000 2.078
2141.000 1.977
2142.000 1.887
2143.000 1.831
2144.000 1.753
2145.000 1.715
2146.000 1.640
2147.000 1.587
2148.000 1.522
2149.000 1.482
2150.000 1.427
2151.000 1.386
2152.000 1.344
2153.000 1.302
2154.000 1.259
2155.000 1.231
2156.000 1.193
2157.000 1.174
2158.000 1.142
2159.000 1.106
2160.000 1.078
2161.000 1.047
2162.000 1.027
2163.000 1.003
2164.000 0.981
2165.000 0.954
2166.000 0.933
2167.000 0.909
2168.000 0.883
2169.000 0.867
2170.000 0.861
2171.000 0.845
2172.000 0.825
2173.000 0.805
2174.000 0.790
2175.000 0.775
2176.000 0.758
2177.000 0.739
2178.000 0.723
2179.000 0.710
2180.000 0.698
2181.000 0.682
2182.000 0.674
2183.000 0.660
2184.000 0.646
2185.000 0.631
2186.000 0.625
2187.000 0.616
2188.000 0.601
2189.000 0.590
2190.000 0.584
2191.000 0.574
2192.000 0.563
2193.000 0.558
2194.000 0.545
2195.000 0.533
2196.000 0.527
2197.000 0.514
2198.000 0.512
2199.000 0.504
2200.000 0.496
2201.000 0.486
2202.000 0.476
2203.000 0.466
2204.000 0.461
2205.000 0.452
2206.000 0.448
2207.000 0.441
2208.000 0.433
2209.000 0.426
2210.000 0.422
2211.000 0.419
2212.000 0.412
2213.000 0.402
2214.000 0.397
2215.000 0.391
2216.000 0.383
2217.000 0.380
2218.000 0.377
2219.000 0.370
2220.000 0.364
2221.000 0.361
2222.000 0.355
2223.000 0.352
2224.000 0.347
2225.000 0.341
2226.000 0.339
2227.000 0.335
2228.000 0.329
2229.000 0.336
2230.000 0.323
2231.000 0.317
2232.000 0.314
2233.000 0.308
2234.000 0.303
2235.000 0.302
2236.000 0.298
2237.000 0.293
2238.000 0.289
2239.000 0.286
2240.000 0.282
2241.000 0.283
2242.000 0.279
2243.000 0.275
2244.000 0.274
2245.000 0.268
2246.000 0.261
2247.000 0.261
2248.000 0.261
2249.000 0.255
2250.000 0.250
2251.000 0.249
2252.000 0.248
2253.000 0.247
2254.000 0.242
2255.000 0.240
2256.000 0.237
2257.000 0.239
2258.000 0.238
2259.000 0.237
2260.000 0.243
2261.000 0.260
2262.000 0.273
2263.000 0.299
2264.000 0.330
2265.000 0.356
2266.000 0.379
2267.000 0.383
2268.000 0.380
2269.000 0.350
2270.000 0.308
2271.000 0.267
2272.000 0.237
2273.000 0.216
2274.000 0.201
2275.000 0.191
2276.000 0.183
2277.000 0.179
2278.000 0.176
2279.000 0.170
2280.000 0.171
2281.000 0.170
2282.000 0.170
2283.000 0.166
2284.000 0.166
2285.000 0.163
2286.000 0.163
2287.000 0.160
2288.000 0.158
2289.000 0.157
2290.000 0.156
2291.000 0.155
2292.000 0.156
2293.000 0.154
2294.000 0.153
2295.000 0.153
2296.000 0.151
2297.000 0.151
2298.000 0.153
2299.000 0.150
2300.000 0.148
2301.000 0.149
2302.000 0.146
2303.000 0.144
2304.000 0.143
2305.000 0.142
2306.000 0.143
2307.000 0.141
2308.000 0.141
2309.000 0.140
2310.000 0.139
2311.000 0.138
2312.000 0.138
2313.000 0.137
2314.000 0.137
2315.000 0.135
2316.000 0.136
2317.000 0.135
2318.000 0.131
2319.000 0.130
2320.000 0.133
2321.000 0.134
2322.000 0.132
2323.000 0.133
2324.000 0.131
2325.000 0.131
2326.000 0.132
2327.000 0.135
2328.000 0.134
2329.000 0.135
2330.000 0.127
2331.000 0.126
2332.000 0.124
2333.000 0.125
2334.000 0.127
2335.000 0.123
2336.000 0.125
2337.000 0.123
2338.000 0.125
2339.000 0.125
2340.000 0.123
2341.000 0.124
2342.000 0.123
2343.000 0.118
2344.000 0.121
2345.000 0.119
2346.000 0.121
2347.000 0.121
2348.000 0.119
2349.000 0.119
2350.000 0.118
2351.000 0.118
2352.000 0.118
2353.000 0.117
2354.000 0.117
2355.000 0.117
2356.000 0.118
2357.000 0.116
2358.000 0.117
2359.000 0.117
2360.000 0.118
2361.000 0.116
2362.000 0.117
2363.000 0.116
2364.000 0.118
2365.000 0.116
2366.000 0.115
2367.000 0.117
2368.000 0.116
2369.000 0.116
2370.000 0.115
2371.000 0.116
2372.000 0.130
2373.000 0.127
2374.000 0.123
2375.000 0.123
2376.000 0.132
2377.000 0.130
2378.000 0.126
2379.000 0.122
2380.000 0.121
2381.000 0.119
2382.000 0.118
2383.000 0.115
2384.000 0.117
2385.000 0.117
2386.000 0.116
2387.000 0.115
2388.000 0.114
2389.000 0.115
2390.000 0.113
2391.000 0.113
2392.000 0.115
2393.000 0.114
2394.000 0.113
2395.000 0.114
2396.000 0.114
2397.000 0.115
2398.000 0.114
2399.000 0.114
2400.000 0.114
2401.000 0.114
2402.000 0.115
2403.000 0.115
2404.000 0.114
2405.000 0.113
2406.000 0.115
2407.000 0.114
2408.000 0.114
2409.000 0.115
2410.000 0.114
2411.000 0.115
2412.000 0.114
2413.000 0.115
2414.000 0.116
2415.000 0.115
2416.000 0.116
2417.000 0.115
2418.000 0.117
2419.000 0.115
2420.000 0.115
2421.000 0.116
2422.000 0.117
2423.000 0.117
2424.000 0.116
2425.000 0.117
2426.000 0.118
2427.000 0.116
2428.000 0.118
2429.000 0.116
2430.000 0.117
2431.000 0.117
2432.000 0.118
2433.000 0.117
2434.000 0.117
2435.000 0.117
2436.000 0.118
2437.000 0.117
2438.000 0.118
2439.000 0.120
2440.000 0.121
2441.000 0.121
2442.000 0.120
2443.000 0.120
2444.000 0.130
2445.000 0.128
2446.000 0.124
2447.000 0.123
2448.000 0.123
2449.000 0.121
2450.000 0.121
2451.000 0.120
2452.000 0.120
2453.000 0.122
2454.000 0.123
2455.000 0.122
2456.000 0.121
2457.000 0.122
2458.000 0.123
2459.000 0.122
2460.000 0.127
2461.000 0.127
2462.000 0.125
2463.000 0.124
2464.000 0.125
2465.000 0.122
2466.000 0.125
2467.000 0.122
2468.000 0.124
2469.000 0.123
2470.000 0.125
2471.000 0.123
2472.000 0.124
2473.000 0.125
2474.000 0.126
2475.000 0.125
2476.000 0.127
2477.000 0.127
2478.000 0.127
2479.000 0.128
2480.000 0.124
2481.000 0.127
2482.000 0.127
2483.000 0.127
2484.000 0.129
2485.000 0.128
2486.000 0.127
2487.000 0.128
2488.000 0.128
2489.000 0.129
2490.000 0.130
2491.000 0.131
2492.000 0.129
2493.000 0.130
2494.000 0.131
2495.000 0.130
2496.000 0.130
2497.000 0.130
2498.000 0.131
2499.000 0.132
2500.000 0.132
2501.000 0.130
2502.000 0.131
2503.000 0.134
2504.000 0.133
2505.000 0.132
2506.000 0.131
2507.000 0.134
2508.000 0.133
2509.000 0.135
2510.000 0.137
2511.000 0.136
2512.000 0.138
2513.000 0.136
2514.000 0.134
2515.000 0.136
2516.000 0.136
2517.000 0.137
2518.000 0.137
2519.000 0.138
2520.000 0.136
2521.000 0.138
2522.000 0.138
2523.000 0.137
2524.000 0.138
2525.000 0.138
2526.000 0.139
2527.000 0.139
2528.000 0.143
2529.000 0.142
2530.000 0.141
2531.000 0.143
2532.000 0.144
2533.000 0.144
2534.000 0.144
2535.000 0.144
2536.000 0.144
2537.000 0.146
2538.000 0.145
2539.000 0.148
2540.000 0.147
2541.000 0.147
2542.000 0.146
2543.000 0.148
2544.000 0.147
2545.000 0.149
2546.000 0.149
2547.000 0.150
2548.000 0.150
2549.000 0.153
2550.000 0.150
2551.000 0.154
2552.000 0.154
2553.000 0.153
2554.000 0.154
2555.000 0.154
2556.000 0.156
2557.000 0.158
2558.000 0.158
2559.000 0.157
2560.000 0.158
2561.000 0.158
2562.000 0.156
2563.000 0.158
2564.000 0.160
2565.000 0.161
2566.000 0.160
2567.000 0.160
2568.000 0.161
2569.000 0.160
2570.000 0.160
2571.000 0.160
2572.000 0.161
2573.000 0.162
2574.000 0.160
2575.000 0.157
2576.000 0.159
2577.000 0.159
2578.000 0.161
2579.000 0.157
2580.000 0.161
2581.000 0.159
2582.000 0.158
2583.000 0.158
2584.000 0.157
2585.000 0.158
2586.000 0.155
2587.000 0.159
2588.000 0.157
2589.000 0.159
2590.000 0.157
2591.000 0.158
2592.000 0.156
2593.000 0.155
2594.000 0.158
2595.000 0.160
2596.000 0.160
2597.000 0.157
2598.000 0.159
2599.000 0.160
2600.000 0.157
