1801.000 0.003
1802.000 2.260
1803.000 2.292
1804.000 2.240
1805.000 2.167
1806.000 2.149
1807.000 2.135
1808.000 2.142
1809.000 2.154
1810.000 2.169
1811.000 2.182
1812.000 2.197
1813.000 2.200
1814.000 2.223
1815.000 2.233
1816.000 2.237
1817.000 2.247
1818.000 2.266
1819.000 2.290
1820.000 2.301
1821.000 2.307
1822.000 2.320
1823.000 2.331
1824.000 2.340
1825.000 2.349
1826.000 2.357
1827.000 2.356
1828.000 2.356
1829.000 2.358
1830.000 2.349
1831.000 2.325
1832.000 2.317
1833.000 2.306
1834.000 2.268
1835.000 2.214
1836.000 2.152
1837.000 2.114
1838.000 2.074
1839.000 2.036
1840.000 2.002
1841.000 1.969
1842.000 1.947
1843.000 1.922
1844.000 1.912
1845.000 1.890
1846.000 1.890
1847.000 1.893
1848.000 1.886
1849.000 1.873
1850.000 1.868
1851.000 1.841
1852.000 1.810
1853.000 1.778
1854.000 1.735
1855.000 1.701
1856.000 1.650
1857.000 1.585
1858.000 1.515
1859.000 1.445
1860.000 1.376
1861.000 1.316
1862.000 1.251
1863.000 1.199
1864.000 1.177
1865.000 1.178
1866.000 1.176
1867.000 1.174
1868.000 1.180
1869.000 1.180
1870.000 1.191
1871.000 1.188
1872.000 1.192
1873.000 1.198
1874.000 1.199
1875.000 1.198
1876.000 1.204
1877.000 1.209
1878.000 1.211
1879.000 1.212
1880.000 1.220
1881.000 1.222
1882.000 1.225
1883.000 1.228
1884.000 1.228
1885.000 1.228
1886.000 1.235
1887.000 1.234
1888.000 1.238
1889.000 1.239
1890.000 1.240
1891.000 1.244
1892.000 1.244
1893.000 1.247
1894.000 1.246
1895.000 1.253
1896.000 1.252
1897.000 1.260
1898.000 1.265
1899.000 1.261
1900.000 1.267
1901.000 1.271
1902.000 1.267
1903.000 1.272
1904.000 1.277
1905.000 1.280
1906.000 1.284
1907.000 1.281
1908.000 1.289
1909.000 1.288
1910.000 1.294
1911.000 1.300
1912.000 1.302
1913.000 1.300
1914.000 1.308
1915.000 1.309
1916.000 1.312
1917.000 1.310
1918.000 1.315
1919.000 1.320
1920.000 1.320
1921.000 1.324
1922.000 1.319
1923.000 1.327
1924.000 1.335
1925.000 1.336
1926.000 1.333
1927.000 1.341
1928.000 1.343
1929.000 1.343
1930.000 1.340
1931.000 1.354
1932.000 1.352
1933.000 1.356
1934.000 1.361
1935.000 1.360
1936.000 1.362
1937.000 1.371
1938.000 1.371
1939.000 1.373
1940.000 1.373
1941.000 1.384
1942.000 1.386
1943.000 1.388
1944.000 1.397
1945.000 1.402
1946.000 1.401
1947.000 1.403
1948.000 1.411
1949.000 1.410
1950.000 1.409
1951.000 1.428
1952.000 1.424
1953.000 1.424
1954.000 1.430
1955.000 1.436
1956.000 1.442
1957.000 1.452
1958.000 1.459
1959.000 1.458
1960.000 1.463
1961.000 1.475
1962.000 1.468
1963.000 1.473
1964.000 1.496
1965.000 1.488
1966.000 1.496
1967.000 1.506
1968.000 1.516
1969.000 1.521
1970.000 1.533
1971.000 1.542
1972.000 1.546
1973.000 1.550
1974.000 1.551
1975.000 1.562
1976.000 1.577
1977.000 1.564
1978.000 1.586
1979.000 1.578
1980.000 1.597
1981.000 1.602
1982.000 1.596
1983.000 1.611
1984.000 1.625
1985.000 1.635
1986.000 1.644
1987.000 1.651
1988.000 1.658
1989.000 1.665
1990.000 1.672
1991.000 1.672
1992.000 1.696
1993.000 1.760
1994.000 1.774
1995.000 1.755
1996.000 1.792
1997.000 1.796
1998.000 1.810
1999.000 1.815
2000.000 1.809
2001.000 1.812
2002.000 1.898
2003.000 1.869
2004.000 1.850
2005.000 1.875
2006.000 1.869
2007.000 1.889
2008.000 1.945
2009.000 1.936
2010.000 1.951
2011.000 1.962
2012.000 1.969
2013.000 1.970
2014.000 1.971
2015.000 1.988
2016.000 2.054
2017.000 2.078
2018.000 2.095
2019.000 2.113
2020.000 2.103
2021.000 2.110
2022.000 2.135
2023.000 2.162
2024.000 2.160
2025.000 2.195
2026.000 2.198
2027.000 2.233
2028.000 2.308
2029.000 2.340
2030.000 2.366
2031.000 2.378
2032.000 2.436
2033.000 2.438
2034.000 2.456
2035.000 2.533
2036.000 2.557
2037.000 2.586
2038.000 2.608
2039.000 2.616
2040.000 2.658
2041.000 2.679
2042.000 2.770
2043.000 2.802
2044.000 2.852
2045.000 2.888
2046.000 2.919
2047.000 2.992
2048.000 3.060
2049.000 3.099
2050.000 3.119
2051.000 3.161
2052.000 3.222
2053.000 3.274
2054.000 3.339
2055.000 3.425
2056.000 3.516
2057.000 3.572
2058.000 3.660
2059.000 3.736
2060.000 3.835
2061.000 3.885
2062.000 3.979
2063.000 4.076
2064.000 4.202
2065.000 4.334
2066.000 4.446
2067.000 4.592
2068.000 4.737
2069.000 4.908
2070.000 5.072
2071.000 5.234
2072.000 5.430
2073.000 5.553
2074.000 5.765
2075.000 6.005
2076.000 6.242
2077.000 6.520
2078.000 6.823
2079.000 7.142
2080.000 7.499
2081.000 7.902
2082.000 8.317
2083.000 8.795
2084.000 9.277
2085.000 9.814
2086.000 10.109
2087.000 10.741
2088.000 11.378
2089.000 12.039
2090.000 12.785
2091.000 13.424
2092.000 13.988
2093.000 14.477
2094.000 14.836
2095.000 14.992
2096.000 14.931
2097.000 14.617
2098.000 14.371
2099.000 13.736
2100.000 12.989
2101.000 12.139
2102.000 11.317
2103.000 10.662
2104.000 10.001
2105.000 9.351
2106.000 8.731
2107.000 8.249
2108.000 7.827
2109.000 7.366
2110.000 7.158
2111.000 6.808
2112.000 6.462
2113.000 6.178
2114.000 5.894
2115.000 5.649
2116.000 5.408
2117.000 5.196
2118.000 4.978
2119.000 4.776
2120.000 4.609
2121.000 4.441
2122.000 4.360
2123.000 4.241
2124.000 4.104
2125.000 3.976
2126.000 3.844
2127.000 3.738
2128.000 3.632
2129.000 3.527
2130.000 3.429
2131.000 3.346
2132.000 3.253
2133.000 3.181
2134.000 3.141
2135.000 3.084
2136.000 2.993
2137.000 2.933
2138.000 2.867
2139.000 2.805
2140.000 2.753
2141.000 2.694
2142.000 2.633
2143.000 2.590
2144.000 2.550
2145.000 2.502
2146.000 2.455
2147.000 2.441
2148.000 2.392
2149.000 2.354
2150.000 2.331
2151.000 2.315
2152.000 2.272
2153.000 2.240
2154.000 2.220
2155.000 2.160
2156.000 2.106
2157.000 2.084
2158.000 2.035
2159.000 2.009
2160.000 1.976
2161.000 1.937
2162.000 1.899
2163.000 1.900
2164.000 1.862
2165.000 1.849
2166.000 1.816
2167.000 1.782
2168.000 1.754
2169.000 1.729
2170.000 1.745
2171.000 1.724
2172.000 1.696
2173.000 1.685
2174.000 1.682
2175.000 1.667
2176.000 1.701
2177.000 1.661
2178.000 1.621
2179.000 1.613
2180.000 1.598
2181.000 1.588
2182.000 1.590
2183.000 1.588
2184.000 1.588
2185.000 1.577
2186.000 1.577
2187.000 1.574
2188.000 1.572
2189.000 1.577
2190.000 1.582
2191.000 1.585
2192.000 1.586
2193.000 1.589
2194.000 1.604
2195.000 1.599
2196.000 1.687
2197.000 1.630
2198.000 1.622
2199.000 1.620
2200.000 1.636
2201.000 1.642
2202.000 1.647
2203.000 1.656
2204.000 1.660
2205.000 1.672
2206.000 1.693
2207.000 1.704
2208.000 1.695
2209.000 1.699
2210.000 1.720
2211.000 1.725
2212.000 1.747
2213.000 1.762
2214.000 1.768
2215.000 1.784
2216.000 1.796
2217.000 1.814
2218.000 1.832
2219.000 1.835
2220.000 1.855
2221.000 1.879
2222.000 1.895
2223.000 1.915
2224.000 1.942
2225.000 1.974
2226.000 2.002
2227.000 2.028
2228.000 2.058
2229.000 2.089
2230.000 2.118
2231.000 2.158
2232.000 2.182
2233.000 2.222
2234.000 2.263
2235.000 2.311
2236.000 2.363
2237.000 2.422
2238.000 2.485
2239.000 2.549
2240.000 2.624
2241.000 2.699
2242.000 2.784
2243.000 2.867
2244.000 2.912
2245.000 3.010
2246.000 3.117
2247.000 3.229
2248.000 3.348
2249.000 3.491
2250.000 3.650
2251.000 3.822
2252.000 3.998
2253.000 4.194
2254.000 4.418
2255.000 4.670
2256.000 4.936
2257.000 5.086
2258.000 5.426
2259.000 5.790
2260.000 6.177
2261.000 6.616
2262.000 7.060
2263.000 7.503
2264.000 7.862
2265.000 8.178
2266.000 8.391
2267.000 8.469
2268.000 8.449
2269.000 8.271
2270.000 7.954
2271.000 7.424
2272.000 6.890
2273.000 6.342
2274.000 5.852
2275.000 5.419
2276.000 5.013
2277.000 4.628
2278.000 4.275
2279.000 3.983
2280.000 3.839
2281.000 3.606
2282.000 3.376
2283.000 3.178
2284.000 2.994
2285.000 2.846
2286.000 2.696
2287.000 2.570
2288.000 2.450
2289.000 2.338
2290.000 2.242
2291.000 2.148
2292.000 2.058
2293.000 2.018
2294.000 1.939
2295.000 1.861
2296.000 1.800
2297.000 1.739
2298.000 1.673
2299.000 1.621
2300.000 1.564
2301.000 1.513
2302.000 1.471
2303.000 1.431
2304.000 1.390
2305.000 1.373
2306.000 1.339
2307.000 1.289
2308.000 1.235
2309.000 1.185
2310.000 1.139
2311.000 1.097
2312.000 1.055
2313.000 1.024
2314.000 0.991
2315.000 0.961
2316.000 0.947
2317.000 0.920
2318.000 0.906
2319.000 0.877
2320.000 0.878
2321.000 0.850
2322.000 0.820
2323.000 0.802
2324.000 0.775
2325.000 0.757
2326.000 0.752
2327.000 0.730
2328.000 0.712
2329.000 0.703
2330.000 0.686
2331.000 0.673
2332.000 0.656
2333.000 0.642
2334.000 0.633
2335.000 0.622
2336.000 0.614
2337.000 0.602
2338.000 0.593
2339.000 0.588
2340.000 0.578
2341.000 0.573
2342.000 0.564
2343.000 0.557
2344.000 0.551
2345.000 0.542
2346.000 0.537
2347.000 0.529
2348.000 0.522
2349.000 0.517
2350.000 0.513
2351.000 0.505
2352.000 0.500
2353.000 0.493
2354.000 0.490
2355.000 0.482
2356.000 0.481
2357.000 0.477
2358.000 0.470
2359.000 0.467
2360.000 0.462
2361.000 0.458
2362.000 0.455
2363.000 0.451
2364.000 0.446
2365.000 0.446
2366.000 0.443
2367.000 0.437
2368.000 0.435
2369.000 0.430
2370.000 0.428
2371.000 0.423
2372.000 0.423
2373.000 0.422
2374.000 0.420
2375.000 0.416
2376.000 0.412
2377.000 0.410
2378.000 0.410
2379.000 0.403
2380.000 0.403
2381.000 0.401
2382.000 0.397
2383.000 0.395
2384.000 0.393
2385.000 0.392
2386.000 0.391
2387.000 0.387
2388.000 0.386
2389.000 0.384
2390.000 0.387
2391.000 0.382
2392.000 0.381
2393.000 0.377
2394.000 0.377
2395.000 0.374
2396.000 0.373
2397.000 0.371
2398.000 0.370
2399.000 0.365
2400.000 0.367
2401.000 0.364
2402.000 0.363
2403.000 0.363
2404.000 0.363
2405.000 0.360
2406.000 0.358
2407.000 0.356
2408.000 0.357
2409.000 0.356
2410.000 0.355
2411.000 0.354
2412.000 0.353
2413.000 0.350
2414.000 0.351
2415.000 0.351
2416.000 0.348
2417.000 0.346
2418.000 0.345
2419.000 0.347
2420.000 0.345
2421.000 0.347
2422.000 0.347
2423.000 0.344
2424.000 0.340
2425.000 0.342
2426.000 0.343
2427.000 0.342
2428.000 0.342
2429.000 0.341
2430.000 0.343
2431.000 0.337
2432.000 0.339
2433.000 0.340
2434.000 0.338
2435.000 0.338
2436.000 0.337
2437.000 0.335
2438.000 0.337
2439.000 0.337
2440.000 0.339
2441.000 0.338
2442.000 0.335
2443.000 0.337
2444.000 0.339
2445.000 0.336
2446.000 0.338
2447.000 0.338
2448.000 0.335
2449.000 0.337
2450.000 0.336
2451.000 0.333
2452.000 0.340
2453.000 0.338
2454.000 0.336
2455.000 0.337
2456.000 0.340
2457.000 0.339
2458.000 0.339
2459.000 0.336
2460.000 0.342
2461.000 0.340
2462.000 0.340
2463.000 0.340
2464.000 0.338
2465.000 0.339
2466.000 0.346
2467.000 0.342
2468.000 0.339
2469.000 0.342
2470.000 0.339
2471.000 0.365
2472.000 0.357
2473.000 0.346
2474.000 0.343
2475.000 0.341
2476.000 0.346
2477.000 0.348
2478.000 0.344
2479.000 0.346
2480.000 0.347
2481.000 0.350
2482.000 0.352
2483.000 0.352
2484.000 0.349
2485.000 0.348
2486.000 0.353
2487.000 0.350
2488.000 0.352
2489.000 0.353
2490.000 0.355
2491.000 0.357
2492.000 0.358
2493.000 0.358
2494.000 0.588
2495.000 0.576
2496.000 0.553
2497.000 0.542
2498.000 0.490
2499.000 0.443
2500.000 0.425
2501.000 0.393
2502.000 0.371
2503.000 0.361
2504.000 0.355
2505.000 0.356
2506.000 0.357
2507.000 0.357
2508.000 0.360
2509.000 0.359
2510.000 0.639
2511.000 0.742
2512.000 0.670
2513.000 0.619
2514.000 0.586
2515.000 0.534
2516.000 0.477
2517.000 0.436
2518.000 0.405
2519.000 0.384
2520.000 0.377
2521.000 0.371
2522.000 0.370
2523.000 0.371
2524.000 0.369
2525.000 0.366
2526.000 0.365
2527.000 0.366
2528.000 0.365
2529.000 0.366
2530.000 0.364
2531.000 0.365
2532.000 0.367
2533.000 0.365
2534.000 0.365
2535.000 0.366
2536.000 0.368
2537.000 0.365
2538.000 0.363
2539.000 0.365
2540.000 0.366
2541.000 0.366
2542.000 0.364
2543.000 0.367
2544.000 0.371
2545.000 0.377
2546.000 0.376
2547.000 0.383
2548.000 0.374
2549.000 0.374
2550.000 0.370
2551.000 0.366
2552.000 0.371
2553.000 0.367
2554.000 0.369
2555.000 0.366
2556.000 0.368
2557.000 0.366
2558.000 0.365
2559.000 0.367
2560.000 0.365
2561.000 0.369
2562.000 0.365
2563.000 0.371
2564.000 0.367
2565.000 0.369
2566.000 0.368
2567.000 0.370
2568.000 0.368
2569.000 0.369
2570.000 0.369
2571.000 0.366
2572.000 0.371
2573.000 0.375
2574.000 0.421
2575.000 0.404
2576.000 0.385
2577.000 0.382
2578.000 0.377
2579.000 0.374
2580.000 0.375
2581.000 0.374
2582.000 0.373
2583.000 0.373
2584.000 0.372
2585.000 0.373
2586.000 0.374
2587.000 0.373
2588.000 0.371
2589.000 0.373
2590.000 0.375
2591.000 0.377
2592.000 0.377
2593.000 0.377
2594.000 0.376
2595.000 0.376
2596.000 0.378
2597.000 0.379
2598.000 0.380
2599.000 0.379
2600.000 0.380
