1801.000 0.003
1802.000 3.607
1803.000 3.652
1804.000 3.672
1805.000 3.687
1806.000 3.699
1807.000 3.701
1808.000 3.719
1809.000 3.729
1810.000 3.745
1811.000 3.729
1812.000 3.743
1813.000 3.743
1814.000 3.747
1815.000 3.770
1816.000 3.771
1817.000 3.800
1818.000 3.804
1819.000 3.818
1820.000 3.836
1821.000 3.847
1822.000 3.860
1823.000 3.871
1824.000 3.876
1825.000 3.880
1826.000 3.893
1827.000 3.887
1828.000 3.903
1829.000 3.889
1830.000 3.864
1831.000 3.846
1832.000 3.815
1833.000 3.778
1834.000 3.758
1835.000 3.712
1836.000 3.663
1837.000 3.626
1838.000 3.585
1839.000 3.541
1840.000 3.508
1841.000 3.483
1842.000 3.459
1843.000 3.426
1844.000 3.385
1845.000 3.332
1846.000 3.278
1847.000 3.222
1848.000 3.186
1849.000 3.150
1850.000 3.114
1851.000 3.108
1852.000 3.102
1853.000 3.101
1854.000 3.118
1855.000 3.111
1856.000 3.109
1857.000 3.105
1858.000 3.104
1859.000 3.081
1860.000 3.059
1861.000 3.037
1862.000 2.988
1863.000 2.926
1864.000 2.874
1865.000 2.781
1866.000 2.684
1867.000 2.570
1868.000 2.510
1869.000 2.458
1870.000 2.358
1871.000 2.234
1872.000 2.120
1873.000 2.078
1874.000 2.027
1875.000 1.979
1876.000 2.011
1877.000 1.992
1878.000 1.980
1879.000 1.978
1880.000 2.003
1881.000 2.000
1882.000 1.998
1883.000 1.994
1884.000 1.989
1885.000 1.992
1886.000 1.997
1887.000 1.999
1888.000 1.998
1889.000 2.003
1890.000 2.004
1891.000 2.008
1892.000 2.011
1893.000 2.019
1894.000 2.024
1895.000 2.030
1896.000 2.034
1897.000 2.036
1898.000 2.046
1899.000 2.045
1900.000 2.047
1901.000 2.062
1902.000 2.063
1903.000 2.116
1904.000 2.180
1905.000 2.161
1906.000 2.122
1907.000 2.107
1908.000 2.100
1909.000 2.106
1910.000 2.219
1911.000 2.173
1912.000 2.144
1913.000 2.175
1914.000 2.195
1915.000 2.198
1916.000 2.189
1917.000 2.170
1918.000 2.157
1919.000 2.147
1920.000 2.205
1921.000 2.179
1922.000 2.181
1923.000 2.175
1924.000 2.167
1925.000 2.159
1926.000 2.155
1927.000 2.197
1928.000 2.180
1929.000 2.186
1930.000 2.181
1931.000 2.185
1932.000 2.197
1933.000 2.199
1934.000 2.225
1935.000 2.218
1936.000 2.205
1937.000 2.209
1938.000 2.210
1939.000 2.205
1940.000 2.216
1941.000 2.212
1942.000 2.218
1943.000 2.226
1944.000 2.230
1945.000 2.227
1946.000 2.229
1947.000 2.220
1948.000 2.234
1949.000 2.237
1950.000 2.231
1951.000 2.242
1952.000 2.253
1953.000 2.252
1954.000 2.255
1955.000 2.266
1956.000 2.277
1957.000 2.279
1958.000 2.287
1959.000 2.286
1960.000 2.307
1961.000 2.294
1962.000 2.312
1963.000 2.313
1964.000 2.330
1965.000 2.330
1966.000 2.332
1967.000 2.349
1968.000 2.356
1969.000 2.356
1970.000 2.365
1971.000 2.379
1972.000 2.377
1973.000 2.381
1974.000 2.409
1975.000 2.416
1976.000 2.412
1977.000 2.426
1978.000 2.433
1979.000 2.430
1980.000 2.441
1981.000 2.444
1982.000 2.454
1983.000 2.455
1984.000 2.471
1985.000 2.478
1986.000 2.488
1987.000 2.491
1988.000 2.499
1989.000 2.513
1990.000 2.522
1991.000 2.527
1992.000 2.547
1993.000 2.554
1994.000 2.581
1995.000 2.583
1996.000 2.599
1997.000 2.598
1998.000 2.602
1999.000 2.624
2000.000 2.645
2001.000 2.660
2002.000 2.662
2003.000 2.679
2004.000 2.687
2005.000 2.697
2006.000 2.721
2007.000 2.755
2008.000 2.747
2009.000 2.755
2010.000 2.786
2011.000 2.793
2012.000 2.802
2013.000 2.856
2014.000 2.851
2015.000 2.890
2016.000 2.920
2017.000 2.926
2018.000 2.928
2019.000 2.948
2020.000 2.970
2021.000 2.979
2022.000 2.987
2023.000 3.028
2024.000 3.040
2025.000 3.066
2026.000 3.094
2027.000 3.108
2028.000 3.163
2029.000 3.212
2030.000 3.248
2031.000 3.256
2032.000 3.271
2033.000 3.289
2034.000 3.312
2035.000 3.391
2036.000 3.423
2037.000 3.449
2038.000 3.466
2039.000 3.479
2040.000 3.512
2041.000 3.544
2042.000 3.577
2043.000 3.646
2044.000 3.683
2045.000 3.722
2046.000 3.772
2047.000 3.836
2048.000 3.893
2049.000 3.944
2050.000 3.959
2051.000 4.008
2052.000 4.068
2053.000 4.156
2054.000 4.227
2055.000 4.297
2056.000 4.359
2057.000 4.441
2058.000 4.522
2059.000 4.606
2060.000 4.698
2061.000 4.794
2062.000 4.892
2063.000 4.960
2064.000 5.066
2065.000 5.185
2066.000 5.313
2067.000 5.439
2068.000 5.580
2069.000 5.732
2070.000 5.894
2071.000 6.058
2072.000 6.249
2073.000 6.433
2074.000 6.664
2075.000 6.894
2076.000 7.011
2077.000 7.259
2078.000 7.577
2079.000 7.879
2080.000 8.198
2081.000 8.573
2082.000 8.962
2083.000 9.382
2084.000 9.829
2085.000 10.320
2086.000 10.843
2087.000 11.102
2088.000 11.653
2089.000 12.229
2090.000 12.800
2091.000 13.354
2092.000 13.796
2093.000 14.153
2094.000 14.387
2095.000 14.430
2096.000 14.246
2097.000 13.831
2098.000 13.214
2099.000 12.849
2100.000 12.085
2101.000 11.291
2102.000 10.482
2103.000 9.717
2104.000 9.068
2105.000 8.452
2106.000 7.871
2107.000 7.348
2108.000 6.876
2109.000 6.452
2110.000 6.060
2111.000 5.691
2112.000 5.515
2113.000 5.209
2114.000 4.925
2115.000 4.661
2116.000 4.399
2117.000 4.182
2118.000 3.977
2119.000 3.767
2120.000 3.572
2121.000 3.396
2122.000 3.234
2123.000 3.088
2124.000 3.017
2125.000 2.882
2126.000 2.751
2127.000 2.635
2128.000 2.515
2129.000 2.386
2130.000 2.224
2131.000 2.064
2132.000 1.925
2133.000 1.800
2134.000 1.692
2135.000 1.639
2136.000 1.537
2137.000 1.451
2138.000 1.371
2139.000 1.295
2140.000 1.227
2141.000 1.162
2142.000 1.105
2143.000 1.046
2144.000 0.989
2145.000 0.938
2146.000 0.891
2147.000 0.848
2148.000 0.827
2149.000 0.787
2150.000 0.749
2151.000 0.713
2152.000 0.677
2153.000 0.645
2154.000 0.617
2155.000 0.585
2156.000 0.553
2157.000 0.528
2158.000 0.499
2159.000 0.472
2160.000 0.459
2161.000 0.434
2162.000 0.407
2163.000 0.384
2164.000 0.364
2165.000 0.345
2166.000 0.322
2167.000 0.300
2168.000 0.280
2169.000 0.261
2170.000 0.240
2171.000 0.220
2172.000 0.204
2173.000 0.195
2174.000 0.178
2175.000 0.160
2176.000 0.144
2177.000 0.126
2178.000 0.111
2179.000 0.096
2180.000 0.085
2181.000 0.071
2182.000 0.065
2183.000 0.062
2184.000 0.061
2185.000 0.063
2186.000 0.069
2187.000 0.079
2188.000 0.092
2189.000 0.104
2190.000 0.118
2191.000 0.131
2192.000 0.145
2193.000 0.164
2194.000 0.178
2195.000 0.191
2196.000 0.200
2197.000 0.217
2198.000 0.233
2199.000 0.249
2200.000 0.265
2201.000 0.282
2202.000 0.300
2203.000 0.319
2204.000 0.337
2205.000 0.359
2206.000 0.378
2207.000 0.401
2208.000 0.422
2209.000 0.432
2210.000 0.455
2211.000 0.476
2212.000 0.498
2213.000 0.518
2214.000 0.546
2215.000 0.571
2216.000 0.596
2217.000 0.626
2218.000 0.651
2219.000 0.682
2220.000 0.717
2221.000 0.728
2222.000 0.765
2223.000 0.811
2224.000 0.850
2225.000 0.901
2226.000 0.956
2227.000 1.013
2228.000 1.080
2229.000 1.156
2230.000 1.238
2231.000 1.318
2232.000 1.347
2233.000 1.406
2234.000 1.470
2235.000 1.538
2236.000 1.605
2237.000 1.675
2238.000 1.747
2239.000 1.825
2240.000 1.909
2241.000 1.991
2242.000 2.077
2243.000 2.179
2244.000 2.271
2245.000 2.326
2246.000 2.445
2247.000 2.565
2248.000 2.711
2249.000 2.870
2250.000 3.034
2251.000 3.207
2252.000 3.415
2253.000 3.635
2254.000 3.871
2255.000 4.137
2256.000 4.444
2257.000 4.810
2258.000 5.013
2259.000 5.445
2260.000 5.911
2261.000 6.424
2262.000 6.980
2263.000 7.526
2264.000 7.986
2265.000 8.304
2266.000 8.386
2267.000 8.181
2268.000 8.000
2269.000 7.751
2270.000 7.577
2271.000 7.142
2272.000 6.649
2273.000 6.160
2274.000 5.714
2275.000 5.298
2276.000 4.894
2277.000 4.563
2278.000 4.265
2279.000 3.984
2280.000 3.734
2281.000 3.622
2282.000 3.423
2283.000 3.240
2284.000 3.076
2285.000 2.934
2286.000 2.792
2287.000 2.658
2288.000 2.539
2289.000 2.445
2290.000 2.345
2291.000 2.255
2292.000 2.164
2293.000 2.087
2294.000 2.051
2295.000 1.975
2296.000 1.909
2297.000 1.846
2298.000 1.780
2299.000 1.722
2300.000 1.667
2301.000 1.620
2302.000 1.574
2303.000 1.528
2304.000 1.486
2305.000 1.445
2306.000 1.425
2307.000 1.388
2308.000 1.360
2309.000 1.324
2310.000 1.298
2311.000 1.268
2312.000 1.230
2313.000 1.193
2314.000 1.158
2315.000 1.122
2316.000 1.076
2317.000 1.037
2318.000 1.006
2319.000 0.987
2320.000 0.952
2321.000 0.922
2322.000 0.896
2323.000 0.876
2324.000 0.849
2325.000 0.821
2326.000 0.802
2327.000 0.776
2328.000 0.757
2329.000 0.737
2330.000 0.727
2331.000 0.707
2332.000 0.692
2333.000 0.677
2334.000 0.657
2335.000 0.637
2336.000 0.624
2337.000 0.616
2338.000 0.604
2339.000 0.588
2340.000 0.576
2341.000 0.566
2342.000 0.562
2343.000 0.549
2344.000 0.537
2345.000 0.522
2346.000 0.513
2347.000 0.502
2348.000 0.494
2349.000 0.484
2350.000 0.474
2351.000 0.467
2352.000 0.458
2353.000 0.449
2354.000 0.442
2355.000 0.437
2356.000 0.430
2357.000 0.421
2358.000 0.418
2359.000 0.407
2360.000 0.398
2361.000 0.394
2362.000 0.387
2363.000 0.381
2364.000 0.373
2365.000 0.367
2366.000 0.359
2367.000 0.361
2368.000 0.352
2369.000 0.346
2370.000 0.339
2371.000 0.336
2372.000 0.338
2373.000 0.342
2374.000 0.336
2375.000 0.332
2376.000 0.326
2377.000 0.314
2378.000 0.312
2379.000 0.305
2380.000 0.300
2381.000 0.293
2382.000 0.290
2383.000 0.283
2384.000 0.277
2385.000 0.275
2386.000 0.269
2387.000 0.265
2388.000 0.263
2389.000 0.259
2390.000 0.254
2391.000 0.252
2392.000 0.249
2393.000 0.244
2394.000 0.239
2395.000 0.238
2396.000 0.236
2397.000 0.232
2398.000 0.226
2399.000 0.223
2400.000 0.220
2401.000 0.218
2402.000 0.214
2403.000 0.213
2404.000 0.210
2405.000 0.204
2406.000 0.202
2407.000 0.200
2408.000 0.196
2409.000 0.192
2410.000 0.191
2411.000 0.189
2412.000 0.184
2413.000 0.181
2414.000 0.178
2415.000 0.178
2416.000 0.176
2417.000 0.173
2418.000 0.169
2419.000 0.168
2420.000 0.163
2421.000 0.163
2422.000 0.161
2423.000 0.157
2424.000 0.154
2425.000 0.152
2426.000 0.151
2427.000 0.150
2428.000 0.149
2429.000 0.147
2430.000 0.144
2431.000 0.140
2432.000 0.139
2433.000 0.136
2434.000 0.134
2435.000 0.133
2436.000 0.131
2437.000 0.130
2438.000 0.127
2439.000 0.124
2440.000 0.124
2441.000 0.123
2442.000 0.120
2443.000 0.117
2444.000 0.116
2445.000 0.115
2446.000 0.114
2447.000 0.111
2448.000 0.111
2449.000 0.109
2450.000 0.108
2451.000 0.105
2452.000 0.104
2453.000 0.103
2454.000 0.101
2455.000 0.098
2456.000 0.097
2457.000 0.096
2458.000 0.095
2459.000 0.093
2460.000 0.092
2461.000 0.089
2462.000 0.087
2463.000 0.087
2464.000 0.085
2465.000 0.083
2466.000 0.084
2467.000 0.082
2468.000 0.080
2469.000 0.080
2470.000 0.077
2471.000 0.078
2472.000 0.076
2473.000 0.076
2474.000 0.074
2475.000 0.074
2476.000 0.072
2477.000 0.071
2478.000 0.070
2479.000 0.069
2480.000 0.069
2481.000 0.069
2482.000 0.067
2483.000 0.067
2484.000 0.067
2485.000 0.064
2486.000 0.065
2487.000 0.063
2488.000 0.061
2489.000 0.061
2490.000 0.062
2491.000 0.063
2492.000 0.061
2493.000 0.062
2494.000 0.061
2495.000 0.060
2496.000 0.059
2497.000 0.059
2498.000 0.060
2499.000 0.059
2500.000 0.058
2501.000 0.058
2502.000 0.058
2503.000 0.058
2504.000 0.058
2505.000 0.058
2506.000 0.058
2507.000 0.058
2508.000 0.058
2509.000 0.057
2510.000 0.058
2511.000 0.057
2512.000 0.058
2513.000 0.057
2514.000 0.058
2515.000 0.060
2516.000 0.060
2517.000 0.057
2518.000 0.060
2519.000 0.059
2520.000 0.060
2521.000 0.060
2522.000 0.059
2523.000 0.062
2524.000 0.061
2525.000 0.061
2526.000 0.062
2527.000 0.061
2528.000 0.063
2529.000 0.062
2530.000 0.064
2531.000 0.064
2532.000 0.065
2533.000 0.065
2534.000 0.065
2535.000 0.067
2536.000 0.066
2537.000 0.066
2538.000 0.068
2539.000 0.068
2540.000 0.071
2541.000 0.070
2542.000 0.069
2543.000 0.071
2544.000 0.071
2545.000 0.072
2546.000 0.073
2547.000 0.076
2548.000 0.078
2549.000 0.075
2550.000 0.076
2551.000 0.078
2552.000 0.078
2553.000 0.079
2554.000 0.082
2555.000 0.083
2556.000 0.081
2557.000 0.084
2558.000 0.085
2559.000 0.085
2560.000 0.086
2561.000 0.087
2562.000 0.087
2563.000 0.088
2564.000 0.090
2565.000 0.091
2566.000 0.093
2567.000 0.094
2568.000 0.094
2569.000 0.094
2570.000 0.096
2571.000 0.098
2572.000 0.098
2573.000 0.099
2574.000 0.101
2575.000 0.103
2576.000 0.106
2577.000 0.106
2578.000 0.107
2579.000 0.109
2580.000 0.111
2581.000 0.112
2582.000 0.111
2583.000 0.113
2584.000 0.114
2585.000 0.113
2586.000 0.115
2587.000 0.119
2588.000 0.120
2589.000 0.121
2590.000 0.123
2591.000 0.126
2592.000 0.127
2593.000 0.128
2594.000 0.128
2595.000 0.129
2596.000 0.132
2597.000 0.133
2598.000 0.135
2599.000 0.135
2600.000 0.142
