1801.000 0.003
1802.000 2.353
1803.000 2.406
1804.000 2.405
1805.000 2.377
1806.000 2.389
1807.000 2.389
1808.000 2.392
1809.000 2.402
1810.000 2.416
1811.000 2.430
1812.000 2.429
1813.000 2.426
1814.000 2.444
1815.000 2.454
1816.000 2.465
1817.000 2.473
1818.000 2.483
1819.000 2.494
1820.000 2.487
1821.000 2.513
1822.000 2.510
1823.000 2.523
1824.000 2.525
1825.000 2.520
1826.000 2.521
1827.000 2.504
1828.000 2.490
1829.000 2.455
1830.000 2.440
1831.000 2.410
1832.000 2.363
1833.000 2.314
1834.000 2.253
1835.000 2.211
1836.000 2.154
1837.000 2.098
1838.000 2.064
1839.000 2.066
1840.000 2.042
1841.000 2.032
1842.000 2.007
1843.000 1.972
1844.000 1.970
1845.000 1.956
1846.000 1.960
1847.000 1.956
1848.000 1.944
1849.000 1.958
1850.000 1.982
1851.000 1.942
1852.000 1.925
1853.000 1.925
1854.000 1.886
1855.000 1.873
1856.000 1.869
1857.000 1.804
1858.000 1.734
1859.000 1.673
1860.000 1.613
1861.000 1.531
1862.000 1.462
1863.000 1.393
1864.000 1.326
1865.000 1.267
1866.000 1.244
1867.000 1.213
1868.000 1.209
1869.000 1.217
1870.000 1.219
1871.000 1.219
1872.000 1.225
1873.000 1.227
1874.000 1.229
1875.000 1.233
1876.000 1.237
1877.000 1.239
1878.000 1.242
1879.000 1.241
1880.000 1.245
1881.000 1.250
1882.000 1.253
1883.000 1.252
1884.000 1.259
1885.000 1.262
1886.000 1.264
1887.000 1.263
1888.000 1.268
1889.000 1.270
1890.000 1.271
1891.000 1.273
1892.000 1.282
1893.000 1.279
1894.000 1.282
1895.000 1.286
1896.000 1.288
1897.000 1.292
1898.000 1.292
1899.000 1.297
1900.000 1.300
1901.000 1.299
1902.000 1.306
1903.000 1.302
1904.000 1.305
1905.000 1.308
1906.000 1.313
1907.000 1.321
1908.000 1.321
1909.000 1.323
1910.000 1.332
1911.000 1.328
1912.000 1.333
1913.000 1.338
1914.000 1.334
1915.000 1.339
1916.000 1.339
1917.000 1.344
1918.000 1.347
1919.000 1.353
1920.000 1.355
1921.000 1.407
1922.000 1.401
1923.000 1.386
1924.000 1.387
1925.000 1.413
1926.000 1.401
1927.000 1.396
1928.000 1.390
1929.000 1.389
1930.000 1.391
1931.000 1.387
1932.000 1.401
1933.000 1.402
1934.000 1.398
1935.000 1.400
1936.000 1.399
1937.000 1.403
1938.000 1.413
1939.000 1.416
1940.000 1.411
1941.000 1.416
1942.000 1.423
1943.000 1.426
1944.000 1.432
1945.000 1.432
1946.000 1.443
1947.000 1.441
1948.000 1.444
1949.000 1.456
1950.000 1.456
1951.000 1.458
1952.000 1.468
1953.000 1.475
1954.000 1.481
1955.000 1.480
1956.000 1.482
1957.000 1.492
1958.000 1.495
1959.000 1.489
1960.000 1.509
1961.000 1.502
1962.000 1.515
1963.000 1.511
1964.000 1.516
1965.000 1.534
1966.000 1.527
1967.000 1.535
1968.000 1.602
1969.000 1.598
1970.000 1.602
1971.000 1.613
1972.000 1.603
1973.000 1.611
1974.000 1.607
1975.000 1.640
1976.000 1.620
1977.000 1.624
1978.000 1.645
1979.000 1.648
1980.000 1.643
1981.000 1.661
1982.000 1.664
1983.000 1.666
1984.000 1.669
1985.000 1.671
1986.000 1.685
1987.000 1.689
1988.000 1.747
1989.000 1.774
1990.000 1.763
1991.000 1.771
1992.000 1.783
1993.000 1.767
1994.000 1.776
1995.000 1.799
1996.000 1.822
1997.000 1.824
1998.000 1.818
1999.000 1.833
2000.000 1.850
2001.000 1.846
2002.000 1.864
2003.000 1.887
2004.000 1.888
2005.000 1.889
2006.000 1.904
2007.000 1.934
2008.000 1.924
2009.000 1.933
2010.000 2.043
2011.000 2.041
2012.000 2.070
2013.000 2.050
2014.000 2.048
2015.000 2.090
2016.000 2.105
2017.000 2.114
2018.000 2.122
2019.000 2.137
2020.000 2.171
2021.000 2.177
2022.000 2.194
2023.000 2.226
2024.000 2.239
2025.000 2.258
2026.000 2.268
2027.000 2.312
2028.000 2.317
2029.000 2.342
2030.000 2.374
2031.000 2.399
2032.000 2.416
2033.000 2.459
2034.000 2.476
2035.000 2.505
2036.000 2.547
2037.000 2.563
2038.000 2.602
2039.000 2.637
2040.000 2.671
2041.000 2.717
2042.000 2.747
2043.000 2.797
2044.000 2.848
2045.000 2.904
2046.000 2.954
2047.000 3.012
2048.000 3.071
2049.000 3.176
2050.000 3.201
2051.000 3.241
2052.000 3.300
2053.000 3.347
2054.000 3.408
2055.000 3.484
2056.000 3.546
2057.000 3.631
2058.000 3.703
2059.000 3.802
2060.000 3.885
2061.000 3.929
2062.000 4.030
2063.000 4.141
2064.000 4.252
2065.000 4.374
2066.000 4.501
2067.000 4.635
2068.000 4.782
2069.000 4.931
2070.000 5.098
2071.000 5.279
2072.000 5.483
2073.000 5.580
2074.000 5.799
2075.000 6.035
2076.000 6.285
2077.000 6.563
2078.000 6.876
2079.000 7.199
2080.000 7.553
2081.000 7.931
2082.000 8.363
2083.000 8.974
2084.000 9.511
2085.000 10.033
2086.000 10.295
2087.000 10.934
2088.000 11.542
2089.000 12.176
2090.000 12.799
2091.000 13.432
2092.000 14.001
2093.000 14.484
2094.000 14.885
2095.000 15.098
2096.000 15.031
2097.000 14.695
2098.000 14.439
2099.000 13.801
2100.000 13.054
2101.000 12.287
2102.000 11.542
2103.000 10.763
2104.000 10.118
2105.000 9.482
2106.000 8.891
2107.000 8.362
2108.000 7.894
2109.000 7.672
2110.000 7.268
2111.000 7.020
2112.000 6.696
2113.000 6.350
2114.000 6.029
2115.000 5.750
2116.000 5.582
2117.000 5.350
2118.000 5.129
2119.000 4.915
2120.000 4.704
2121.000 4.541
2122.000 4.529
2123.000 4.320
2124.000 4.162
2125.000 4.023
2126.000 3.900
2127.000 3.809
2128.000 3.686
2129.000 3.573
2130.000 3.493
2131.000 3.393
2132.000 3.327
2133.000 3.238
2134.000 3.201
2135.000 3.107
2136.000 3.055
2137.000 2.970
2138.000 2.897
2139.000 2.828
2140.000 2.765
2141.000 2.700
2142.000 2.641
2143.000 2.583
2144.000 2.541
2145.000 2.493
2146.000 2.446
2147.000 2.429
2148.000 2.378
2149.000 2.335
2150.000 2.294
2151.000 2.324
2152.000 2.275
2153.000 2.247
2154.000 2.199
2155.000 2.139
2156.000 2.089
2157.000 2.045
2158.000 2.028
2159.000 2.024
2160.000 1.985
2161.000 1.928
2162.000 1.918
2163.000 1.873
2164.000 1.839
2165.000 1.827
2166.000 1.798
2167.000 1.772
2168.000 1.748
2169.000 1.732
2170.000 1.724
2171.000 1.722
2172.000 1.690
2173.000 1.675
2174.000 1.662
2175.000 1.648
2176.000 1.631
2177.000 1.618
2178.000 1.602
2179.000 1.587
2180.000 1.573
2181.000 1.581
2182.000 1.568
2183.000 1.562
2184.000 1.570
2185.000 1.565
2186.000 1.560
2187.000 1.554
2188.000 1.550
2189.000 1.555
2190.000 1.545
2191.000 1.545
2192.000 1.559
2193.000 1.576
2194.000 1.572
2195.000 1.575
2196.000 1.578
2197.000 1.583
2198.000 1.579
2199.000 1.585
2200.000 1.611
2201.000 1.628
2202.000 1.630
2203.000 1.638
2204.000 1.656
2205.000 1.663
2206.000 1.669
2207.000 1.669
2208.000 1.668
2209.000 1.689
2210.000 1.699
2211.000 1.702
2212.000 1.712
2213.000 1.719
2214.000 1.730
2215.000 1.757
2216.000 1.780
2217.000 1.792
2218.000 1.806
2219.000 1.819
2220.000 1.830
2221.000 1.842
2222.000 1.862
2223.000 1.876
2224.000 1.922
2225.000 1.932
2226.000 1.964
2227.000 1.980
2228.000 2.006
2229.000 2.042
2230.000 2.089
2231.000 2.127
2232.000 2.143
2233.000 2.170
2234.000 2.207
2235.000 2.265
2236.000 2.304
2237.000 2.369
2238.000 2.431
2239.000 2.489
2240.000 2.541
2241.000 2.606
2242.000 2.690
2243.000 2.762
2244.000 2.802
2245.000 2.891
2246.000 2.985
2247.000 3.088
2248.000 3.213
2249.000 3.396
2250.000 3.530
2251.000 3.718
2252.000 3.876
2253.000 4.040
2254.000 4.258
2255.000 4.361
2256.000 4.602
2257.000 4.922
2258.000 5.212
2259.000 5.531
2260.000 5.888
2261.000 6.285
2262.000 6.670
2263.000 7.094
2264.000 7.472
2265.000 7.797
2266.000 8.050
2267.000 8.155
2268.000 8.157
2269.000 8.039
2270.000 7.750
2271.000 7.326
2272.000 6.827
2273.000 6.297
2274.000 5.794
2275.000 5.339
2276.000 4.926
2277.000 4.555
2278.000 4.217
2279.000 3.916
2280.000 3.779
2281.000 3.534
2282.000 3.308
2283.000 3.110
2284.000 2.931
2285.000 2.770
2286.000 2.632
2287.000 2.501
2288.000 2.381
2289.000 2.268
2290.000 2.163
2291.000 2.074
2292.000 1.985
2293.000 1.949
2294.000 1.869
2295.000 1.799
2296.000 1.732
2297.000 1.665
2298.000 1.609
2299.000 1.553
2300.000 1.502
2301.000 1.457
2302.000 1.410
2303.000 1.380
2304.000 1.353
2305.000 1.315
2306.000 1.276
2307.000 1.227
2308.000 1.179
2309.000 1.131
2310.000 1.090
2311.000 1.048
2312.000 1.009
2313.000 0.978
2314.000 0.947
2315.000 0.921
2316.000 0.904
2317.000 0.878
2318.000 0.847
2319.000 0.824
2320.000 0.816
2321.000 0.795
2322.000 0.776
2323.000 0.756
2324.000 0.735
2325.000 0.728
2326.000 0.711
2327.000 0.691
2328.000 0.676
2329.000 0.676
2330.000 0.661
2331.000 0.651
2332.000 0.638
2333.000 0.624
2334.000 0.619
2335.000 0.607
2336.000 0.597
2337.000 0.585
2338.000 0.570
2339.000 0.562
2340.000 0.552
2341.000 0.545
2342.000 0.539
2343.000 0.534
2344.000 0.527
2345.000 0.522
2346.000 0.515
2347.000 0.510
2348.000 0.507
2349.000 0.503
2350.000 0.498
2351.000 0.487
2352.000 0.483
2353.000 0.474
2354.000 0.472
2355.000 0.466
2356.000 0.460
2357.000 0.455
2358.000 0.451
2359.000 0.447
2360.000 0.440
2361.000 0.437
2362.000 0.433
2363.000 0.431
2364.000 0.426
2365.000 0.426
2366.000 0.423
2367.000 0.419
2368.000 0.432
2369.000 0.424
2370.000 0.417
2371.000 0.413
2372.000 0.408
2373.000 0.405
2374.000 0.408
2375.000 0.404
2376.000 0.401
2377.000 0.395
2378.000 0.395
2379.000 0.390
2380.000 0.386
2381.000 0.384
2382.000 0.382
2383.000 0.381
2384.000 0.379
2385.000 0.377
2386.000 0.374
2387.000 0.373
2388.000 0.372
2389.000 0.368
2390.000 0.367
2391.000 0.364
2392.000 0.363
2393.000 0.362
2394.000 0.364
2395.000 0.361
2396.000 0.358
2397.000 0.358
2398.000 0.357
2399.000 0.354
2400.000 0.352
2401.000 0.354
2402.000 0.349
2403.000 0.349
2404.000 0.349
2405.000 0.347
2406.000 0.346
2407.000 0.346
2408.000 0.343
2409.000 0.342
2410.000 0.342
2411.000 0.342
2412.000 0.341
2413.000 0.339
2414.000 0.338
2415.000 0.339
2416.000 0.338
2417.000 0.336
2418.000 0.336
2419.000 0.333
2420.000 0.336
2421.000 0.334
2422.000 0.336
2423.000 0.333
2424.000 0.334
2425.000 0.332
2426.000 0.330
2427.000 0.332
2428.000 0.331
2429.000 0.331
2430.000 0.331
2431.000 0.330
2432.000 0.329
2433.000 0.330
2434.000 0.329
2435.000 0.328
2436.000 0.328
2437.000 0.328
2438.000 0.326
2439.000 0.328
2440.000 0.328
2441.000 0.330
2442.000 0.328
2443.000 0.330
2444.000 0.330
2445.000 0.327
2446.000 0.328
2447.000 0.326
2448.000 0.330
2449.000 0.329
2450.000 0.327
2451.000 0.324
2452.000 0.328
2453.000 0.328
2454.000 0.328
2455.000 0.329
2456.000 0.328
2457.000 0.330
2458.000 0.329
2459.000 0.327
2460.000 0.331
2461.000 0.328
2462.000 0.331
2463.000 0.331
2464.000 0.330
2465.000 0.339
2466.000 0.338
2467.000 0.339
2468.000 0.336
2469.000 0.334
2470.000 0.344
2471.000 0.348
2472.000 0.355
2473.000 0.349
2474.000 0.348
2475.000 0.348
2476.000 0.347
2477.000 0.345
2478.000 0.347
2479.000 0.351
2480.000 0.347
2481.000 0.344
2482.000 0.346
2483.000 0.345
2484.000 0.351
2485.000 0.347
2486.000 0.350
2487.000 0.352
2488.000 0.355
2489.000 0.350
2490.000 0.350
2491.000 0.351
2492.000 0.353
2493.000 0.352
2494.000 0.353
2495.000 0.354
2496.000 0.356
2497.000 0.353
2498.000 0.358
2499.000 0.355
2500.000 0.363
2501.000 0.378
2502.000 0.387
2503.000 0.378
2504.000 0.370
2505.000 0.375
2506.000 0.372
2507.000 0.374
2508.000 0.368
2509.000 0.369
2510.000 0.374
2511.000 0.372
2512.000 0.373
2513.000 0.374
2514.000 0.379
2515.000 0.374
2516.000 0.375
2517.000 0.375
2518.000 0.377
2519.000 0.378
2520.000 0.373
2521.000 0.376
2522.000 0.376
2523.000 0.376
2524.000 0.376
2525.000 0.373
2526.000 0.378
2527.000 0.375
2528.000 0.378
2529.000 0.371
2530.000 0.376
2531.000 0.375
2532.000 0.374
2533.000 0.379
2534.000 0.375
2535.000 0.376
2536.000 0.375
2537.000 0.377
2538.000 0.374
2539.000 0.379
2540.000 0.376
2541.000 0.376
2542.000 0.375
2543.000 0.373
2544.000 0.376
2545.000 0.380
2546.000 0.376
2547.000 0.377
2548.000 0.375
2549.000 0.380
2550.000 0.375
2551.000 0.379
2552.000 0.379
2553.000 0.376
2554.000 0.382
2555.000 0.376
2556.000 0.379
2557.000 0.384
2558.000 0.381
2559.000 0.382
2560.000 0.380
2561.000 0.382
2562.000 0.378
2563.000 0.379
2564.000 0.381
2565.000 0.380
2566.000 0.381
2567.000 0.378
2568.000 0.380
2569.000 0.377
2570.000 0.380
2571.000 0.383
2572.000 0.378
2573.000 0.381
2574.000 0.379
2575.000 0.384
2576.000 0.379
2577.000 0.383
2578.000 0.388
2579.000 0.385
2580.000 0.382
2581.000 0.382
2582.000 0.385
2583.000 0.384
2584.000 0.385
2585.000 0.384
2586.000 0.386
2587.000 0.388
2588.000 0.387
2589.000 0.385
2590.000 0.387
2591.000 0.387
2592.000 0.387
2593.000 0.390
2594.000 0.392
2595.000 0.405
2596.000 0.404
2597.000 0.402
2598.000 0.400
2599.000 0.402
2600.000 0.401
