1801.000 0.005
1802.000 2.424
1803.000 2.443
1804.000 2.457
1805.000 2.454
1806.000 2.463
1807.000 2.446
1808.000 2.443
1809.000 2.451
1810.000 2.461
1811.000 2.507
1812.000 2.515
1813.000 2.519
1814.000 2.612
1815.000 2.617
1816.000 2.592
1817.000 2.580
1818.000 2.579
1819.000 2.592
1820.000 2.604
1821.000 2.606
1822.000 2.595
1823.000 2.585
1824.000 2.593
1825.000 2.591
1826.000 2.596
1827.000 2.582
1828.000 2.596
1829.000 2.612
1830.000 2.614
1831.000 2.564
1832.000 2.523
1833.000 2.522
1834.000 2.479
1835.000 2.417
1836.000 2.358
1837.000 2.311
1838.000 2.277
1839.000 2.227
1840.000 2.177
1841.000 2.152
1842.000 2.111
1843.000 2.078
1844.000 2.044
1845.000 2.072
1846.000 2.066
1847.000 2.061
1848.000 2.049
1849.000 2.037
1850.000 2.028
1851.000 2.023
1852.000 2.020
1853.000 2.019
1854.000 2.003
1855.000 2.020
1856.000 2.004
1857.000 1.976
1858.000 1.942
1859.000 1.969
1860.000 1.887
1861.000 1.800
1862.000 1.750
1863.000 1.654
1864.000 1.613
1865.000 1.521
1866.000 1.458
1867.000 1.390
1868.000 1.333
1869.000 1.282
1870.000 1.257
1871.000 1.257
1872.000 1.256
1873.000 1.258
1874.000 1.264
1875.000 1.264
1876.000 1.271
1877.000 1.268
1878.000 1.271
1879.000 1.276
1880.000 1.272
1881.000 1.280
1882.000 1.286
1883.000 1.294
1884.000 1.293
1885.000 1.295
1886.000 1.301
1887.000 1.300
1888.000 1.306
1889.000 1.305
1890.000 1.307
1891.000 1.305
1892.000 1.308
1893.000 1.315
1894.000 1.313
1895.000 1.322
1896.000 1.318
1897.000 1.329
1898.000 1.333
1899.000 1.332
1900.000 1.336
1901.000 1.334
1902.000 1.338
1903.000 1.334
1904.000 1.340
1905.000 1.345
1906.000 1.348
1907.000 1.348
1908.000 1.351
1909.000 1.355
1910.000 1.357
1911.000 1.360
1912.000 1.363
1913.000 1.364
1914.000 1.360
1915.000 1.364
1916.000 1.376
1917.000 1.375
1918.000 1.375
1919.000 1.382
1920.000 1.388
1921.000 1.383
1922.000 1.388
1923.000 1.393
1924.000 1.395
1925.000 1.396
1926.000 1.399
1927.000 1.406
1928.000 1.408
1929.000 1.408
1930.000 1.410
1931.000 1.414
1932.000 1.413
1933.000 1.421
1934.000 1.428
1935.000 1.441
1936.000 1.446
1937.000 1.449
1938.000 1.447
1939.000 1.448
1940.000 1.460
1941.000 1.459
1942.000 1.460
1943.000 1.461
1944.000 1.464
1945.000 1.470
1946.000 1.469
1947.000 1.483
1948.000 1.522
1949.000 1.516
1950.000 1.529
1951.000 1.550
1952.000 1.549
1953.000 1.534
1954.000 1.533
1955.000 1.540
1956.000 1.560
1957.000 1.542
1958.000 1.543
1959.000 1.606
1960.000 1.569
1961.000 1.561
1962.000 1.552
1963.000 1.575
1964.000 1.577
1965.000 1.597
1966.000 1.579
1967.000 1.603
1968.000 1.664
1969.000 1.682
1970.000 1.648
1971.000 1.679
1972.000 1.661
1973.000 1.647
1974.000 1.632
1975.000 1.647
1976.000 1.656
1977.000 1.671
1978.000 1.681
1979.000 1.668
1980.000 1.703
1981.000 1.688
1982.000 1.742
1983.000 1.714
1984.000 1.715
1985.000 1.768
1986.000 1.756
1987.000 1.750
1988.000 1.798
1989.000 1.836
1990.000 1.808
1991.000 1.780
1992.000 1.812
1993.000 1.825
1994.000 1.827
1995.000 1.828
1996.000 1.838
1997.000 1.841
1998.000 1.871
1999.000 1.876
2000.000 1.925
2001.000 1.910
2002.000 1.909
2003.000 2.002
2004.000 1.964
2005.000 1.951
2006.000 1.980
2007.000 1.985
2008.000 1.981
2009.000 2.024
2010.000 2.026
2011.000 2.010
2012.000 2.038
2013.000 2.048
2014.000 2.057
2015.000 2.064
2016.000 2.071
2017.000 2.139
2018.000 2.134
2019.000 2.139
2020.000 2.155
2021.000 2.167
2022.000 2.201
2023.000 2.206
2024.000 2.233
2025.000 2.260
2026.000 2.273
2027.000 2.304
2028.000 2.327
2029.000 2.344
2030.000 2.381
2031.000 2.414
2032.000 2.442
2033.000 2.481
2034.000 2.506
2035.000 2.518
2036.000 2.570
2037.000 2.592
2038.000 2.620
2039.000 2.655
2040.000 2.698
2041.000 2.734
2042.000 2.781
2043.000 2.815
2044.000 2.875
2045.000 2.917
2046.000 2.961
2047.000 3.012
2048.000 3.042
2049.000 3.098
2050.000 3.156
2051.000 3.213
2052.000 3.276
2053.000 3.344
2054.000 3.403
2055.000 3.475
2056.000 3.567
2057.000 3.633
2058.000 3.723
2059.000 3.770
2060.000 3.856
2061.000 3.954
2062.000 4.056
2063.000 4.158
2064.000 4.274
2065.000 4.392
2066.000 4.518
2067.000 4.653
2068.000 4.799
2069.000 4.955
2070.000 5.117
2071.000 5.208
2072.000 5.390
2073.000 5.597
2074.000 5.813
2075.000 6.045
2076.000 6.293
2077.000 6.561
2078.000 6.849
2079.000 7.179
2080.000 7.516
2081.000 7.884
2082.000 8.291
2083.000 8.728
2084.000 8.966
2085.000 9.464
2086.000 10.023
2087.000 10.583
2088.000 11.161
2089.000 11.964
2090.000 12.583
2091.000 13.158
2092.000 13.656
2093.000 14.024
2094.000 14.333
2095.000 14.419
2096.000 14.377
2097.000 14.138
2098.000 13.691
2099.000 13.114
2100.000 12.427
2101.000 11.709
2102.000 11.053
2103.000 10.356
2104.000 9.754
2105.000 9.148
2106.000 8.607
2107.000 8.354
2108.000 7.890
2109.000 7.468
2110.000 7.076
2111.000 6.722
2112.000 6.402
2113.000 6.109
2114.000 5.837
2115.000 5.577
2116.000 5.348
2117.000 5.128
2118.000 4.929
2119.000 4.740
2120.000 4.651
2121.000 4.487
2122.000 4.323
2123.000 4.179
2124.000 4.042
2125.000 3.915
2126.000 3.794
2127.000 3.679
2128.000 3.567
2129.000 3.472
2130.000 3.377
2131.000 3.288
2132.000 3.240
2133.000 3.156
2134.000 3.085
2135.000 3.006
2136.000 2.937
2137.000 2.866
2138.000 2.796
2139.000 2.735
2140.000 2.672
2141.000 2.619
2142.000 2.569
2143.000 2.513
2144.000 2.471
2145.000 2.445
2146.000 2.397
2147.000 2.350
2148.000 2.308
2149.000 2.268
2150.000 2.230
2151.000 2.193
2152.000 2.180
2153.000 2.168
2154.000 2.133
2155.000 2.108
2156.000 2.098
2157.000 2.040
2158.000 2.003
2159.000 1.960
2160.000 1.919
2161.000 1.882
2162.000 1.847
2163.000 1.815
2164.000 1.784
2165.000 1.760
2166.000 1.733
2167.000 1.709
2168.000 1.688
2169.000 1.675
2170.000 1.656
2171.000 1.634
2172.000 1.617
2173.000 1.600
2174.000 1.585
2175.000 1.569
2176.000 1.559
2177.000 1.551
2178.000 1.533
2179.000 1.521
2180.000 1.512
2181.000 1.507
2182.000 1.495
2183.000 1.489
2184.000 1.484
2185.000 1.475
2186.000 1.474
2187.000 1.468
2188.000 1.469
2189.000 1.469
2190.000 1.470
2191.000 1.467
2192.000 1.466
2193.000 1.467
2194.000 1.470
2195.000 1.471
2196.000 1.471
2197.000 1.478
2198.000 1.486
2199.000 1.492
2200.000 1.498
2201.000 1.506
2202.000 1.515
2203.000 1.518
2204.000 1.516
2205.000 1.519
2206.000 1.526
2207.000 1.527
2208.000 1.541
2209.000 1.554
2210.000 1.560
2211.000 1.566
2212.000 1.571
2213.000 1.587
2214.000 1.604
2215.000 1.619
2216.000 1.624
2217.000 1.631
2218.000 1.652
2219.000 1.671
2220.000 1.687
2221.000 1.703
2222.000 1.723
2223.000 1.738
2224.000 1.756
2225.000 1.776
2226.000 1.802
2227.000 1.828
2228.000 1.854
2229.000 1.884
2230.000 1.896
2231.000 1.920
2232.000 1.953
2233.000 1.995
2234.000 2.031
2235.000 2.080
2236.000 2.119
2237.000 2.163
2238.000 2.218
2239.000 2.271
2240.000 2.341
2241.000 2.406
2242.000 2.440
2243.000 2.508
2244.000 2.591
2245.000 2.666
2246.000 2.768
2247.000 2.872
2248.000 2.975
2249.000 3.095
2250.000 3.226
2251.000 3.372
2252.000 3.532
2253.000 3.696
2254.000 3.803
2255.000 4.003
2256.000 4.231
2257.000 4.485
2258.000 4.765
2259.000 5.090
2260.000 5.418
2261.000 5.775
2262.000 6.153
2263.000 6.543
2264.000 6.897
2265.000 7.194
2266.000 7.323
2267.000 7.480
2268.000 7.513
2269.000 7.384
2270.000 7.195
2271.000 6.758
2272.000 6.296
2273.000 5.772
2274.000 5.286
2275.000 4.849
2276.000 4.517
2277.000 4.173
2278.000 4.011
2279.000 3.710
2280.000 3.444
2281.000 3.249
2282.000 3.042
2283.000 2.853
2284.000 2.681
2285.000 2.534
2286.000 2.395
2287.000 2.322
2288.000 2.199
2289.000 2.086
2290.000 1.988
2291.000 1.937
2292.000 1.874
2293.000 1.800
2294.000 1.712
2295.000 1.658
2296.000 1.600
2297.000 1.533
2298.000 1.477
2299.000 1.422
2300.000 1.373
2301.000 1.329
2302.000 1.293
2303.000 1.271
2304.000 1.235
2305.000 1.199
2306.000 1.166
2307.000 1.122
2308.000 1.077
2309.000 1.037
2310.000 0.998
2311.000 0.959
2312.000 0.945
2313.000 0.925
2314.000 0.913
2315.000 0.879
2316.000 0.840
2317.000 0.833
2318.000 0.810
2319.000 0.776
2320.000 0.753
2321.000 0.727
2322.000 0.709
2323.000 0.690
2324.000 0.687
2325.000 0.668
2326.000 0.652
2327.000 0.648
2328.000 0.640
2329.000 0.621
2330.000 0.607
2331.000 0.593
2332.000 0.575
2333.000 0.567
2334.000 0.552
2335.000 0.544
2336.000 0.536
2337.000 0.525
2338.000 0.518
2339.000 0.512
2340.000 0.508
2341.000 0.500
2342.000 0.494
2343.000 0.489
2344.000 0.482
2345.000 0.477
2346.000 0.469
2347.000 0.465
2348.000 0.459
2349.000 0.458
2350.000 0.453
2351.000 0.447
2352.000 0.444
2353.000 0.438
2354.000 0.432
2355.000 0.430
2356.000 0.424
2357.000 0.423
2358.000 0.417
2359.000 0.415
2360.000 0.410
2361.000 0.407
2362.000 0.405
2363.000 0.403
2364.000 0.399
2365.000 0.396
2366.000 0.393
2367.000 0.391
2368.000 0.385
2369.000 0.383
2370.000 0.378
2371.000 0.378
2372.000 0.374
2373.000 0.372
2374.000 0.371
2375.000 0.369
2376.000 0.367
2377.000 0.365
2378.000 0.362
2379.000 0.362
2380.000 0.360
2381.000 0.356
2382.000 0.355
2383.000 0.354
2384.000 0.349
2385.000 0.349
2386.000 0.350
2387.000 0.348
2388.000 0.348
2389.000 0.347
2390.000 0.345
2391.000 0.343
2392.000 0.342
2393.000 0.339
2394.000 0.341
2395.000 0.338
2396.000 0.336
2397.000 0.334
2398.000 0.333
2399.000 0.334
2400.000 0.333
2401.000 0.331
2402.000 0.328
2403.000 0.329
2404.000 0.327
2405.000 0.325
2406.000 0.325
2407.000 0.323
2408.000 0.323
2409.000 0.323
2410.000 0.322
2411.000 0.322
2412.000 0.319
2413.000 0.320
2414.000 0.319
2415.000 0.319
2416.000 0.318
2417.000 0.318
2418.000 0.315
2419.000 0.316
2420.000 0.315
2421.000 0.316
2422.000 0.314
2423.000 0.318
2424.000 0.315
2425.000 0.316
2426.000 0.315
2427.000 0.316
2428.000 0.315
2429.000 0.314
2430.000 0.315
2431.000 0.312
2432.000 0.311
2433.000 0.312
2434.000 0.309
2435.000 0.310
2436.000 0.307
2437.000 0.311
2438.000 0.311
2439.000 0.311
2440.000 0.310
2441.000 0.310
2442.000 0.312
2443.000 0.311
2444.000 0.310
2445.000 0.310
2446.000 0.310
2447.000 0.309
2448.000 0.311
2449.000 0.314
2450.000 0.310
2451.000 0.310
2452.000 0.312
2453.000 0.316
2454.000 0.314
2455.000 0.312
2456.000 0.312
2457.000 0.314
2458.000 0.314
2459.000 0.313
2460.000 0.315
2461.000 0.312
2462.000 0.314
2463.000 0.318
2464.000 0.318
2465.000 0.316
2466.000 0.315
2467.000 0.319
2468.000 0.319
2469.000 0.320
2470.000 0.319
2471.000 0.317
2472.000 0.319
2473.000 0.321
2474.000 0.321
2475.000 0.321
2476.000 0.320
2477.000 0.323
2478.000 0.327
2479.000 0.328
2480.000 0.327
2481.000 0.327
2482.000 0.329
2483.000 0.329
2484.000 0.330
2485.000 0.331
2486.000 0.333
2487.000 0.332
2488.000 0.335
2489.000 0.334
2490.000 0.336
2491.000 0.336
2492.000 0.335
2493.000 0.339
2494.000 0.339
2495.000 0.343
2496.000 0.343
2497.000 0.344
2498.000 0.342
2499.000 0.348
2500.000 0.346
2501.000 0.345
2502.000 0.350
2503.000 0.350
2504.000 0.350
2505.000 0.351
2506.000 0.351
2507.000 0.356
2508.000 0.354
2509.000 0.355
2510.000 0.356
2511.000 0.355
2512.000 0.353
2513.000 0.355
2514.000 0.355
2515.000 0.353
2516.000 0.351
2517.000 0.354
2518.000 0.355
2519.000 0.358
2520.000 0.355
2521.000 0.356
2522.000 0.356
2523.000 0.356
2524.000 0.355
2525.000 0.353
2526.000 0.353
2527.000 0.353
2528.000 0.358
2529.000 0.358
2530.000 0.356
2531.000 0.354
2532.000 0.354
2533.000 0.353
2534.000 0.355
2535.000 0.355
2536.000 0.353
2537.000 0.354
2538.000 0.353
2539.000 0.355
2540.000 0.356
2541.000 0.356
2542.000 0.357
2543.000 0.352
2544.000 0.354
2545.000 0.353
2546.000 0.355
2547.000 0.354
2548.000 0.357
2549.000 0.356
2550.000 0.352
2551.000 0.353
2552.000 0.354
2553.000 0.354
2554.000 0.355
2555.000 0.358
2556.000 0.357
2557.000 0.355
2558.000 0.353
2559.000 0.353
2560.000 0.356
2561.000 0.353
2562.000 0.355
2563.000 0.359
2564.000 0.356
2565.000 0.362
2566.000 0.357
2567.000 0.361
2568.000 0.357
2569.000 0.357
2570.000 0.358
2571.000 0.356
2572.000 0.393
2573.000 0.393
2574.000 0.381
2575.000 0.375
2576.000 0.368
2577.000 0.366
2578.000 0.366
2579.000 0.369
2580.000 0.367
2581.000 0.377
2582.000 0.388
2583.000 0.390
2584.000 0.387
2585.000 0.378
2586.000 0.370
2587.000 0.366
2588.000 0.363
2589.000 0.379
2590.000 0.383
2591.000 0.376
2592.000 0.370
2593.000 0.368
2594.000 0.366
2595.000 0.365
2596.000 0.363
2597.000 0.362
2598.000 0.366
2599.000 0.358
2600.000 0.361
