1801.000 0.002
1802.000 2.493
1803.000 2.584
1804.000 2.535
1805.000 2.455
1806.000 2.459
1807.000 2.460
1808.000 2.502
1809.000 2.527
1810.000 2.530
1811.000 2.513
1812.000 2.525
1813.000 2.560
1814.000 2.599
1815.000 2.586
1816.000 2.581
1817.000 2.602
1818.000 2.625
1819.000 2.623
1820.000 2.643
1821.000 2.676
1822.000 2.692
1823.000 2.662
1824.000 2.655
1825.000 2.679
1826.000 2.676
1827.000 2.653
1828.000 2.608
1829.000 2.595
1830.000 2.589
1831.000 2.550
1832.000 2.451
1833.000 2.380
1834.000 2.341
1835.000 2.263
1836.000 2.219
1837.000 2.234
1838.000 2.250
1839.000 2.194
1840.000 2.164
1841.000 2.126
1842.000 2.094
1843.000 2.076
1844.000 2.063
1845.000 2.057
1846.000 2.062
1847.000 2.057
1848.000 2.049
1849.000 2.034
1850.000 2.020
1851.000 2.008
1852.000 1.977
1853.000 1.964
1854.000 1.923
1855.000 1.881
1856.000 1.817
1857.000 1.752
1858.000 1.686
1859.000 1.611
1860.000 1.533
1861.000 1.463
1862.000 1.394
1863.000 1.335
1864.000 1.287
1865.000 1.271
1866.000 1.270
1867.000 1.272
1868.000 1.277
1869.000 1.283
1870.000 1.282
1871.000 1.288
1872.000 1.296
1873.000 1.295
1874.000 1.300
1875.000 1.302
1876.000 1.305
1877.000 1.313
1878.000 1.315
1879.000 1.317
1880.000 1.320
1881.000 1.336
1882.000 1.328
1883.000 1.330
1884.000 1.333
1885.000 1.340
1886.000 1.346
1887.000 1.348
1888.000 1.349
1889.000 1.346
1890.000 1.349
1891.000 1.348
1892.000 1.355
1893.000 1.359
1894.000 1.361
1895.000 1.366
1896.000 1.360
1897.000 1.366
1898.000 1.375
1899.000 1.371
1900.000 1.378
1901.000 1.379
1902.000 1.383
1903.000 1.387
1904.000 1.396
1905.000 1.394
1906.000 1.394
1907.000 1.398
1908.000 1.401
1909.000 1.408
1910.000 1.403
1911.000 1.403
1912.000 1.415
1913.000 1.413
1914.000 1.413
1915.000 1.417
1916.000 1.416
1917.000 1.430
1918.000 1.429
1919.000 1.433
1920.000 1.435
1921.000 1.441
1922.000 1.438
1923.000 1.441
1924.000 1.448
1925.000 1.449
1926.000 1.449
1927.000 1.452
1928.000 1.457
1929.000 1.458
1930.000 1.465
1931.000 1.462
1932.000 1.468
1933.000 1.478
1934.000 1.482
1935.000 1.483
1936.000 1.486
1937.000 1.486
1938.000 1.487
1939.000 1.495
1940.000 1.501
1941.000 1.510
1942.000 1.508
1943.000 1.518
1944.000 1.530
1945.000 1.536
1946.000 1.541
1947.000 1.534
1948.000 1.543
1949.000 1.542
1950.000 1.546
1951.000 1.568
1952.000 1.566
1953.000 1.564
1954.000 1.567
1955.000 1.568
1956.000 1.587
1957.000 1.591
1958.000 1.595
1959.000 1.606
1960.000 1.606
1961.000 1.614
1962.000 1.620
1963.000 1.642
1964.000 1.647
1965.000 1.645
1966.000 1.639
1967.000 1.695
1968.000 1.692
1969.000 1.675
1970.000 1.664
1971.000 1.666
1972.000 1.663
1973.000 1.668
1974.000 1.683
1975.000 1.693
1976.000 1.691
1977.000 1.690
1978.000 1.701
1979.000 1.699
1980.000 1.722
1981.000 1.745
1982.000 1.763
1983.000 1.745
1984.000 1.745
1985.000 1.756
1986.000 1.776
1987.000 1.776
1988.000 1.786
1989.000 1.804
1990.000 1.805
1991.000 1.800
1992.000 1.814
1993.000 1.815
1994.000 1.833
1995.000 1.843
1996.000 1.861
1997.000 1.860
1998.000 1.873
1999.000 1.892
2000.000 1.927
2001.000 1.937
2002.000 1.944
2003.000 1.953
2004.000 1.959
2005.000 1.960
2006.000 1.977
2007.000 2.005
2008.000 2.006
2009.000 2.010
2010.000 2.047
2011.000 2.034
2012.000 2.066
2013.000 2.067
2014.000 2.083
2015.000 2.115
2016.000 2.135
2017.000 2.152
2018.000 2.169
2019.000 2.193
2020.000 2.199
2021.000 2.219
2022.000 2.243
2023.000 2.277
2024.000 2.261
2025.000 2.328
2026.000 2.337
2027.000 2.371
2028.000 2.376
2029.000 2.413
2030.000 2.441
2031.000 2.455
2032.000 2.487
2033.000 2.520
2034.000 2.545
2035.000 2.587
2036.000 2.618
2037.000 2.662
2038.000 2.688
2039.000 2.712
2040.000 2.761
2041.000 2.796
2042.000 2.832
2043.000 2.884
2044.000 2.939
2045.000 2.966
2046.000 3.032
2047.000 3.086
2048.000 3.144
2049.000 3.152
2050.000 3.229
2051.000 3.272
2052.000 3.329
2053.000 3.396
2054.000 3.469
2055.000 3.542
2056.000 3.616
2057.000 3.710
2058.000 3.780
2059.000 3.885
2060.000 3.932
2061.000 4.020
2062.000 4.110
2063.000 4.226
2064.000 4.339
2065.000 4.454
2066.000 4.593
2067.000 4.725
2068.000 5.078
2069.000 5.177
2070.000 5.243
2071.000 5.414
2072.000 5.613
2073.000 5.683
2074.000 5.882
2075.000 6.126
2076.000 6.367
2077.000 6.626
2078.000 6.913
2079.000 7.224
2080.000 7.563
2081.000 7.941
2082.000 8.353
2083.000 8.796
2084.000 9.269
2085.000 9.522
2086.000 10.038
2087.000 10.659
2088.000 11.258
2089.000 11.895
2090.000 12.514
2091.000 13.160
2092.000 13.690
2093.000 14.150
2094.000 14.480
2095.000 14.629
2096.000 14.618
2097.000 14.440
2098.000 14.036
2099.000 13.440
2100.000 12.739
2101.000 12.019
2102.000 11.227
2103.000 10.490
2104.000 9.944
2105.000 9.324
2106.000 8.758
2107.000 8.230
2108.000 7.770
2109.000 7.536
2110.000 7.154
2111.000 6.607
2112.000 6.442
2113.000 6.139
2114.000 5.858
2115.000 5.599
2116.000 5.356
2117.000 5.138
2118.000 4.933
2119.000 4.761
2120.000 4.569
2121.000 4.482
2122.000 4.314
2123.000 4.163
2124.000 4.038
2125.000 3.908
2126.000 3.773
2127.000 3.659
2128.000 3.554
2129.000 3.452
2130.000 3.358
2131.000 3.268
2132.000 3.172
2133.000 3.091
2134.000 3.052
2135.000 2.983
2136.000 2.910
2137.000 2.833
2138.000 2.771
2139.000 2.706
2140.000 2.642
2141.000 2.587
2142.000 2.530
2143.000 2.478
2144.000 2.431
2145.000 2.405
2146.000 2.349
2147.000 2.307
2148.000 2.275
2149.000 2.234
2150.000 2.189
2151.000 2.146
2152.000 2.090
2153.000 2.046
2154.000 1.997
2155.000 1.951
2156.000 1.905
2157.000 1.883
2158.000 1.842
2159.000 1.807
2160.000 1.784
2161.000 1.748
2162.000 1.707
2163.000 1.677
2164.000 1.648
2165.000 1.622
2166.000 1.596
2167.000 1.581
2168.000 1.554
2169.000 1.529
2170.000 1.523
2171.000 1.507
2172.000 1.486
2173.000 1.459
2174.000 1.451
2175.000 1.433
2176.000 1.432
2177.000 1.417
2178.000 1.404
2179.000 1.390
2180.000 1.376
2181.000 1.364
2182.000 1.358
2183.000 1.349
2184.000 1.344
2185.000 1.338
2186.000 1.331
2187.000 1.320
2188.000 1.318
2189.000 1.315
2190.000 1.309
2191.000 1.306
2192.000 1.310
2193.000 1.307
2194.000 1.305
2195.000 1.306
2196.000 1.306
2197.000 1.303
2198.000 1.323
2199.000 1.347
2200.000 1.390
2201.000 1.395
2202.000 1.373
2203.000 1.362
2204.000 1.365
2205.000 1.370
2206.000 1.374
2207.000 1.377
2208.000 1.384
2209.000 1.387
2210.000 1.398
2211.000 1.411
2212.000 1.425
2213.000 1.486
2214.000 1.552
2215.000 1.608
2216.000 1.577
2217.000 1.564
2218.000 1.574
2219.000 1.572
2220.000 1.565
2221.000 1.563
2222.000 1.564
2223.000 1.622
2224.000 1.656
2225.000 1.657
2226.000 1.661
2227.000 1.670
2228.000 1.686
2229.000 1.708
2230.000 1.730
2231.000 1.745
2232.000 1.771
2233.000 1.801
2234.000 1.836
2235.000 1.875
2236.000 1.913
2237.000 1.956
2238.000 2.004
2239.000 2.054
2240.000 2.102
2241.000 2.170
2242.000 2.269
2243.000 2.350
2244.000 2.408
2245.000 2.502
2246.000 2.555
2247.000 2.630
2248.000 2.722
2249.000 2.816
2250.000 2.930
2251.000 3.057
2252.000 3.199
2253.000 3.360
2254.000 3.532
2255.000 3.624
2256.000 3.826
2257.000 4.037
2258.000 4.290
2259.000 4.563
2260.000 4.870
2261.000 5.217
2262.000 5.568
2263.000 5.930
2264.000 6.250
2265.000 6.543
2266.000 6.855
2267.000 6.926
2268.000 6.903
2269.000 6.732
2270.000 6.432
2271.000 6.030
2272.000 5.641
2273.000 5.163
2274.000 4.702
2275.000 4.367
2276.000 4.007
2277.000 3.694
2278.000 3.411
2279.000 3.153
2280.000 3.041
2281.000 2.827
2282.000 2.647
2283.000 2.484
2284.000 2.336
2285.000 2.199
2286.000 2.085
2287.000 1.983
2288.000 1.889
2289.000 1.801
2290.000 1.719
2291.000 1.683
2292.000 1.613
2293.000 1.537
2294.000 1.480
2295.000 1.421
2296.000 1.370
2297.000 1.331
2298.000 1.282
2299.000 1.239
2300.000 1.203
2301.000 1.168
2302.000 1.127
2303.000 1.107
2304.000 1.078
2305.000 1.045
2306.000 1.002
2307.000 0.965
2308.000 0.930
2309.000 0.891
2310.000 0.860
2311.000 0.826
2312.000 0.798
2313.000 0.775
2314.000 0.754
2315.000 0.728
2316.000 0.715
2317.000 0.695
2318.000 0.675
2319.000 0.657
2320.000 0.642
2321.000 0.628
2322.000 0.610
2323.000 0.599
2324.000 0.586
2325.000 0.575
2326.000 0.564
2327.000 0.549
2328.000 0.545
2329.000 0.533
2330.000 0.526
2331.000 0.513
2332.000 0.506
2333.000 0.500
2334.000 0.491
2335.000 0.483
2336.000 0.475
2337.000 0.468
2338.000 0.460
2339.000 0.459
2340.000 0.452
2341.000 0.448
2342.000 0.442
2343.000 0.440
2344.000 0.432
2345.000 0.426
2346.000 0.423
2347.000 0.418
2348.000 0.413
2349.000 0.410
2350.000 0.405
2351.000 0.399
2352.000 0.399
2353.000 0.395
2354.000 0.393
2355.000 0.389
2356.000 0.383
2357.000 0.380
2358.000 0.378
2359.000 0.374
2360.000 0.375
2361.000 0.372
2362.000 0.369
2363.000 0.370
2364.000 0.364
2365.000 0.364
2366.000 0.360
2367.000 0.354
2368.000 0.353
2369.000 0.349
2370.000 0.347
2371.000 0.344
2372.000 0.343
2373.000 0.345
2374.000 0.342
2375.000 0.341
2376.000 0.337
2377.000 0.337
2378.000 0.334
2379.000 0.334
2380.000 0.334
2381.000 0.333
2382.000 0.330
2383.000 0.328
2384.000 0.324
2385.000 0.322
2386.000 0.320
2387.000 0.321
2388.000 0.318
2389.000 0.318
2390.000 0.317
2391.000 0.319
2392.000 0.319
2393.000 0.316
2394.000 0.317
2395.000 0.314
2396.000 0.311
2397.000 0.310
2398.000 0.311
2399.000 0.314
2400.000 0.333
2401.000 0.331
2402.000 0.351
2403.000 0.365
2404.000 0.351
2405.000 0.344
2406.000 0.342
2407.000 0.341
2408.000 0.333
2409.000 0.334
2410.000 0.329
2411.000 0.318
2412.000 0.310
2413.000 0.307
2414.000 0.301
2415.000 0.299
2416.000 0.297
2417.000 0.296
2418.000 0.294
2419.000 0.296
2420.000 0.294
2421.000 0.296
2422.000 0.296
2423.000 0.293
2424.000 0.294
2425.000 0.293
2426.000 0.292
2427.000 0.296
2428.000 0.294
2429.000 0.294
2430.000 0.291
2431.000 0.292
2432.000 0.290
2433.000 0.293
2434.000 0.294
2435.000 0.292
2436.000 0.291
2437.000 0.293
2438.000 0.292
2439.000 0.292
2440.000 0.296
2441.000 0.295
2442.000 0.293
2443.000 0.296
2444.000 0.294
2445.000 0.293
2446.000 0.292
2447.000 0.291
2448.000 0.297
2449.000 0.294
2450.000 0.296
2451.000 0.295
2452.000 0.296
2453.000 0.298
2454.000 0.296
2455.000 0.299
2456.000 0.300
2457.000 0.300
2458.000 0.299
2459.000 0.301
2460.000 0.298
2461.000 0.301
2462.000 0.301
2463.000 0.305
2464.000 0.300
2465.000 0.302
2466.000 0.303
2467.000 0.304
2468.000 0.306
2469.000 0.305
2470.000 0.304
2471.000 0.305
2472.000 0.309
2473.000 0.309
2474.000 0.309
2475.000 0.310
2476.000 0.311
2477.000 0.310
2478.000 0.312
2479.000 0.314
2480.000 0.314
2481.000 0.315
2482.000 0.316
2483.000 0.316
2484.000 0.319
2485.000 0.318
2486.000 0.320
2487.000 0.324
2488.000 0.322
2489.000 0.323
2490.000 0.322
2491.000 0.325
2492.000 0.329
2493.000 0.326
2494.000 0.326
2495.000 0.330
2496.000 0.332
2497.000 0.329
2498.000 0.331
2499.000 0.330
2500.000 0.328
2501.000 0.330
2502.000 0.333
2503.000 0.334
2504.000 0.333
2505.000 0.334
2506.000 0.338
2507.000 0.339
2508.000 0.339
2509.000 0.333
2510.000 0.338
2511.000 0.332
2512.000 0.335
2513.000 0.340
2514.000 0.336
2515.000 0.333
2516.000 0.331
2517.000 0.337
2518.000 0.335
2519.000 0.335
2520.000 0.337
2521.000 0.333
2522.000 0.331
2523.000 0.331
2524.000 0.331
2525.000 0.336
2526.000 0.335
2527.000 0.334
2528.000 0.333
2529.000 0.334
2530.000 0.333
2531.000 0.334
2532.000 0.334
2533.000 0.335
2534.000 0.334
2535.000 0.334
2536.000 0.335
2537.000 0.335
2538.000 0.331
2539.000 0.332
2540.000 0.331
2541.000 0.332
2542.000 0.335
2543.000 0.336
2544.000 0.338
2545.000 0.336
2546.000 0.335
2547.000 0.333
2548.000 0.335
2549.000 0.333
2550.000 0.338
2551.000 0.336
2552.000 0.334
2553.000 0.332
2554.000 0.332
2555.000 0.332
2556.000 0.330
2557.000 0.336
2558.000 0.337
2559.000 0.336
2560.000 0.332
2561.000 0.331
2562.000 0.331
2563.000 0.335
2564.000 0.335
2565.000 0.335
2566.000 0.334
2567.000 0.334
2568.000 0.333
2569.000 0.333
2570.000 0.338
2571.000 0.339
2572.000 0.337
2573.000 0.338
2574.000 0.338
2575.000 0.335
2576.000 0.339
2577.000 0.336
2578.000 0.337
2579.000 0.341
2580.000 0.335
2581.000 0.339
2582.000 0.340
2583.000 0.338
2584.000 0.340
2585.000 0.337
2586.000 0.336
2587.000 0.340
2588.000 0.342
2589.000 0.338
2590.000 0.340
2591.000 0.340
2592.000 0.341
2593.000 0.340
2594.000 0.337
2595.000 0.338
2596.000 0.340
2597.000 0.341
2598.000 0.344
2599.000 0.343
2600.000 0.341
